name;frameTime;audspec_lengthL1norm_sma_range;audspec_lengthL1norm_sma_maxPos;audspec_lengthL1norm_sma_minPos;audspec_lengthL1norm_sma_quartile1;audspec_lengthL1norm_sma_quartile2;audspec_lengthL1norm_sma_quartile3;audspec_lengthL1norm_sma_iqr1-2;audspec_lengthL1norm_sma_iqr2-3;audspec_lengthL1norm_sma_iqr1-3;audspec_lengthL1norm_sma_percentile1.0;audspec_lengthL1norm_sma_percentile99.0;audspec_lengthL1norm_sma_pctlrange0-1;audspec_lengthL1norm_sma_stddev;audspec_lengthL1norm_sma_skewness;audspec_lengthL1norm_sma_kurtosis;audspec_lengthL1norm_sma_meanSegLen;audspec_lengthL1norm_sma_maxSegLen;audspec_lengthL1norm_sma_minSegLen;audspec_lengthL1norm_sma_segLenStddev;audspec_lengthL1norm_sma_upleveltime25;audspec_lengthL1norm_sma_upleveltime50;audspec_lengthL1norm_sma_upleveltime75;audspec_lengthL1norm_sma_upleveltime90;audspec_lengthL1norm_sma_risetime;audspec_lengthL1norm_sma_leftctime;audspec_lengthL1norm_sma_lpgain;audspec_lengthL1norm_sma_lpc0;audspec_lengthL1norm_sma_lpc1;audspec_lengthL1norm_sma_lpc2;audspec_lengthL1norm_sma_lpc3;audspec_lengthL1norm_sma_lpc4;audspecRasta_lengthL1norm_sma_range;audspecRasta_lengthL1norm_sma_maxPos;audspecRasta_lengthL1norm_sma_minPos;audspecRasta_lengthL1norm_sma_quartile1;audspecRasta_lengthL1norm_sma_quartile2;audspecRasta_lengthL1norm_sma_quartile3;audspecRasta_lengthL1norm_sma_iqr1-2;audspecRasta_lengthL1norm_sma_iqr2-3;audspecRasta_lengthL1norm_sma_iqr1-3;audspecRasta_lengthL1norm_sma_percentile1.0;audspecRasta_lengthL1norm_sma_percentile99.0;audspecRasta_lengthL1norm_sma_pctlrange0-1;audspecRasta_lengthL1norm_sma_stddev;audspecRasta_lengthL1norm_sma_skewness;audspecRasta_lengthL1norm_sma_kurtosis;audspecRasta_lengthL1norm_sma_meanSegLen;audspecRasta_lengthL1norm_sma_maxSegLen;audspecRasta_lengthL1norm_sma_minSegLen;audspecRasta_lengthL1norm_sma_segLenStddev;audspecRasta_lengthL1norm_sma_upleveltime25;audspecRasta_lengthL1norm_sma_upleveltime50;audspecRasta_lengthL1norm_sma_upleveltime75;audspecRasta_lengthL1norm_sma_upleveltime90;audspecRasta_lengthL1norm_sma_risetime;audspecRasta_lengthL1norm_sma_leftctime;audspecRasta_lengthL1norm_sma_lpgain;audspecRasta_lengthL1norm_sma_lpc0;audspecRasta_lengthL1norm_sma_lpc1;audspecRasta_lengthL1norm_sma_lpc2;audspecRasta_lengthL1norm_sma_lpc3;audspecRasta_lengthL1norm_sma_lpc4;pcm_RMSenergy_sma_range;pcm_RMSenergy_sma_maxPos;pcm_RMSenergy_sma_minPos;pcm_RMSenergy_sma_quartile1;pcm_RMSenergy_sma_quartile2;pcm_RMSenergy_sma_quartile3;pcm_RMSenergy_sma_iqr1-2;pcm_RMSenergy_sma_iqr2-3;pcm_RMSenergy_sma_iqr1-3;pcm_RMSenergy_sma_percentile1.0;pcm_RMSenergy_sma_percentile99.0;pcm_RMSenergy_sma_pctlrange0-1;pcm_RMSenergy_sma_stddev;pcm_RMSenergy_sma_skewness;pcm_RMSenergy_sma_kurtosis;pcm_RMSenergy_sma_meanSegLen;pcm_RMSenergy_sma_maxSegLen;pcm_RMSenergy_sma_minSegLen;pcm_RMSenergy_sma_segLenStddev;pcm_RMSenergy_sma_upleveltime25;pcm_RMSenergy_sma_upleveltime50;pcm_RMSenergy_sma_upleveltime75;pcm_RMSenergy_sma_upleveltime90;pcm_RMSenergy_sma_risetime;pcm_RMSenergy_sma_leftctime;pcm_RMSenergy_sma_lpgain;pcm_RMSenergy_sma_lpc0;pcm_RMSenergy_sma_lpc1;pcm_RMSenergy_sma_lpc2;pcm_RMSenergy_sma_lpc3;pcm_RMSenergy_sma_lpc4;pcm_zcr_sma_range;pcm_zcr_sma_maxPos;pcm_zcr_sma_minPos;pcm_zcr_sma_quartile1;pcm_zcr_sma_quartile2;pcm_zcr_sma_quartile3;pcm_zcr_sma_iqr1-2;pcm_zcr_sma_iqr2-3;pcm_zcr_sma_iqr1-3;pcm_zcr_sma_percentile1.0;pcm_zcr_sma_percentile99.0;pcm_zcr_sma_pctlrange0-1;pcm_zcr_sma_stddev;pcm_zcr_sma_skewness;pcm_zcr_sma_kurtosis;pcm_zcr_sma_meanSegLen;pcm_zcr_sma_maxSegLen;pcm_zcr_sma_minSegLen;pcm_zcr_sma_segLenStddev;pcm_zcr_sma_upleveltime25;pcm_zcr_sma_upleveltime50;pcm_zcr_sma_upleveltime75;pcm_zcr_sma_upleveltime90;pcm_zcr_sma_risetime;pcm_zcr_sma_leftctime;pcm_zcr_sma_lpgain;pcm_zcr_sma_lpc0;pcm_zcr_sma_lpc1;pcm_zcr_sma_lpc2;pcm_zcr_sma_lpc3;pcm_zcr_sma_lpc4;audspec_lengthL1norm_sma_de_range;audspec_lengthL1norm_sma_de_maxPos;audspec_lengthL1norm_sma_de_minPos;audspec_lengthL1norm_sma_de_quartile1;audspec_lengthL1norm_sma_de_quartile2;audspec_lengthL1norm_sma_de_quartile3;audspec_lengthL1norm_sma_de_iqr1-2;audspec_lengthL1norm_sma_de_iqr2-3;audspec_lengthL1norm_sma_de_iqr1-3;audspec_lengthL1norm_sma_de_percentile1.0;audspec_lengthL1norm_sma_de_percentile99.0;audspec_lengthL1norm_sma_de_pctlrange0-1;audspec_lengthL1norm_sma_de_stddev;audspec_lengthL1norm_sma_de_skewness;audspec_lengthL1norm_sma_de_kurtosis;audspec_lengthL1norm_sma_de_meanSegLen;audspec_lengthL1norm_sma_de_maxSegLen;audspec_lengthL1norm_sma_de_minSegLen;audspec_lengthL1norm_sma_de_segLenStddev;audspec_lengthL1norm_sma_de_upleveltime25;audspec_lengthL1norm_sma_de_upleveltime50;audspec_lengthL1norm_sma_de_upleveltime75;audspec_lengthL1norm_sma_de_upleveltime90;audspec_lengthL1norm_sma_de_risetime;audspec_lengthL1norm_sma_de_leftctime;audspec_lengthL1norm_sma_de_lpgain;audspec_lengthL1norm_sma_de_lpc0;audspec_lengthL1norm_sma_de_lpc1;audspec_lengthL1norm_sma_de_lpc2;audspec_lengthL1norm_sma_de_lpc3;audspec_lengthL1norm_sma_de_lpc4;audspecRasta_lengthL1norm_sma_de_range;audspecRasta_lengthL1norm_sma_de_maxPos;audspecRasta_lengthL1norm_sma_de_minPos;audspecRasta_lengthL1norm_sma_de_quartile1;audspecRasta_lengthL1norm_sma_de_quartile2;audspecRasta_lengthL1norm_sma_de_quartile3;audspecRasta_lengthL1norm_sma_de_iqr1-2;audspecRasta_lengthL1norm_sma_de_iqr2-3;audspecRasta_lengthL1norm_sma_de_iqr1-3;audspecRasta_lengthL1norm_sma_de_percentile1.0;audspecRasta_lengthL1norm_sma_de_percentile99.0;audspecRasta_lengthL1norm_sma_de_pctlrange0-1;audspecRasta_lengthL1norm_sma_de_stddev;audspecRasta_lengthL1norm_sma_de_skewness;audspecRasta_lengthL1norm_sma_de_kurtosis;audspecRasta_lengthL1norm_sma_de_meanSegLen;audspecRasta_lengthL1norm_sma_de_maxSegLen;audspecRasta_lengthL1norm_sma_de_minSegLen;audspecRasta_lengthL1norm_sma_de_segLenStddev;audspecRasta_lengthL1norm_sma_de_upleveltime25;audspecRasta_lengthL1norm_sma_de_upleveltime50;audspecRasta_lengthL1norm_sma_de_upleveltime75;audspecRasta_lengthL1norm_sma_de_upleveltime90;audspecRasta_lengthL1norm_sma_de_risetime;audspecRasta_lengthL1norm_sma_de_leftctime;audspecRasta_lengthL1norm_sma_de_lpgain;audspecRasta_lengthL1norm_sma_de_lpc0;audspecRasta_lengthL1norm_sma_de_lpc1;audspecRasta_lengthL1norm_sma_de_lpc2;audspecRasta_lengthL1norm_sma_de_lpc3;audspecRasta_lengthL1norm_sma_de_lpc4;pcm_RMSenergy_sma_de_range;pcm_RMSenergy_sma_de_maxPos;pcm_RMSenergy_sma_de_minPos;pcm_RMSenergy_sma_de_quartile1;pcm_RMSenergy_sma_de_quartile2;pcm_RMSenergy_sma_de_quartile3;pcm_RMSenergy_sma_de_iqr1-2;pcm_RMSenergy_sma_de_iqr2-3;pcm_RMSenergy_sma_de_iqr1-3;pcm_RMSenergy_sma_de_percentile1.0;pcm_RMSenergy_sma_de_percentile99.0;pcm_RMSenergy_sma_de_pctlrange0-1;pcm_RMSenergy_sma_de_stddev;pcm_RMSenergy_sma_de_skewness;pcm_RMSenergy_sma_de_kurtosis;pcm_RMSenergy_sma_de_meanSegLen;pcm_RMSenergy_sma_de_maxSegLen;pcm_RMSenergy_sma_de_minSegLen;pcm_RMSenergy_sma_de_segLenStddev;pcm_RMSenergy_sma_de_upleveltime25;pcm_RMSenergy_sma_de_upleveltime50;pcm_RMSenergy_sma_de_upleveltime75;pcm_RMSenergy_sma_de_upleveltime90;pcm_RMSenergy_sma_de_risetime;pcm_RMSenergy_sma_de_leftctime;pcm_RMSenergy_sma_de_lpgain;pcm_RMSenergy_sma_de_lpc0;pcm_RMSenergy_sma_de_lpc1;pcm_RMSenergy_sma_de_lpc2;pcm_RMSenergy_sma_de_lpc3;pcm_RMSenergy_sma_de_lpc4;pcm_zcr_sma_de_range;pcm_zcr_sma_de_maxPos;pcm_zcr_sma_de_minPos;pcm_zcr_sma_de_quartile1;pcm_zcr_sma_de_quartile2;pcm_zcr_sma_de_quartile3;pcm_zcr_sma_de_iqr1-2;pcm_zcr_sma_de_iqr2-3;pcm_zcr_sma_de_iqr1-3;pcm_zcr_sma_de_percentile1.0;pcm_zcr_sma_de_percentile99.0;pcm_zcr_sma_de_pctlrange0-1;pcm_zcr_sma_de_stddev;pcm_zcr_sma_de_skewness;pcm_zcr_sma_de_kurtosis;pcm_zcr_sma_de_meanSegLen;pcm_zcr_sma_de_maxSegLen;pcm_zcr_sma_de_minSegLen;pcm_zcr_sma_de_segLenStddev;pcm_zcr_sma_de_upleveltime25;pcm_zcr_sma_de_upleveltime50;pcm_zcr_sma_de_upleveltime75;pcm_zcr_sma_de_upleveltime90;pcm_zcr_sma_de_risetime;pcm_zcr_sma_de_leftctime;pcm_zcr_sma_de_lpgain;pcm_zcr_sma_de_lpc0;pcm_zcr_sma_de_lpc1;pcm_zcr_sma_de_lpc2;pcm_zcr_sma_de_lpc3;pcm_zcr_sma_de_lpc4;audSpec_Rfilt_sma[0]_range;audSpec_Rfilt_sma[0]_maxPos;audSpec_Rfilt_sma[0]_minPos;audSpec_Rfilt_sma[0]_quartile1;audSpec_Rfilt_sma[0]_quartile2;audSpec_Rfilt_sma[0]_quartile3;audSpec_Rfilt_sma[0]_iqr1-2;audSpec_Rfilt_sma[0]_iqr2-3;audSpec_Rfilt_sma[0]_iqr1-3;audSpec_Rfilt_sma[0]_percentile1.0;audSpec_Rfilt_sma[0]_percentile99.0;audSpec_Rfilt_sma[0]_pctlrange0-1;audSpec_Rfilt_sma[0]_stddev;audSpec_Rfilt_sma[0]_skewness;audSpec_Rfilt_sma[0]_kurtosis;audSpec_Rfilt_sma[0]_meanSegLen;audSpec_Rfilt_sma[0]_maxSegLen;audSpec_Rfilt_sma[0]_minSegLen;audSpec_Rfilt_sma[0]_segLenStddev;audSpec_Rfilt_sma[0]_upleveltime25;audSpec_Rfilt_sma[0]_upleveltime50;audSpec_Rfilt_sma[0]_upleveltime75;audSpec_Rfilt_sma[0]_upleveltime90;audSpec_Rfilt_sma[0]_risetime;audSpec_Rfilt_sma[0]_leftctime;audSpec_Rfilt_sma[0]_lpgain;audSpec_Rfilt_sma[0]_lpc0;audSpec_Rfilt_sma[0]_lpc1;audSpec_Rfilt_sma[0]_lpc2;audSpec_Rfilt_sma[0]_lpc3;audSpec_Rfilt_sma[0]_lpc4;audSpec_Rfilt_sma[1]_range;audSpec_Rfilt_sma[1]_maxPos;audSpec_Rfilt_sma[1]_minPos;audSpec_Rfilt_sma[1]_quartile1;audSpec_Rfilt_sma[1]_quartile2;audSpec_Rfilt_sma[1]_quartile3;audSpec_Rfilt_sma[1]_iqr1-2;audSpec_Rfilt_sma[1]_iqr2-3;audSpec_Rfilt_sma[1]_iqr1-3;audSpec_Rfilt_sma[1]_percentile1.0;audSpec_Rfilt_sma[1]_percentile99.0;audSpec_Rfilt_sma[1]_pctlrange0-1;audSpec_Rfilt_sma[1]_stddev;audSpec_Rfilt_sma[1]_skewness;audSpec_Rfilt_sma[1]_kurtosis;audSpec_Rfilt_sma[1]_meanSegLen;audSpec_Rfilt_sma[1]_maxSegLen;audSpec_Rfilt_sma[1]_minSegLen;audSpec_Rfilt_sma[1]_segLenStddev;audSpec_Rfilt_sma[1]_upleveltime25;audSpec_Rfilt_sma[1]_upleveltime50;audSpec_Rfilt_sma[1]_upleveltime75;audSpec_Rfilt_sma[1]_upleveltime90;audSpec_Rfilt_sma[1]_risetime;audSpec_Rfilt_sma[1]_leftctime;audSpec_Rfilt_sma[1]_lpgain;audSpec_Rfilt_sma[1]_lpc0;audSpec_Rfilt_sma[1]_lpc1;audSpec_Rfilt_sma[1]_lpc2;audSpec_Rfilt_sma[1]_lpc3;audSpec_Rfilt_sma[1]_lpc4;audSpec_Rfilt_sma[2]_range;audSpec_Rfilt_sma[2]_maxPos;audSpec_Rfilt_sma[2]_minPos;audSpec_Rfilt_sma[2]_quartile1;audSpec_Rfilt_sma[2]_quartile2;audSpec_Rfilt_sma[2]_quartile3;audSpec_Rfilt_sma[2]_iqr1-2;audSpec_Rfilt_sma[2]_iqr2-3;audSpec_Rfilt_sma[2]_iqr1-3;audSpec_Rfilt_sma[2]_percentile1.0;audSpec_Rfilt_sma[2]_percentile99.0;audSpec_Rfilt_sma[2]_pctlrange0-1;audSpec_Rfilt_sma[2]_stddev;audSpec_Rfilt_sma[2]_skewness;audSpec_Rfilt_sma[2]_kurtosis;audSpec_Rfilt_sma[2]_meanSegLen;audSpec_Rfilt_sma[2]_maxSegLen;audSpec_Rfilt_sma[2]_minSegLen;audSpec_Rfilt_sma[2]_segLenStddev;audSpec_Rfilt_sma[2]_upleveltime25;audSpec_Rfilt_sma[2]_upleveltime50;audSpec_Rfilt_sma[2]_upleveltime75;audSpec_Rfilt_sma[2]_upleveltime90;audSpec_Rfilt_sma[2]_risetime;audSpec_Rfilt_sma[2]_leftctime;audSpec_Rfilt_sma[2]_lpgain;audSpec_Rfilt_sma[2]_lpc0;audSpec_Rfilt_sma[2]_lpc1;audSpec_Rfilt_sma[2]_lpc2;audSpec_Rfilt_sma[2]_lpc3;audSpec_Rfilt_sma[2]_lpc4;audSpec_Rfilt_sma[3]_range;audSpec_Rfilt_sma[3]_maxPos;audSpec_Rfilt_sma[3]_minPos;audSpec_Rfilt_sma[3]_quartile1;audSpec_Rfilt_sma[3]_quartile2;audSpec_Rfilt_sma[3]_quartile3;audSpec_Rfilt_sma[3]_iqr1-2;audSpec_Rfilt_sma[3]_iqr2-3;audSpec_Rfilt_sma[3]_iqr1-3;audSpec_Rfilt_sma[3]_percentile1.0;audSpec_Rfilt_sma[3]_percentile99.0;audSpec_Rfilt_sma[3]_pctlrange0-1;audSpec_Rfilt_sma[3]_stddev;audSpec_Rfilt_sma[3]_skewness;audSpec_Rfilt_sma[3]_kurtosis;audSpec_Rfilt_sma[3]_meanSegLen;audSpec_Rfilt_sma[3]_maxSegLen;audSpec_Rfilt_sma[3]_minSegLen;audSpec_Rfilt_sma[3]_segLenStddev;audSpec_Rfilt_sma[3]_upleveltime25;audSpec_Rfilt_sma[3]_upleveltime50;audSpec_Rfilt_sma[3]_upleveltime75;audSpec_Rfilt_sma[3]_upleveltime90;audSpec_Rfilt_sma[3]_risetime;audSpec_Rfilt_sma[3]_leftctime;audSpec_Rfilt_sma[3]_lpgain;audSpec_Rfilt_sma[3]_lpc0;audSpec_Rfilt_sma[3]_lpc1;audSpec_Rfilt_sma[3]_lpc2;audSpec_Rfilt_sma[3]_lpc3;audSpec_Rfilt_sma[3]_lpc4;audSpec_Rfilt_sma[4]_range;audSpec_Rfilt_sma[4]_maxPos;audSpec_Rfilt_sma[4]_minPos;audSpec_Rfilt_sma[4]_quartile1;audSpec_Rfilt_sma[4]_quartile2;audSpec_Rfilt_sma[4]_quartile3;audSpec_Rfilt_sma[4]_iqr1-2;audSpec_Rfilt_sma[4]_iqr2-3;audSpec_Rfilt_sma[4]_iqr1-3;audSpec_Rfilt_sma[4]_percentile1.0;audSpec_Rfilt_sma[4]_percentile99.0;audSpec_Rfilt_sma[4]_pctlrange0-1;audSpec_Rfilt_sma[4]_stddev;audSpec_Rfilt_sma[4]_skewness;audSpec_Rfilt_sma[4]_kurtosis;audSpec_Rfilt_sma[4]_meanSegLen;audSpec_Rfilt_sma[4]_maxSegLen;audSpec_Rfilt_sma[4]_minSegLen;audSpec_Rfilt_sma[4]_segLenStddev;audSpec_Rfilt_sma[4]_upleveltime25;audSpec_Rfilt_sma[4]_upleveltime50;audSpec_Rfilt_sma[4]_upleveltime75;audSpec_Rfilt_sma[4]_upleveltime90;audSpec_Rfilt_sma[4]_risetime;audSpec_Rfilt_sma[4]_leftctime;audSpec_Rfilt_sma[4]_lpgain;audSpec_Rfilt_sma[4]_lpc0;audSpec_Rfilt_sma[4]_lpc1;audSpec_Rfilt_sma[4]_lpc2;audSpec_Rfilt_sma[4]_lpc3;audSpec_Rfilt_sma[4]_lpc4;audSpec_Rfilt_sma[5]_range;audSpec_Rfilt_sma[5]_maxPos;audSpec_Rfilt_sma[5]_minPos;audSpec_Rfilt_sma[5]_quartile1;audSpec_Rfilt_sma[5]_quartile2;audSpec_Rfilt_sma[5]_quartile3;audSpec_Rfilt_sma[5]_iqr1-2;audSpec_Rfilt_sma[5]_iqr2-3;audSpec_Rfilt_sma[5]_iqr1-3;audSpec_Rfilt_sma[5]_percentile1.0;audSpec_Rfilt_sma[5]_percentile99.0;audSpec_Rfilt_sma[5]_pctlrange0-1;audSpec_Rfilt_sma[5]_stddev;audSpec_Rfilt_sma[5]_skewness;audSpec_Rfilt_sma[5]_kurtosis;audSpec_Rfilt_sma[5]_meanSegLen;audSpec_Rfilt_sma[5]_maxSegLen;audSpec_Rfilt_sma[5]_minSegLen;audSpec_Rfilt_sma[5]_segLenStddev;audSpec_Rfilt_sma[5]_upleveltime25;audSpec_Rfilt_sma[5]_upleveltime50;audSpec_Rfilt_sma[5]_upleveltime75;audSpec_Rfilt_sma[5]_upleveltime90;audSpec_Rfilt_sma[5]_risetime;audSpec_Rfilt_sma[5]_leftctime;audSpec_Rfilt_sma[5]_lpgain;audSpec_Rfilt_sma[5]_lpc0;audSpec_Rfilt_sma[5]_lpc1;audSpec_Rfilt_sma[5]_lpc2;audSpec_Rfilt_sma[5]_lpc3;audSpec_Rfilt_sma[5]_lpc4;audSpec_Rfilt_sma[6]_range;audSpec_Rfilt_sma[6]_maxPos;audSpec_Rfilt_sma[6]_minPos;audSpec_Rfilt_sma[6]_quartile1;audSpec_Rfilt_sma[6]_quartile2;audSpec_Rfilt_sma[6]_quartile3;audSpec_Rfilt_sma[6]_iqr1-2;audSpec_Rfilt_sma[6]_iqr2-3;audSpec_Rfilt_sma[6]_iqr1-3;audSpec_Rfilt_sma[6]_percentile1.0;audSpec_Rfilt_sma[6]_percentile99.0;audSpec_Rfilt_sma[6]_pctlrange0-1;audSpec_Rfilt_sma[6]_stddev;audSpec_Rfilt_sma[6]_skewness;audSpec_Rfilt_sma[6]_kurtosis;audSpec_Rfilt_sma[6]_meanSegLen;audSpec_Rfilt_sma[6]_maxSegLen;audSpec_Rfilt_sma[6]_minSegLen;audSpec_Rfilt_sma[6]_segLenStddev;audSpec_Rfilt_sma[6]_upleveltime25;audSpec_Rfilt_sma[6]_upleveltime50;audSpec_Rfilt_sma[6]_upleveltime75;audSpec_Rfilt_sma[6]_upleveltime90;audSpec_Rfilt_sma[6]_risetime;audSpec_Rfilt_sma[6]_leftctime;audSpec_Rfilt_sma[6]_lpgain;audSpec_Rfilt_sma[6]_lpc0;audSpec_Rfilt_sma[6]_lpc1;audSpec_Rfilt_sma[6]_lpc2;audSpec_Rfilt_sma[6]_lpc3;audSpec_Rfilt_sma[6]_lpc4;audSpec_Rfilt_sma[7]_range;audSpec_Rfilt_sma[7]_maxPos;audSpec_Rfilt_sma[7]_minPos;audSpec_Rfilt_sma[7]_quartile1;audSpec_Rfilt_sma[7]_quartile2;audSpec_Rfilt_sma[7]_quartile3;audSpec_Rfilt_sma[7]_iqr1-2;audSpec_Rfilt_sma[7]_iqr2-3;audSpec_Rfilt_sma[7]_iqr1-3;audSpec_Rfilt_sma[7]_percentile1.0;audSpec_Rfilt_sma[7]_percentile99.0;audSpec_Rfilt_sma[7]_pctlrange0-1;audSpec_Rfilt_sma[7]_stddev;audSpec_Rfilt_sma[7]_skewness;audSpec_Rfilt_sma[7]_kurtosis;audSpec_Rfilt_sma[7]_meanSegLen;audSpec_Rfilt_sma[7]_maxSegLen;audSpec_Rfilt_sma[7]_minSegLen;audSpec_Rfilt_sma[7]_segLenStddev;audSpec_Rfilt_sma[7]_upleveltime25;audSpec_Rfilt_sma[7]_upleveltime50;audSpec_Rfilt_sma[7]_upleveltime75;audSpec_Rfilt_sma[7]_upleveltime90;audSpec_Rfilt_sma[7]_risetime;audSpec_Rfilt_sma[7]_leftctime;audSpec_Rfilt_sma[7]_lpgain;audSpec_Rfilt_sma[7]_lpc0;audSpec_Rfilt_sma[7]_lpc1;audSpec_Rfilt_sma[7]_lpc2;audSpec_Rfilt_sma[7]_lpc3;audSpec_Rfilt_sma[7]_lpc4;audSpec_Rfilt_sma[8]_range;audSpec_Rfilt_sma[8]_maxPos;audSpec_Rfilt_sma[8]_minPos;audSpec_Rfilt_sma[8]_quartile1;audSpec_Rfilt_sma[8]_quartile2;audSpec_Rfilt_sma[8]_quartile3;audSpec_Rfilt_sma[8]_iqr1-2;audSpec_Rfilt_sma[8]_iqr2-3;audSpec_Rfilt_sma[8]_iqr1-3;audSpec_Rfilt_sma[8]_percentile1.0;audSpec_Rfilt_sma[8]_percentile99.0;audSpec_Rfilt_sma[8]_pctlrange0-1;audSpec_Rfilt_sma[8]_stddev;audSpec_Rfilt_sma[8]_skewness;audSpec_Rfilt_sma[8]_kurtosis;audSpec_Rfilt_sma[8]_meanSegLen;audSpec_Rfilt_sma[8]_maxSegLen;audSpec_Rfilt_sma[8]_minSegLen;audSpec_Rfilt_sma[8]_segLenStddev;audSpec_Rfilt_sma[8]_upleveltime25;audSpec_Rfilt_sma[8]_upleveltime50;audSpec_Rfilt_sma[8]_upleveltime75;audSpec_Rfilt_sma[8]_upleveltime90;audSpec_Rfilt_sma[8]_risetime;audSpec_Rfilt_sma[8]_leftctime;audSpec_Rfilt_sma[8]_lpgain;audSpec_Rfilt_sma[8]_lpc0;audSpec_Rfilt_sma[8]_lpc1;audSpec_Rfilt_sma[8]_lpc2;audSpec_Rfilt_sma[8]_lpc3;audSpec_Rfilt_sma[8]_lpc4;audSpec_Rfilt_sma[9]_range;audSpec_Rfilt_sma[9]_maxPos;audSpec_Rfilt_sma[9]_minPos;audSpec_Rfilt_sma[9]_quartile1;audSpec_Rfilt_sma[9]_quartile2;audSpec_Rfilt_sma[9]_quartile3;audSpec_Rfilt_sma[9]_iqr1-2;audSpec_Rfilt_sma[9]_iqr2-3;audSpec_Rfilt_sma[9]_iqr1-3;audSpec_Rfilt_sma[9]_percentile1.0;audSpec_Rfilt_sma[9]_percentile99.0;audSpec_Rfilt_sma[9]_pctlrange0-1;audSpec_Rfilt_sma[9]_stddev;audSpec_Rfilt_sma[9]_skewness;audSpec_Rfilt_sma[9]_kurtosis;audSpec_Rfilt_sma[9]_meanSegLen;audSpec_Rfilt_sma[9]_maxSegLen;audSpec_Rfilt_sma[9]_minSegLen;audSpec_Rfilt_sma[9]_segLenStddev;audSpec_Rfilt_sma[9]_upleveltime25;audSpec_Rfilt_sma[9]_upleveltime50;audSpec_Rfilt_sma[9]_upleveltime75;audSpec_Rfilt_sma[9]_upleveltime90;audSpec_Rfilt_sma[9]_risetime;audSpec_Rfilt_sma[9]_leftctime;audSpec_Rfilt_sma[9]_lpgain;audSpec_Rfilt_sma[9]_lpc0;audSpec_Rfilt_sma[9]_lpc1;audSpec_Rfilt_sma[9]_lpc2;audSpec_Rfilt_sma[9]_lpc3;audSpec_Rfilt_sma[9]_lpc4;audSpec_Rfilt_sma[10]_range;audSpec_Rfilt_sma[10]_maxPos;audSpec_Rfilt_sma[10]_minPos;audSpec_Rfilt_sma[10]_quartile1;audSpec_Rfilt_sma[10]_quartile2;audSpec_Rfilt_sma[10]_quartile3;audSpec_Rfilt_sma[10]_iqr1-2;audSpec_Rfilt_sma[10]_iqr2-3;audSpec_Rfilt_sma[10]_iqr1-3;audSpec_Rfilt_sma[10]_percentile1.0;audSpec_Rfilt_sma[10]_percentile99.0;audSpec_Rfilt_sma[10]_pctlrange0-1;audSpec_Rfilt_sma[10]_stddev;audSpec_Rfilt_sma[10]_skewness;audSpec_Rfilt_sma[10]_kurtosis;audSpec_Rfilt_sma[10]_meanSegLen;audSpec_Rfilt_sma[10]_maxSegLen;audSpec_Rfilt_sma[10]_minSegLen;audSpec_Rfilt_sma[10]_segLenStddev;audSpec_Rfilt_sma[10]_upleveltime25;audSpec_Rfilt_sma[10]_upleveltime50;audSpec_Rfilt_sma[10]_upleveltime75;audSpec_Rfilt_sma[10]_upleveltime90;audSpec_Rfilt_sma[10]_risetime;audSpec_Rfilt_sma[10]_leftctime;audSpec_Rfilt_sma[10]_lpgain;audSpec_Rfilt_sma[10]_lpc0;audSpec_Rfilt_sma[10]_lpc1;audSpec_Rfilt_sma[10]_lpc2;audSpec_Rfilt_sma[10]_lpc3;audSpec_Rfilt_sma[10]_lpc4;audSpec_Rfilt_sma[11]_range;audSpec_Rfilt_sma[11]_maxPos;audSpec_Rfilt_sma[11]_minPos;audSpec_Rfilt_sma[11]_quartile1;audSpec_Rfilt_sma[11]_quartile2;audSpec_Rfilt_sma[11]_quartile3;audSpec_Rfilt_sma[11]_iqr1-2;audSpec_Rfilt_sma[11]_iqr2-3;audSpec_Rfilt_sma[11]_iqr1-3;audSpec_Rfilt_sma[11]_percentile1.0;audSpec_Rfilt_sma[11]_percentile99.0;audSpec_Rfilt_sma[11]_pctlrange0-1;audSpec_Rfilt_sma[11]_stddev;audSpec_Rfilt_sma[11]_skewness;audSpec_Rfilt_sma[11]_kurtosis;audSpec_Rfilt_sma[11]_meanSegLen;audSpec_Rfilt_sma[11]_maxSegLen;audSpec_Rfilt_sma[11]_minSegLen;audSpec_Rfilt_sma[11]_segLenStddev;audSpec_Rfilt_sma[11]_upleveltime25;audSpec_Rfilt_sma[11]_upleveltime50;audSpec_Rfilt_sma[11]_upleveltime75;audSpec_Rfilt_sma[11]_upleveltime90;audSpec_Rfilt_sma[11]_risetime;audSpec_Rfilt_sma[11]_leftctime;audSpec_Rfilt_sma[11]_lpgain;audSpec_Rfilt_sma[11]_lpc0;audSpec_Rfilt_sma[11]_lpc1;audSpec_Rfilt_sma[11]_lpc2;audSpec_Rfilt_sma[11]_lpc3;audSpec_Rfilt_sma[11]_lpc4;audSpec_Rfilt_sma[12]_range;audSpec_Rfilt_sma[12]_maxPos;audSpec_Rfilt_sma[12]_minPos;audSpec_Rfilt_sma[12]_quartile1;audSpec_Rfilt_sma[12]_quartile2;audSpec_Rfilt_sma[12]_quartile3;audSpec_Rfilt_sma[12]_iqr1-2;audSpec_Rfilt_sma[12]_iqr2-3;audSpec_Rfilt_sma[12]_iqr1-3;audSpec_Rfilt_sma[12]_percentile1.0;audSpec_Rfilt_sma[12]_percentile99.0;audSpec_Rfilt_sma[12]_pctlrange0-1;audSpec_Rfilt_sma[12]_stddev;audSpec_Rfilt_sma[12]_skewness;audSpec_Rfilt_sma[12]_kurtosis;audSpec_Rfilt_sma[12]_meanSegLen;audSpec_Rfilt_sma[12]_maxSegLen;audSpec_Rfilt_sma[12]_minSegLen;audSpec_Rfilt_sma[12]_segLenStddev;audSpec_Rfilt_sma[12]_upleveltime25;audSpec_Rfilt_sma[12]_upleveltime50;audSpec_Rfilt_sma[12]_upleveltime75;audSpec_Rfilt_sma[12]_upleveltime90;audSpec_Rfilt_sma[12]_risetime;audSpec_Rfilt_sma[12]_leftctime;audSpec_Rfilt_sma[12]_lpgain;audSpec_Rfilt_sma[12]_lpc0;audSpec_Rfilt_sma[12]_lpc1;audSpec_Rfilt_sma[12]_lpc2;audSpec_Rfilt_sma[12]_lpc3;audSpec_Rfilt_sma[12]_lpc4;audSpec_Rfilt_sma[13]_range;audSpec_Rfilt_sma[13]_maxPos;audSpec_Rfilt_sma[13]_minPos;audSpec_Rfilt_sma[13]_quartile1;audSpec_Rfilt_sma[13]_quartile2;audSpec_Rfilt_sma[13]_quartile3;audSpec_Rfilt_sma[13]_iqr1-2;audSpec_Rfilt_sma[13]_iqr2-3;audSpec_Rfilt_sma[13]_iqr1-3;audSpec_Rfilt_sma[13]_percentile1.0;audSpec_Rfilt_sma[13]_percentile99.0;audSpec_Rfilt_sma[13]_pctlrange0-1;audSpec_Rfilt_sma[13]_stddev;audSpec_Rfilt_sma[13]_skewness;audSpec_Rfilt_sma[13]_kurtosis;audSpec_Rfilt_sma[13]_meanSegLen;audSpec_Rfilt_sma[13]_maxSegLen;audSpec_Rfilt_sma[13]_minSegLen;audSpec_Rfilt_sma[13]_segLenStddev;audSpec_Rfilt_sma[13]_upleveltime25;audSpec_Rfilt_sma[13]_upleveltime50;audSpec_Rfilt_sma[13]_upleveltime75;audSpec_Rfilt_sma[13]_upleveltime90;audSpec_Rfilt_sma[13]_risetime;audSpec_Rfilt_sma[13]_leftctime;audSpec_Rfilt_sma[13]_lpgain;audSpec_Rfilt_sma[13]_lpc0;audSpec_Rfilt_sma[13]_lpc1;audSpec_Rfilt_sma[13]_lpc2;audSpec_Rfilt_sma[13]_lpc3;audSpec_Rfilt_sma[13]_lpc4;audSpec_Rfilt_sma[14]_range;audSpec_Rfilt_sma[14]_maxPos;audSpec_Rfilt_sma[14]_minPos;audSpec_Rfilt_sma[14]_quartile1;audSpec_Rfilt_sma[14]_quartile2;audSpec_Rfilt_sma[14]_quartile3;audSpec_Rfilt_sma[14]_iqr1-2;audSpec_Rfilt_sma[14]_iqr2-3;audSpec_Rfilt_sma[14]_iqr1-3;audSpec_Rfilt_sma[14]_percentile1.0;audSpec_Rfilt_sma[14]_percentile99.0;audSpec_Rfilt_sma[14]_pctlrange0-1;audSpec_Rfilt_sma[14]_stddev;audSpec_Rfilt_sma[14]_skewness;audSpec_Rfilt_sma[14]_kurtosis;audSpec_Rfilt_sma[14]_meanSegLen;audSpec_Rfilt_sma[14]_maxSegLen;audSpec_Rfilt_sma[14]_minSegLen;audSpec_Rfilt_sma[14]_segLenStddev;audSpec_Rfilt_sma[14]_upleveltime25;audSpec_Rfilt_sma[14]_upleveltime50;audSpec_Rfilt_sma[14]_upleveltime75;audSpec_Rfilt_sma[14]_upleveltime90;audSpec_Rfilt_sma[14]_risetime;audSpec_Rfilt_sma[14]_leftctime;audSpec_Rfilt_sma[14]_lpgain;audSpec_Rfilt_sma[14]_lpc0;audSpec_Rfilt_sma[14]_lpc1;audSpec_Rfilt_sma[14]_lpc2;audSpec_Rfilt_sma[14]_lpc3;audSpec_Rfilt_sma[14]_lpc4;audSpec_Rfilt_sma[15]_range;audSpec_Rfilt_sma[15]_maxPos;audSpec_Rfilt_sma[15]_minPos;audSpec_Rfilt_sma[15]_quartile1;audSpec_Rfilt_sma[15]_quartile2;audSpec_Rfilt_sma[15]_quartile3;audSpec_Rfilt_sma[15]_iqr1-2;audSpec_Rfilt_sma[15]_iqr2-3;audSpec_Rfilt_sma[15]_iqr1-3;audSpec_Rfilt_sma[15]_percentile1.0;audSpec_Rfilt_sma[15]_percentile99.0;audSpec_Rfilt_sma[15]_pctlrange0-1;audSpec_Rfilt_sma[15]_stddev;audSpec_Rfilt_sma[15]_skewness;audSpec_Rfilt_sma[15]_kurtosis;audSpec_Rfilt_sma[15]_meanSegLen;audSpec_Rfilt_sma[15]_maxSegLen;audSpec_Rfilt_sma[15]_minSegLen;audSpec_Rfilt_sma[15]_segLenStddev;audSpec_Rfilt_sma[15]_upleveltime25;audSpec_Rfilt_sma[15]_upleveltime50;audSpec_Rfilt_sma[15]_upleveltime75;audSpec_Rfilt_sma[15]_upleveltime90;audSpec_Rfilt_sma[15]_risetime;audSpec_Rfilt_sma[15]_leftctime;audSpec_Rfilt_sma[15]_lpgain;audSpec_Rfilt_sma[15]_lpc0;audSpec_Rfilt_sma[15]_lpc1;audSpec_Rfilt_sma[15]_lpc2;audSpec_Rfilt_sma[15]_lpc3;audSpec_Rfilt_sma[15]_lpc4;audSpec_Rfilt_sma[16]_range;audSpec_Rfilt_sma[16]_maxPos;audSpec_Rfilt_sma[16]_minPos;audSpec_Rfilt_sma[16]_quartile1;audSpec_Rfilt_sma[16]_quartile2;audSpec_Rfilt_sma[16]_quartile3;audSpec_Rfilt_sma[16]_iqr1-2;audSpec_Rfilt_sma[16]_iqr2-3;audSpec_Rfilt_sma[16]_iqr1-3;audSpec_Rfilt_sma[16]_percentile1.0;audSpec_Rfilt_sma[16]_percentile99.0;audSpec_Rfilt_sma[16]_pctlrange0-1;audSpec_Rfilt_sma[16]_stddev;audSpec_Rfilt_sma[16]_skewness;audSpec_Rfilt_sma[16]_kurtosis;audSpec_Rfilt_sma[16]_meanSegLen;audSpec_Rfilt_sma[16]_maxSegLen;audSpec_Rfilt_sma[16]_minSegLen;audSpec_Rfilt_sma[16]_segLenStddev;audSpec_Rfilt_sma[16]_upleveltime25;audSpec_Rfilt_sma[16]_upleveltime50;audSpec_Rfilt_sma[16]_upleveltime75;audSpec_Rfilt_sma[16]_upleveltime90;audSpec_Rfilt_sma[16]_risetime;audSpec_Rfilt_sma[16]_leftctime;audSpec_Rfilt_sma[16]_lpgain;audSpec_Rfilt_sma[16]_lpc0;audSpec_Rfilt_sma[16]_lpc1;audSpec_Rfilt_sma[16]_lpc2;audSpec_Rfilt_sma[16]_lpc3;audSpec_Rfilt_sma[16]_lpc4;audSpec_Rfilt_sma[17]_range;audSpec_Rfilt_sma[17]_maxPos;audSpec_Rfilt_sma[17]_minPos;audSpec_Rfilt_sma[17]_quartile1;audSpec_Rfilt_sma[17]_quartile2;audSpec_Rfilt_sma[17]_quartile3;audSpec_Rfilt_sma[17]_iqr1-2;audSpec_Rfilt_sma[17]_iqr2-3;audSpec_Rfilt_sma[17]_iqr1-3;audSpec_Rfilt_sma[17]_percentile1.0;audSpec_Rfilt_sma[17]_percentile99.0;audSpec_Rfilt_sma[17]_pctlrange0-1;audSpec_Rfilt_sma[17]_stddev;audSpec_Rfilt_sma[17]_skewness;audSpec_Rfilt_sma[17]_kurtosis;audSpec_Rfilt_sma[17]_meanSegLen;audSpec_Rfilt_sma[17]_maxSegLen;audSpec_Rfilt_sma[17]_minSegLen;audSpec_Rfilt_sma[17]_segLenStddev;audSpec_Rfilt_sma[17]_upleveltime25;audSpec_Rfilt_sma[17]_upleveltime50;audSpec_Rfilt_sma[17]_upleveltime75;audSpec_Rfilt_sma[17]_upleveltime90;audSpec_Rfilt_sma[17]_risetime;audSpec_Rfilt_sma[17]_leftctime;audSpec_Rfilt_sma[17]_lpgain;audSpec_Rfilt_sma[17]_lpc0;audSpec_Rfilt_sma[17]_lpc1;audSpec_Rfilt_sma[17]_lpc2;audSpec_Rfilt_sma[17]_lpc3;audSpec_Rfilt_sma[17]_lpc4;audSpec_Rfilt_sma[18]_range;audSpec_Rfilt_sma[18]_maxPos;audSpec_Rfilt_sma[18]_minPos;audSpec_Rfilt_sma[18]_quartile1;audSpec_Rfilt_sma[18]_quartile2;audSpec_Rfilt_sma[18]_quartile3;audSpec_Rfilt_sma[18]_iqr1-2;audSpec_Rfilt_sma[18]_iqr2-3;audSpec_Rfilt_sma[18]_iqr1-3;audSpec_Rfilt_sma[18]_percentile1.0;audSpec_Rfilt_sma[18]_percentile99.0;audSpec_Rfilt_sma[18]_pctlrange0-1;audSpec_Rfilt_sma[18]_stddev;audSpec_Rfilt_sma[18]_skewness;audSpec_Rfilt_sma[18]_kurtosis;audSpec_Rfilt_sma[18]_meanSegLen;audSpec_Rfilt_sma[18]_maxSegLen;audSpec_Rfilt_sma[18]_minSegLen;audSpec_Rfilt_sma[18]_segLenStddev;audSpec_Rfilt_sma[18]_upleveltime25;audSpec_Rfilt_sma[18]_upleveltime50;audSpec_Rfilt_sma[18]_upleveltime75;audSpec_Rfilt_sma[18]_upleveltime90;audSpec_Rfilt_sma[18]_risetime;audSpec_Rfilt_sma[18]_leftctime;audSpec_Rfilt_sma[18]_lpgain;audSpec_Rfilt_sma[18]_lpc0;audSpec_Rfilt_sma[18]_lpc1;audSpec_Rfilt_sma[18]_lpc2;audSpec_Rfilt_sma[18]_lpc3;audSpec_Rfilt_sma[18]_lpc4;audSpec_Rfilt_sma[19]_range;audSpec_Rfilt_sma[19]_maxPos;audSpec_Rfilt_sma[19]_minPos;audSpec_Rfilt_sma[19]_quartile1;audSpec_Rfilt_sma[19]_quartile2;audSpec_Rfilt_sma[19]_quartile3;audSpec_Rfilt_sma[19]_iqr1-2;audSpec_Rfilt_sma[19]_iqr2-3;audSpec_Rfilt_sma[19]_iqr1-3;audSpec_Rfilt_sma[19]_percentile1.0;audSpec_Rfilt_sma[19]_percentile99.0;audSpec_Rfilt_sma[19]_pctlrange0-1;audSpec_Rfilt_sma[19]_stddev;audSpec_Rfilt_sma[19]_skewness;audSpec_Rfilt_sma[19]_kurtosis;audSpec_Rfilt_sma[19]_meanSegLen;audSpec_Rfilt_sma[19]_maxSegLen;audSpec_Rfilt_sma[19]_minSegLen;audSpec_Rfilt_sma[19]_segLenStddev;audSpec_Rfilt_sma[19]_upleveltime25;audSpec_Rfilt_sma[19]_upleveltime50;audSpec_Rfilt_sma[19]_upleveltime75;audSpec_Rfilt_sma[19]_upleveltime90;audSpec_Rfilt_sma[19]_risetime;audSpec_Rfilt_sma[19]_leftctime;audSpec_Rfilt_sma[19]_lpgain;audSpec_Rfilt_sma[19]_lpc0;audSpec_Rfilt_sma[19]_lpc1;audSpec_Rfilt_sma[19]_lpc2;audSpec_Rfilt_sma[19]_lpc3;audSpec_Rfilt_sma[19]_lpc4;audSpec_Rfilt_sma[20]_range;audSpec_Rfilt_sma[20]_maxPos;audSpec_Rfilt_sma[20]_minPos;audSpec_Rfilt_sma[20]_quartile1;audSpec_Rfilt_sma[20]_quartile2;audSpec_Rfilt_sma[20]_quartile3;audSpec_Rfilt_sma[20]_iqr1-2;audSpec_Rfilt_sma[20]_iqr2-3;audSpec_Rfilt_sma[20]_iqr1-3;audSpec_Rfilt_sma[20]_percentile1.0;audSpec_Rfilt_sma[20]_percentile99.0;audSpec_Rfilt_sma[20]_pctlrange0-1;audSpec_Rfilt_sma[20]_stddev;audSpec_Rfilt_sma[20]_skewness;audSpec_Rfilt_sma[20]_kurtosis;audSpec_Rfilt_sma[20]_meanSegLen;audSpec_Rfilt_sma[20]_maxSegLen;audSpec_Rfilt_sma[20]_minSegLen;audSpec_Rfilt_sma[20]_segLenStddev;audSpec_Rfilt_sma[20]_upleveltime25;audSpec_Rfilt_sma[20]_upleveltime50;audSpec_Rfilt_sma[20]_upleveltime75;audSpec_Rfilt_sma[20]_upleveltime90;audSpec_Rfilt_sma[20]_risetime;audSpec_Rfilt_sma[20]_leftctime;audSpec_Rfilt_sma[20]_lpgain;audSpec_Rfilt_sma[20]_lpc0;audSpec_Rfilt_sma[20]_lpc1;audSpec_Rfilt_sma[20]_lpc2;audSpec_Rfilt_sma[20]_lpc3;audSpec_Rfilt_sma[20]_lpc4;audSpec_Rfilt_sma[21]_range;audSpec_Rfilt_sma[21]_maxPos;audSpec_Rfilt_sma[21]_minPos;audSpec_Rfilt_sma[21]_quartile1;audSpec_Rfilt_sma[21]_quartile2;audSpec_Rfilt_sma[21]_quartile3;audSpec_Rfilt_sma[21]_iqr1-2;audSpec_Rfilt_sma[21]_iqr2-3;audSpec_Rfilt_sma[21]_iqr1-3;audSpec_Rfilt_sma[21]_percentile1.0;audSpec_Rfilt_sma[21]_percentile99.0;audSpec_Rfilt_sma[21]_pctlrange0-1;audSpec_Rfilt_sma[21]_stddev;audSpec_Rfilt_sma[21]_skewness;audSpec_Rfilt_sma[21]_kurtosis;audSpec_Rfilt_sma[21]_meanSegLen;audSpec_Rfilt_sma[21]_maxSegLen;audSpec_Rfilt_sma[21]_minSegLen;audSpec_Rfilt_sma[21]_segLenStddev;audSpec_Rfilt_sma[21]_upleveltime25;audSpec_Rfilt_sma[21]_upleveltime50;audSpec_Rfilt_sma[21]_upleveltime75;audSpec_Rfilt_sma[21]_upleveltime90;audSpec_Rfilt_sma[21]_risetime;audSpec_Rfilt_sma[21]_leftctime;audSpec_Rfilt_sma[21]_lpgain;audSpec_Rfilt_sma[21]_lpc0;audSpec_Rfilt_sma[21]_lpc1;audSpec_Rfilt_sma[21]_lpc2;audSpec_Rfilt_sma[21]_lpc3;audSpec_Rfilt_sma[21]_lpc4;audSpec_Rfilt_sma[22]_range;audSpec_Rfilt_sma[22]_maxPos;audSpec_Rfilt_sma[22]_minPos;audSpec_Rfilt_sma[22]_quartile1;audSpec_Rfilt_sma[22]_quartile2;audSpec_Rfilt_sma[22]_quartile3;audSpec_Rfilt_sma[22]_iqr1-2;audSpec_Rfilt_sma[22]_iqr2-3;audSpec_Rfilt_sma[22]_iqr1-3;audSpec_Rfilt_sma[22]_percentile1.0;audSpec_Rfilt_sma[22]_percentile99.0;audSpec_Rfilt_sma[22]_pctlrange0-1;audSpec_Rfilt_sma[22]_stddev;audSpec_Rfilt_sma[22]_skewness;audSpec_Rfilt_sma[22]_kurtosis;audSpec_Rfilt_sma[22]_meanSegLen;audSpec_Rfilt_sma[22]_maxSegLen;audSpec_Rfilt_sma[22]_minSegLen;audSpec_Rfilt_sma[22]_segLenStddev;audSpec_Rfilt_sma[22]_upleveltime25;audSpec_Rfilt_sma[22]_upleveltime50;audSpec_Rfilt_sma[22]_upleveltime75;audSpec_Rfilt_sma[22]_upleveltime90;audSpec_Rfilt_sma[22]_risetime;audSpec_Rfilt_sma[22]_leftctime;audSpec_Rfilt_sma[22]_lpgain;audSpec_Rfilt_sma[22]_lpc0;audSpec_Rfilt_sma[22]_lpc1;audSpec_Rfilt_sma[22]_lpc2;audSpec_Rfilt_sma[22]_lpc3;audSpec_Rfilt_sma[22]_lpc4;audSpec_Rfilt_sma[23]_range;audSpec_Rfilt_sma[23]_maxPos;audSpec_Rfilt_sma[23]_minPos;audSpec_Rfilt_sma[23]_quartile1;audSpec_Rfilt_sma[23]_quartile2;audSpec_Rfilt_sma[23]_quartile3;audSpec_Rfilt_sma[23]_iqr1-2;audSpec_Rfilt_sma[23]_iqr2-3;audSpec_Rfilt_sma[23]_iqr1-3;audSpec_Rfilt_sma[23]_percentile1.0;audSpec_Rfilt_sma[23]_percentile99.0;audSpec_Rfilt_sma[23]_pctlrange0-1;audSpec_Rfilt_sma[23]_stddev;audSpec_Rfilt_sma[23]_skewness;audSpec_Rfilt_sma[23]_kurtosis;audSpec_Rfilt_sma[23]_meanSegLen;audSpec_Rfilt_sma[23]_maxSegLen;audSpec_Rfilt_sma[23]_minSegLen;audSpec_Rfilt_sma[23]_segLenStddev;audSpec_Rfilt_sma[23]_upleveltime25;audSpec_Rfilt_sma[23]_upleveltime50;audSpec_Rfilt_sma[23]_upleveltime75;audSpec_Rfilt_sma[23]_upleveltime90;audSpec_Rfilt_sma[23]_risetime;audSpec_Rfilt_sma[23]_leftctime;audSpec_Rfilt_sma[23]_lpgain;audSpec_Rfilt_sma[23]_lpc0;audSpec_Rfilt_sma[23]_lpc1;audSpec_Rfilt_sma[23]_lpc2;audSpec_Rfilt_sma[23]_lpc3;audSpec_Rfilt_sma[23]_lpc4;audSpec_Rfilt_sma[24]_range;audSpec_Rfilt_sma[24]_maxPos;audSpec_Rfilt_sma[24]_minPos;audSpec_Rfilt_sma[24]_quartile1;audSpec_Rfilt_sma[24]_quartile2;audSpec_Rfilt_sma[24]_quartile3;audSpec_Rfilt_sma[24]_iqr1-2;audSpec_Rfilt_sma[24]_iqr2-3;audSpec_Rfilt_sma[24]_iqr1-3;audSpec_Rfilt_sma[24]_percentile1.0;audSpec_Rfilt_sma[24]_percentile99.0;audSpec_Rfilt_sma[24]_pctlrange0-1;audSpec_Rfilt_sma[24]_stddev;audSpec_Rfilt_sma[24]_skewness;audSpec_Rfilt_sma[24]_kurtosis;audSpec_Rfilt_sma[24]_meanSegLen;audSpec_Rfilt_sma[24]_maxSegLen;audSpec_Rfilt_sma[24]_minSegLen;audSpec_Rfilt_sma[24]_segLenStddev;audSpec_Rfilt_sma[24]_upleveltime25;audSpec_Rfilt_sma[24]_upleveltime50;audSpec_Rfilt_sma[24]_upleveltime75;audSpec_Rfilt_sma[24]_upleveltime90;audSpec_Rfilt_sma[24]_risetime;audSpec_Rfilt_sma[24]_leftctime;audSpec_Rfilt_sma[24]_lpgain;audSpec_Rfilt_sma[24]_lpc0;audSpec_Rfilt_sma[24]_lpc1;audSpec_Rfilt_sma[24]_lpc2;audSpec_Rfilt_sma[24]_lpc3;audSpec_Rfilt_sma[24]_lpc4;audSpec_Rfilt_sma[25]_range;audSpec_Rfilt_sma[25]_maxPos;audSpec_Rfilt_sma[25]_minPos;audSpec_Rfilt_sma[25]_quartile1;audSpec_Rfilt_sma[25]_quartile2;audSpec_Rfilt_sma[25]_quartile3;audSpec_Rfilt_sma[25]_iqr1-2;audSpec_Rfilt_sma[25]_iqr2-3;audSpec_Rfilt_sma[25]_iqr1-3;audSpec_Rfilt_sma[25]_percentile1.0;audSpec_Rfilt_sma[25]_percentile99.0;audSpec_Rfilt_sma[25]_pctlrange0-1;audSpec_Rfilt_sma[25]_stddev;audSpec_Rfilt_sma[25]_skewness;audSpec_Rfilt_sma[25]_kurtosis;audSpec_Rfilt_sma[25]_meanSegLen;audSpec_Rfilt_sma[25]_maxSegLen;audSpec_Rfilt_sma[25]_minSegLen;audSpec_Rfilt_sma[25]_segLenStddev;audSpec_Rfilt_sma[25]_upleveltime25;audSpec_Rfilt_sma[25]_upleveltime50;audSpec_Rfilt_sma[25]_upleveltime75;audSpec_Rfilt_sma[25]_upleveltime90;audSpec_Rfilt_sma[25]_risetime;audSpec_Rfilt_sma[25]_leftctime;audSpec_Rfilt_sma[25]_lpgain;audSpec_Rfilt_sma[25]_lpc0;audSpec_Rfilt_sma[25]_lpc1;audSpec_Rfilt_sma[25]_lpc2;audSpec_Rfilt_sma[25]_lpc3;audSpec_Rfilt_sma[25]_lpc4;pcm_fftMag_fband250-650_sma_range;pcm_fftMag_fband250-650_sma_maxPos;pcm_fftMag_fband250-650_sma_minPos;pcm_fftMag_fband250-650_sma_quartile1;pcm_fftMag_fband250-650_sma_quartile2;pcm_fftMag_fband250-650_sma_quartile3;pcm_fftMag_fband250-650_sma_iqr1-2;pcm_fftMag_fband250-650_sma_iqr2-3;pcm_fftMag_fband250-650_sma_iqr1-3;pcm_fftMag_fband250-650_sma_percentile1.0;pcm_fftMag_fband250-650_sma_percentile99.0;pcm_fftMag_fband250-650_sma_pctlrange0-1;pcm_fftMag_fband250-650_sma_stddev;pcm_fftMag_fband250-650_sma_skewness;pcm_fftMag_fband250-650_sma_kurtosis;pcm_fftMag_fband250-650_sma_meanSegLen;pcm_fftMag_fband250-650_sma_maxSegLen;pcm_fftMag_fband250-650_sma_minSegLen;pcm_fftMag_fband250-650_sma_segLenStddev;pcm_fftMag_fband250-650_sma_upleveltime25;pcm_fftMag_fband250-650_sma_upleveltime50;pcm_fftMag_fband250-650_sma_upleveltime75;pcm_fftMag_fband250-650_sma_upleveltime90;pcm_fftMag_fband250-650_sma_risetime;pcm_fftMag_fband250-650_sma_leftctime;pcm_fftMag_fband250-650_sma_lpgain;pcm_fftMag_fband250-650_sma_lpc0;pcm_fftMag_fband250-650_sma_lpc1;pcm_fftMag_fband250-650_sma_lpc2;pcm_fftMag_fband250-650_sma_lpc3;pcm_fftMag_fband250-650_sma_lpc4;pcm_fftMag_fband1000-4000_sma_range;pcm_fftMag_fband1000-4000_sma_maxPos;pcm_fftMag_fband1000-4000_sma_minPos;pcm_fftMag_fband1000-4000_sma_quartile1;pcm_fftMag_fband1000-4000_sma_quartile2;pcm_fftMag_fband1000-4000_sma_quartile3;pcm_fftMag_fband1000-4000_sma_iqr1-2;pcm_fftMag_fband1000-4000_sma_iqr2-3;pcm_fftMag_fband1000-4000_sma_iqr1-3;pcm_fftMag_fband1000-4000_sma_percentile1.0;pcm_fftMag_fband1000-4000_sma_percentile99.0;pcm_fftMag_fband1000-4000_sma_pctlrange0-1;pcm_fftMag_fband1000-4000_sma_stddev;pcm_fftMag_fband1000-4000_sma_skewness;pcm_fftMag_fband1000-4000_sma_kurtosis;pcm_fftMag_fband1000-4000_sma_meanSegLen;pcm_fftMag_fband1000-4000_sma_maxSegLen;pcm_fftMag_fband1000-4000_sma_minSegLen;pcm_fftMag_fband1000-4000_sma_segLenStddev;pcm_fftMag_fband1000-4000_sma_upleveltime25;pcm_fftMag_fband1000-4000_sma_upleveltime50;pcm_fftMag_fband1000-4000_sma_upleveltime75;pcm_fftMag_fband1000-4000_sma_upleveltime90;pcm_fftMag_fband1000-4000_sma_risetime;pcm_fftMag_fband1000-4000_sma_leftctime;pcm_fftMag_fband1000-4000_sma_lpgain;pcm_fftMag_fband1000-4000_sma_lpc0;pcm_fftMag_fband1000-4000_sma_lpc1;pcm_fftMag_fband1000-4000_sma_lpc2;pcm_fftMag_fband1000-4000_sma_lpc3;pcm_fftMag_fband1000-4000_sma_lpc4;pcm_fftMag_spectralRollOff25.0_sma_range;pcm_fftMag_spectralRollOff25.0_sma_maxPos;pcm_fftMag_spectralRollOff25.0_sma_minPos;pcm_fftMag_spectralRollOff25.0_sma_quartile1;pcm_fftMag_spectralRollOff25.0_sma_quartile2;pcm_fftMag_spectralRollOff25.0_sma_quartile3;pcm_fftMag_spectralRollOff25.0_sma_iqr1-2;pcm_fftMag_spectralRollOff25.0_sma_iqr2-3;pcm_fftMag_spectralRollOff25.0_sma_iqr1-3;pcm_fftMag_spectralRollOff25.0_sma_percentile1.0;pcm_fftMag_spectralRollOff25.0_sma_percentile99.0;pcm_fftMag_spectralRollOff25.0_sma_pctlrange0-1;pcm_fftMag_spectralRollOff25.0_sma_stddev;pcm_fftMag_spectralRollOff25.0_sma_skewness;pcm_fftMag_spectralRollOff25.0_sma_kurtosis;pcm_fftMag_spectralRollOff25.0_sma_meanSegLen;pcm_fftMag_spectralRollOff25.0_sma_maxSegLen;pcm_fftMag_spectralRollOff25.0_sma_minSegLen;pcm_fftMag_spectralRollOff25.0_sma_segLenStddev;pcm_fftMag_spectralRollOff25.0_sma_upleveltime25;pcm_fftMag_spectralRollOff25.0_sma_upleveltime50;pcm_fftMag_spectralRollOff25.0_sma_upleveltime75;pcm_fftMag_spectralRollOff25.0_sma_upleveltime90;pcm_fftMag_spectralRollOff25.0_sma_risetime;pcm_fftMag_spectralRollOff25.0_sma_leftctime;pcm_fftMag_spectralRollOff25.0_sma_lpgain;pcm_fftMag_spectralRollOff25.0_sma_lpc0;pcm_fftMag_spectralRollOff25.0_sma_lpc1;pcm_fftMag_spectralRollOff25.0_sma_lpc2;pcm_fftMag_spectralRollOff25.0_sma_lpc3;pcm_fftMag_spectralRollOff25.0_sma_lpc4;pcm_fftMag_spectralRollOff50.0_sma_range;pcm_fftMag_spectralRollOff50.0_sma_maxPos;pcm_fftMag_spectralRollOff50.0_sma_minPos;pcm_fftMag_spectralRollOff50.0_sma_quartile1;pcm_fftMag_spectralRollOff50.0_sma_quartile2;pcm_fftMag_spectralRollOff50.0_sma_quartile3;pcm_fftMag_spectralRollOff50.0_sma_iqr1-2;pcm_fftMag_spectralRollOff50.0_sma_iqr2-3;pcm_fftMag_spectralRollOff50.0_sma_iqr1-3;pcm_fftMag_spectralRollOff50.0_sma_percentile1.0;pcm_fftMag_spectralRollOff50.0_sma_percentile99.0;pcm_fftMag_spectralRollOff50.0_sma_pctlrange0-1;pcm_fftMag_spectralRollOff50.0_sma_stddev;pcm_fftMag_spectralRollOff50.0_sma_skewness;pcm_fftMag_spectralRollOff50.0_sma_kurtosis;pcm_fftMag_spectralRollOff50.0_sma_meanSegLen;pcm_fftMag_spectralRollOff50.0_sma_maxSegLen;pcm_fftMag_spectralRollOff50.0_sma_minSegLen;pcm_fftMag_spectralRollOff50.0_sma_segLenStddev;pcm_fftMag_spectralRollOff50.0_sma_upleveltime25;pcm_fftMag_spectralRollOff50.0_sma_upleveltime50;pcm_fftMag_spectralRollOff50.0_sma_upleveltime75;pcm_fftMag_spectralRollOff50.0_sma_upleveltime90;pcm_fftMag_spectralRollOff50.0_sma_risetime;pcm_fftMag_spectralRollOff50.0_sma_leftctime;pcm_fftMag_spectralRollOff50.0_sma_lpgain;pcm_fftMag_spectralRollOff50.0_sma_lpc0;pcm_fftMag_spectralRollOff50.0_sma_lpc1;pcm_fftMag_spectralRollOff50.0_sma_lpc2;pcm_fftMag_spectralRollOff50.0_sma_lpc3;pcm_fftMag_spectralRollOff50.0_sma_lpc4;pcm_fftMag_spectralRollOff75.0_sma_range;pcm_fftMag_spectralRollOff75.0_sma_maxPos;pcm_fftMag_spectralRollOff75.0_sma_minPos;pcm_fftMag_spectralRollOff75.0_sma_quartile1;pcm_fftMag_spectralRollOff75.0_sma_quartile2;pcm_fftMag_spectralRollOff75.0_sma_quartile3;pcm_fftMag_spectralRollOff75.0_sma_iqr1-2;pcm_fftMag_spectralRollOff75.0_sma_iqr2-3;pcm_fftMag_spectralRollOff75.0_sma_iqr1-3;pcm_fftMag_spectralRollOff75.0_sma_percentile1.0;pcm_fftMag_spectralRollOff75.0_sma_percentile99.0;pcm_fftMag_spectralRollOff75.0_sma_pctlrange0-1;pcm_fftMag_spectralRollOff75.0_sma_stddev;pcm_fftMag_spectralRollOff75.0_sma_skewness;pcm_fftMag_spectralRollOff75.0_sma_kurtosis;pcm_fftMag_spectralRollOff75.0_sma_meanSegLen;pcm_fftMag_spectralRollOff75.0_sma_maxSegLen;pcm_fftMag_spectralRollOff75.0_sma_minSegLen;pcm_fftMag_spectralRollOff75.0_sma_segLenStddev;pcm_fftMag_spectralRollOff75.0_sma_upleveltime25;pcm_fftMag_spectralRollOff75.0_sma_upleveltime50;pcm_fftMag_spectralRollOff75.0_sma_upleveltime75;pcm_fftMag_spectralRollOff75.0_sma_upleveltime90;pcm_fftMag_spectralRollOff75.0_sma_risetime;pcm_fftMag_spectralRollOff75.0_sma_leftctime;pcm_fftMag_spectralRollOff75.0_sma_lpgain;pcm_fftMag_spectralRollOff75.0_sma_lpc0;pcm_fftMag_spectralRollOff75.0_sma_lpc1;pcm_fftMag_spectralRollOff75.0_sma_lpc2;pcm_fftMag_spectralRollOff75.0_sma_lpc3;pcm_fftMag_spectralRollOff75.0_sma_lpc4;pcm_fftMag_spectralRollOff90.0_sma_range;pcm_fftMag_spectralRollOff90.0_sma_maxPos;pcm_fftMag_spectralRollOff90.0_sma_minPos;pcm_fftMag_spectralRollOff90.0_sma_quartile1;pcm_fftMag_spectralRollOff90.0_sma_quartile2;pcm_fftMag_spectralRollOff90.0_sma_quartile3;pcm_fftMag_spectralRollOff90.0_sma_iqr1-2;pcm_fftMag_spectralRollOff90.0_sma_iqr2-3;pcm_fftMag_spectralRollOff90.0_sma_iqr1-3;pcm_fftMag_spectralRollOff90.0_sma_percentile1.0;pcm_fftMag_spectralRollOff90.0_sma_percentile99.0;pcm_fftMag_spectralRollOff90.0_sma_pctlrange0-1;pcm_fftMag_spectralRollOff90.0_sma_stddev;pcm_fftMag_spectralRollOff90.0_sma_skewness;pcm_fftMag_spectralRollOff90.0_sma_kurtosis;pcm_fftMag_spectralRollOff90.0_sma_meanSegLen;pcm_fftMag_spectralRollOff90.0_sma_maxSegLen;pcm_fftMag_spectralRollOff90.0_sma_minSegLen;pcm_fftMag_spectralRollOff90.0_sma_segLenStddev;pcm_fftMag_spectralRollOff90.0_sma_upleveltime25;pcm_fftMag_spectralRollOff90.0_sma_upleveltime50;pcm_fftMag_spectralRollOff90.0_sma_upleveltime75;pcm_fftMag_spectralRollOff90.0_sma_upleveltime90;pcm_fftMag_spectralRollOff90.0_sma_risetime;pcm_fftMag_spectralRollOff90.0_sma_leftctime;pcm_fftMag_spectralRollOff90.0_sma_lpgain;pcm_fftMag_spectralRollOff90.0_sma_lpc0;pcm_fftMag_spectralRollOff90.0_sma_lpc1;pcm_fftMag_spectralRollOff90.0_sma_lpc2;pcm_fftMag_spectralRollOff90.0_sma_lpc3;pcm_fftMag_spectralRollOff90.0_sma_lpc4;pcm_fftMag_spectralFlux_sma_range;pcm_fftMag_spectralFlux_sma_maxPos;pcm_fftMag_spectralFlux_sma_minPos;pcm_fftMag_spectralFlux_sma_quartile1;pcm_fftMag_spectralFlux_sma_quartile2;pcm_fftMag_spectralFlux_sma_quartile3;pcm_fftMag_spectralFlux_sma_iqr1-2;pcm_fftMag_spectralFlux_sma_iqr2-3;pcm_fftMag_spectralFlux_sma_iqr1-3;pcm_fftMag_spectralFlux_sma_percentile1.0;pcm_fftMag_spectralFlux_sma_percentile99.0;pcm_fftMag_spectralFlux_sma_pctlrange0-1;pcm_fftMag_spectralFlux_sma_stddev;pcm_fftMag_spectralFlux_sma_skewness;pcm_fftMag_spectralFlux_sma_kurtosis;pcm_fftMag_spectralFlux_sma_meanSegLen;pcm_fftMag_spectralFlux_sma_maxSegLen;pcm_fftMag_spectralFlux_sma_minSegLen;pcm_fftMag_spectralFlux_sma_segLenStddev;pcm_fftMag_spectralFlux_sma_upleveltime25;pcm_fftMag_spectralFlux_sma_upleveltime50;pcm_fftMag_spectralFlux_sma_upleveltime75;pcm_fftMag_spectralFlux_sma_upleveltime90;pcm_fftMag_spectralFlux_sma_risetime;pcm_fftMag_spectralFlux_sma_leftctime;pcm_fftMag_spectralFlux_sma_lpgain;pcm_fftMag_spectralFlux_sma_lpc0;pcm_fftMag_spectralFlux_sma_lpc1;pcm_fftMag_spectralFlux_sma_lpc2;pcm_fftMag_spectralFlux_sma_lpc3;pcm_fftMag_spectralFlux_sma_lpc4;pcm_fftMag_spectralCentroid_sma_range;pcm_fftMag_spectralCentroid_sma_maxPos;pcm_fftMag_spectralCentroid_sma_minPos;pcm_fftMag_spectralCentroid_sma_quartile1;pcm_fftMag_spectralCentroid_sma_quartile2;pcm_fftMag_spectralCentroid_sma_quartile3;pcm_fftMag_spectralCentroid_sma_iqr1-2;pcm_fftMag_spectralCentroid_sma_iqr2-3;pcm_fftMag_spectralCentroid_sma_iqr1-3;pcm_fftMag_spectralCentroid_sma_percentile1.0;pcm_fftMag_spectralCentroid_sma_percentile99.0;pcm_fftMag_spectralCentroid_sma_pctlrange0-1;pcm_fftMag_spectralCentroid_sma_stddev;pcm_fftMag_spectralCentroid_sma_skewness;pcm_fftMag_spectralCentroid_sma_kurtosis;pcm_fftMag_spectralCentroid_sma_meanSegLen;pcm_fftMag_spectralCentroid_sma_maxSegLen;pcm_fftMag_spectralCentroid_sma_minSegLen;pcm_fftMag_spectralCentroid_sma_segLenStddev;pcm_fftMag_spectralCentroid_sma_upleveltime25;pcm_fftMag_spectralCentroid_sma_upleveltime50;pcm_fftMag_spectralCentroid_sma_upleveltime75;pcm_fftMag_spectralCentroid_sma_upleveltime90;pcm_fftMag_spectralCentroid_sma_risetime;pcm_fftMag_spectralCentroid_sma_leftctime;pcm_fftMag_spectralCentroid_sma_lpgain;pcm_fftMag_spectralCentroid_sma_lpc0;pcm_fftMag_spectralCentroid_sma_lpc1;pcm_fftMag_spectralCentroid_sma_lpc2;pcm_fftMag_spectralCentroid_sma_lpc3;pcm_fftMag_spectralCentroid_sma_lpc4;pcm_fftMag_spectralEntropy_sma_range;pcm_fftMag_spectralEntropy_sma_maxPos;pcm_fftMag_spectralEntropy_sma_minPos;pcm_fftMag_spectralEntropy_sma_quartile1;pcm_fftMag_spectralEntropy_sma_quartile2;pcm_fftMag_spectralEntropy_sma_quartile3;pcm_fftMag_spectralEntropy_sma_iqr1-2;pcm_fftMag_spectralEntropy_sma_iqr2-3;pcm_fftMag_spectralEntropy_sma_iqr1-3;pcm_fftMag_spectralEntropy_sma_percentile1.0;pcm_fftMag_spectralEntropy_sma_percentile99.0;pcm_fftMag_spectralEntropy_sma_pctlrange0-1;pcm_fftMag_spectralEntropy_sma_stddev;pcm_fftMag_spectralEntropy_sma_skewness;pcm_fftMag_spectralEntropy_sma_kurtosis;pcm_fftMag_spectralEntropy_sma_meanSegLen;pcm_fftMag_spectralEntropy_sma_maxSegLen;pcm_fftMag_spectralEntropy_sma_minSegLen;pcm_fftMag_spectralEntropy_sma_segLenStddev;pcm_fftMag_spectralEntropy_sma_upleveltime25;pcm_fftMag_spectralEntropy_sma_upleveltime50;pcm_fftMag_spectralEntropy_sma_upleveltime75;pcm_fftMag_spectralEntropy_sma_upleveltime90;pcm_fftMag_spectralEntropy_sma_risetime;pcm_fftMag_spectralEntropy_sma_leftctime;pcm_fftMag_spectralEntropy_sma_lpgain;pcm_fftMag_spectralEntropy_sma_lpc0;pcm_fftMag_spectralEntropy_sma_lpc1;pcm_fftMag_spectralEntropy_sma_lpc2;pcm_fftMag_spectralEntropy_sma_lpc3;pcm_fftMag_spectralEntropy_sma_lpc4;pcm_fftMag_spectralVariance_sma_range;pcm_fftMag_spectralVariance_sma_maxPos;pcm_fftMag_spectralVariance_sma_minPos;pcm_fftMag_spectralVariance_sma_quartile1;pcm_fftMag_spectralVariance_sma_quartile2;pcm_fftMag_spectralVariance_sma_quartile3;pcm_fftMag_spectralVariance_sma_iqr1-2;pcm_fftMag_spectralVariance_sma_iqr2-3;pcm_fftMag_spectralVariance_sma_iqr1-3;pcm_fftMag_spectralVariance_sma_percentile1.0;pcm_fftMag_spectralVariance_sma_percentile99.0;pcm_fftMag_spectralVariance_sma_pctlrange0-1;pcm_fftMag_spectralVariance_sma_stddev;pcm_fftMag_spectralVariance_sma_skewness;pcm_fftMag_spectralVariance_sma_kurtosis;pcm_fftMag_spectralVariance_sma_meanSegLen;pcm_fftMag_spectralVariance_sma_maxSegLen;pcm_fftMag_spectralVariance_sma_minSegLen;pcm_fftMag_spectralVariance_sma_segLenStddev;pcm_fftMag_spectralVariance_sma_upleveltime25;pcm_fftMag_spectralVariance_sma_upleveltime50;pcm_fftMag_spectralVariance_sma_upleveltime75;pcm_fftMag_spectralVariance_sma_upleveltime90;pcm_fftMag_spectralVariance_sma_risetime;pcm_fftMag_spectralVariance_sma_leftctime;pcm_fftMag_spectralVariance_sma_lpgain;pcm_fftMag_spectralVariance_sma_lpc0;pcm_fftMag_spectralVariance_sma_lpc1;pcm_fftMag_spectralVariance_sma_lpc2;pcm_fftMag_spectralVariance_sma_lpc3;pcm_fftMag_spectralVariance_sma_lpc4;pcm_fftMag_spectralSkewness_sma_range;pcm_fftMag_spectralSkewness_sma_maxPos;pcm_fftMag_spectralSkewness_sma_minPos;pcm_fftMag_spectralSkewness_sma_quartile1;pcm_fftMag_spectralSkewness_sma_quartile2;pcm_fftMag_spectralSkewness_sma_quartile3;pcm_fftMag_spectralSkewness_sma_iqr1-2;pcm_fftMag_spectralSkewness_sma_iqr2-3;pcm_fftMag_spectralSkewness_sma_iqr1-3;pcm_fftMag_spectralSkewness_sma_percentile1.0;pcm_fftMag_spectralSkewness_sma_percentile99.0;pcm_fftMag_spectralSkewness_sma_pctlrange0-1;pcm_fftMag_spectralSkewness_sma_stddev;pcm_fftMag_spectralSkewness_sma_skewness;pcm_fftMag_spectralSkewness_sma_kurtosis;pcm_fftMag_spectralSkewness_sma_meanSegLen;pcm_fftMag_spectralSkewness_sma_maxSegLen;pcm_fftMag_spectralSkewness_sma_minSegLen;pcm_fftMag_spectralSkewness_sma_segLenStddev;pcm_fftMag_spectralSkewness_sma_upleveltime25;pcm_fftMag_spectralSkewness_sma_upleveltime50;pcm_fftMag_spectralSkewness_sma_upleveltime75;pcm_fftMag_spectralSkewness_sma_upleveltime90;pcm_fftMag_spectralSkewness_sma_risetime;pcm_fftMag_spectralSkewness_sma_leftctime;pcm_fftMag_spectralSkewness_sma_lpgain;pcm_fftMag_spectralSkewness_sma_lpc0;pcm_fftMag_spectralSkewness_sma_lpc1;pcm_fftMag_spectralSkewness_sma_lpc2;pcm_fftMag_spectralSkewness_sma_lpc3;pcm_fftMag_spectralSkewness_sma_lpc4;pcm_fftMag_spectralKurtosis_sma_range;pcm_fftMag_spectralKurtosis_sma_maxPos;pcm_fftMag_spectralKurtosis_sma_minPos;pcm_fftMag_spectralKurtosis_sma_quartile1;pcm_fftMag_spectralKurtosis_sma_quartile2;pcm_fftMag_spectralKurtosis_sma_quartile3;pcm_fftMag_spectralKurtosis_sma_iqr1-2;pcm_fftMag_spectralKurtosis_sma_iqr2-3;pcm_fftMag_spectralKurtosis_sma_iqr1-3;pcm_fftMag_spectralKurtosis_sma_percentile1.0;pcm_fftMag_spectralKurtosis_sma_percentile99.0;pcm_fftMag_spectralKurtosis_sma_pctlrange0-1;pcm_fftMag_spectralKurtosis_sma_stddev;pcm_fftMag_spectralKurtosis_sma_skewness;pcm_fftMag_spectralKurtosis_sma_kurtosis;pcm_fftMag_spectralKurtosis_sma_meanSegLen;pcm_fftMag_spectralKurtosis_sma_maxSegLen;pcm_fftMag_spectralKurtosis_sma_minSegLen;pcm_fftMag_spectralKurtosis_sma_segLenStddev;pcm_fftMag_spectralKurtosis_sma_upleveltime25;pcm_fftMag_spectralKurtosis_sma_upleveltime50;pcm_fftMag_spectralKurtosis_sma_upleveltime75;pcm_fftMag_spectralKurtosis_sma_upleveltime90;pcm_fftMag_spectralKurtosis_sma_risetime;pcm_fftMag_spectralKurtosis_sma_leftctime;pcm_fftMag_spectralKurtosis_sma_lpgain;pcm_fftMag_spectralKurtosis_sma_lpc0;pcm_fftMag_spectralKurtosis_sma_lpc1;pcm_fftMag_spectralKurtosis_sma_lpc2;pcm_fftMag_spectralKurtosis_sma_lpc3;pcm_fftMag_spectralKurtosis_sma_lpc4;pcm_fftMag_spectralSlope_sma_range;pcm_fftMag_spectralSlope_sma_maxPos;pcm_fftMag_spectralSlope_sma_minPos;pcm_fftMag_spectralSlope_sma_quartile1;pcm_fftMag_spectralSlope_sma_quartile2;pcm_fftMag_spectralSlope_sma_quartile3;pcm_fftMag_spectralSlope_sma_iqr1-2;pcm_fftMag_spectralSlope_sma_iqr2-3;pcm_fftMag_spectralSlope_sma_iqr1-3;pcm_fftMag_spectralSlope_sma_percentile1.0;pcm_fftMag_spectralSlope_sma_percentile99.0;pcm_fftMag_spectralSlope_sma_pctlrange0-1;pcm_fftMag_spectralSlope_sma_stddev;pcm_fftMag_spectralSlope_sma_skewness;pcm_fftMag_spectralSlope_sma_kurtosis;pcm_fftMag_spectralSlope_sma_meanSegLen;pcm_fftMag_spectralSlope_sma_maxSegLen;pcm_fftMag_spectralSlope_sma_minSegLen;pcm_fftMag_spectralSlope_sma_segLenStddev;pcm_fftMag_spectralSlope_sma_upleveltime25;pcm_fftMag_spectralSlope_sma_upleveltime50;pcm_fftMag_spectralSlope_sma_upleveltime75;pcm_fftMag_spectralSlope_sma_upleveltime90;pcm_fftMag_spectralSlope_sma_risetime;pcm_fftMag_spectralSlope_sma_leftctime;pcm_fftMag_spectralSlope_sma_lpgain;pcm_fftMag_spectralSlope_sma_lpc0;pcm_fftMag_spectralSlope_sma_lpc1;pcm_fftMag_spectralSlope_sma_lpc2;pcm_fftMag_spectralSlope_sma_lpc3;pcm_fftMag_spectralSlope_sma_lpc4;pcm_fftMag_psySharpness_sma_range;pcm_fftMag_psySharpness_sma_maxPos;pcm_fftMag_psySharpness_sma_minPos;pcm_fftMag_psySharpness_sma_quartile1;pcm_fftMag_psySharpness_sma_quartile2;pcm_fftMag_psySharpness_sma_quartile3;pcm_fftMag_psySharpness_sma_iqr1-2;pcm_fftMag_psySharpness_sma_iqr2-3;pcm_fftMag_psySharpness_sma_iqr1-3;pcm_fftMag_psySharpness_sma_percentile1.0;pcm_fftMag_psySharpness_sma_percentile99.0;pcm_fftMag_psySharpness_sma_pctlrange0-1;pcm_fftMag_psySharpness_sma_stddev;pcm_fftMag_psySharpness_sma_skewness;pcm_fftMag_psySharpness_sma_kurtosis;pcm_fftMag_psySharpness_sma_meanSegLen;pcm_fftMag_psySharpness_sma_maxSegLen;pcm_fftMag_psySharpness_sma_minSegLen;pcm_fftMag_psySharpness_sma_segLenStddev;pcm_fftMag_psySharpness_sma_upleveltime25;pcm_fftMag_psySharpness_sma_upleveltime50;pcm_fftMag_psySharpness_sma_upleveltime75;pcm_fftMag_psySharpness_sma_upleveltime90;pcm_fftMag_psySharpness_sma_risetime;pcm_fftMag_psySharpness_sma_leftctime;pcm_fftMag_psySharpness_sma_lpgain;pcm_fftMag_psySharpness_sma_lpc0;pcm_fftMag_psySharpness_sma_lpc1;pcm_fftMag_psySharpness_sma_lpc2;pcm_fftMag_psySharpness_sma_lpc3;pcm_fftMag_psySharpness_sma_lpc4;pcm_fftMag_spectralHarmonicity_sma_range;pcm_fftMag_spectralHarmonicity_sma_maxPos;pcm_fftMag_spectralHarmonicity_sma_minPos;pcm_fftMag_spectralHarmonicity_sma_quartile1;pcm_fftMag_spectralHarmonicity_sma_quartile2;pcm_fftMag_spectralHarmonicity_sma_quartile3;pcm_fftMag_spectralHarmonicity_sma_iqr1-2;pcm_fftMag_spectralHarmonicity_sma_iqr2-3;pcm_fftMag_spectralHarmonicity_sma_iqr1-3;pcm_fftMag_spectralHarmonicity_sma_percentile1.0;pcm_fftMag_spectralHarmonicity_sma_percentile99.0;pcm_fftMag_spectralHarmonicity_sma_pctlrange0-1;pcm_fftMag_spectralHarmonicity_sma_stddev;pcm_fftMag_spectralHarmonicity_sma_skewness;pcm_fftMag_spectralHarmonicity_sma_kurtosis;pcm_fftMag_spectralHarmonicity_sma_meanSegLen;pcm_fftMag_spectralHarmonicity_sma_maxSegLen;pcm_fftMag_spectralHarmonicity_sma_minSegLen;pcm_fftMag_spectralHarmonicity_sma_segLenStddev;pcm_fftMag_spectralHarmonicity_sma_upleveltime25;pcm_fftMag_spectralHarmonicity_sma_upleveltime50;pcm_fftMag_spectralHarmonicity_sma_upleveltime75;pcm_fftMag_spectralHarmonicity_sma_upleveltime90;pcm_fftMag_spectralHarmonicity_sma_risetime;pcm_fftMag_spectralHarmonicity_sma_leftctime;pcm_fftMag_spectralHarmonicity_sma_lpgain;pcm_fftMag_spectralHarmonicity_sma_lpc0;pcm_fftMag_spectralHarmonicity_sma_lpc1;pcm_fftMag_spectralHarmonicity_sma_lpc2;pcm_fftMag_spectralHarmonicity_sma_lpc3;pcm_fftMag_spectralHarmonicity_sma_lpc4;mfcc_sma[1]_range;mfcc_sma[1]_maxPos;mfcc_sma[1]_minPos;mfcc_sma[1]_quartile1;mfcc_sma[1]_quartile2;mfcc_sma[1]_quartile3;mfcc_sma[1]_iqr1-2;mfcc_sma[1]_iqr2-3;mfcc_sma[1]_iqr1-3;mfcc_sma[1]_percentile1.0;mfcc_sma[1]_percentile99.0;mfcc_sma[1]_pctlrange0-1;mfcc_sma[1]_stddev;mfcc_sma[1]_skewness;mfcc_sma[1]_kurtosis;mfcc_sma[1]_meanSegLen;mfcc_sma[1]_maxSegLen;mfcc_sma[1]_minSegLen;mfcc_sma[1]_segLenStddev;mfcc_sma[1]_upleveltime25;mfcc_sma[1]_upleveltime50;mfcc_sma[1]_upleveltime75;mfcc_sma[1]_upleveltime90;mfcc_sma[1]_risetime;mfcc_sma[1]_leftctime;mfcc_sma[1]_lpgain;mfcc_sma[1]_lpc0;mfcc_sma[1]_lpc1;mfcc_sma[1]_lpc2;mfcc_sma[1]_lpc3;mfcc_sma[1]_lpc4;mfcc_sma[2]_range;mfcc_sma[2]_maxPos;mfcc_sma[2]_minPos;mfcc_sma[2]_quartile1;mfcc_sma[2]_quartile2;mfcc_sma[2]_quartile3;mfcc_sma[2]_iqr1-2;mfcc_sma[2]_iqr2-3;mfcc_sma[2]_iqr1-3;mfcc_sma[2]_percentile1.0;mfcc_sma[2]_percentile99.0;mfcc_sma[2]_pctlrange0-1;mfcc_sma[2]_stddev;mfcc_sma[2]_skewness;mfcc_sma[2]_kurtosis;mfcc_sma[2]_meanSegLen;mfcc_sma[2]_maxSegLen;mfcc_sma[2]_minSegLen;mfcc_sma[2]_segLenStddev;mfcc_sma[2]_upleveltime25;mfcc_sma[2]_upleveltime50;mfcc_sma[2]_upleveltime75;mfcc_sma[2]_upleveltime90;mfcc_sma[2]_risetime;mfcc_sma[2]_leftctime;mfcc_sma[2]_lpgain;mfcc_sma[2]_lpc0;mfcc_sma[2]_lpc1;mfcc_sma[2]_lpc2;mfcc_sma[2]_lpc3;mfcc_sma[2]_lpc4;mfcc_sma[3]_range;mfcc_sma[3]_maxPos;mfcc_sma[3]_minPos;mfcc_sma[3]_quartile1;mfcc_sma[3]_quartile2;mfcc_sma[3]_quartile3;mfcc_sma[3]_iqr1-2;mfcc_sma[3]_iqr2-3;mfcc_sma[3]_iqr1-3;mfcc_sma[3]_percentile1.0;mfcc_sma[3]_percentile99.0;mfcc_sma[3]_pctlrange0-1;mfcc_sma[3]_stddev;mfcc_sma[3]_skewness;mfcc_sma[3]_kurtosis;mfcc_sma[3]_meanSegLen;mfcc_sma[3]_maxSegLen;mfcc_sma[3]_minSegLen;mfcc_sma[3]_segLenStddev;mfcc_sma[3]_upleveltime25;mfcc_sma[3]_upleveltime50;mfcc_sma[3]_upleveltime75;mfcc_sma[3]_upleveltime90;mfcc_sma[3]_risetime;mfcc_sma[3]_leftctime;mfcc_sma[3]_lpgain;mfcc_sma[3]_lpc0;mfcc_sma[3]_lpc1;mfcc_sma[3]_lpc2;mfcc_sma[3]_lpc3;mfcc_sma[3]_lpc4;mfcc_sma[4]_range;mfcc_sma[4]_maxPos;mfcc_sma[4]_minPos;mfcc_sma[4]_quartile1;mfcc_sma[4]_quartile2;mfcc_sma[4]_quartile3;mfcc_sma[4]_iqr1-2;mfcc_sma[4]_iqr2-3;mfcc_sma[4]_iqr1-3;mfcc_sma[4]_percentile1.0;mfcc_sma[4]_percentile99.0;mfcc_sma[4]_pctlrange0-1;mfcc_sma[4]_stddev;mfcc_sma[4]_skewness;mfcc_sma[4]_kurtosis;mfcc_sma[4]_meanSegLen;mfcc_sma[4]_maxSegLen;mfcc_sma[4]_minSegLen;mfcc_sma[4]_segLenStddev;mfcc_sma[4]_upleveltime25;mfcc_sma[4]_upleveltime50;mfcc_sma[4]_upleveltime75;mfcc_sma[4]_upleveltime90;mfcc_sma[4]_risetime;mfcc_sma[4]_leftctime;mfcc_sma[4]_lpgain;mfcc_sma[4]_lpc0;mfcc_sma[4]_lpc1;mfcc_sma[4]_lpc2;mfcc_sma[4]_lpc3;mfcc_sma[4]_lpc4;mfcc_sma[5]_range;mfcc_sma[5]_maxPos;mfcc_sma[5]_minPos;mfcc_sma[5]_quartile1;mfcc_sma[5]_quartile2;mfcc_sma[5]_quartile3;mfcc_sma[5]_iqr1-2;mfcc_sma[5]_iqr2-3;mfcc_sma[5]_iqr1-3;mfcc_sma[5]_percentile1.0;mfcc_sma[5]_percentile99.0;mfcc_sma[5]_pctlrange0-1;mfcc_sma[5]_stddev;mfcc_sma[5]_skewness;mfcc_sma[5]_kurtosis;mfcc_sma[5]_meanSegLen;mfcc_sma[5]_maxSegLen;mfcc_sma[5]_minSegLen;mfcc_sma[5]_segLenStddev;mfcc_sma[5]_upleveltime25;mfcc_sma[5]_upleveltime50;mfcc_sma[5]_upleveltime75;mfcc_sma[5]_upleveltime90;mfcc_sma[5]_risetime;mfcc_sma[5]_leftctime;mfcc_sma[5]_lpgain;mfcc_sma[5]_lpc0;mfcc_sma[5]_lpc1;mfcc_sma[5]_lpc2;mfcc_sma[5]_lpc3;mfcc_sma[5]_lpc4;mfcc_sma[6]_range;mfcc_sma[6]_maxPos;mfcc_sma[6]_minPos;mfcc_sma[6]_quartile1;mfcc_sma[6]_quartile2;mfcc_sma[6]_quartile3;mfcc_sma[6]_iqr1-2;mfcc_sma[6]_iqr2-3;mfcc_sma[6]_iqr1-3;mfcc_sma[6]_percentile1.0;mfcc_sma[6]_percentile99.0;mfcc_sma[6]_pctlrange0-1;mfcc_sma[6]_stddev;mfcc_sma[6]_skewness;mfcc_sma[6]_kurtosis;mfcc_sma[6]_meanSegLen;mfcc_sma[6]_maxSegLen;mfcc_sma[6]_minSegLen;mfcc_sma[6]_segLenStddev;mfcc_sma[6]_upleveltime25;mfcc_sma[6]_upleveltime50;mfcc_sma[6]_upleveltime75;mfcc_sma[6]_upleveltime90;mfcc_sma[6]_risetime;mfcc_sma[6]_leftctime;mfcc_sma[6]_lpgain;mfcc_sma[6]_lpc0;mfcc_sma[6]_lpc1;mfcc_sma[6]_lpc2;mfcc_sma[6]_lpc3;mfcc_sma[6]_lpc4;mfcc_sma[7]_range;mfcc_sma[7]_maxPos;mfcc_sma[7]_minPos;mfcc_sma[7]_quartile1;mfcc_sma[7]_quartile2;mfcc_sma[7]_quartile3;mfcc_sma[7]_iqr1-2;mfcc_sma[7]_iqr2-3;mfcc_sma[7]_iqr1-3;mfcc_sma[7]_percentile1.0;mfcc_sma[7]_percentile99.0;mfcc_sma[7]_pctlrange0-1;mfcc_sma[7]_stddev;mfcc_sma[7]_skewness;mfcc_sma[7]_kurtosis;mfcc_sma[7]_meanSegLen;mfcc_sma[7]_maxSegLen;mfcc_sma[7]_minSegLen;mfcc_sma[7]_segLenStddev;mfcc_sma[7]_upleveltime25;mfcc_sma[7]_upleveltime50;mfcc_sma[7]_upleveltime75;mfcc_sma[7]_upleveltime90;mfcc_sma[7]_risetime;mfcc_sma[7]_leftctime;mfcc_sma[7]_lpgain;mfcc_sma[7]_lpc0;mfcc_sma[7]_lpc1;mfcc_sma[7]_lpc2;mfcc_sma[7]_lpc3;mfcc_sma[7]_lpc4;mfcc_sma[8]_range;mfcc_sma[8]_maxPos;mfcc_sma[8]_minPos;mfcc_sma[8]_quartile1;mfcc_sma[8]_quartile2;mfcc_sma[8]_quartile3;mfcc_sma[8]_iqr1-2;mfcc_sma[8]_iqr2-3;mfcc_sma[8]_iqr1-3;mfcc_sma[8]_percentile1.0;mfcc_sma[8]_percentile99.0;mfcc_sma[8]_pctlrange0-1;mfcc_sma[8]_stddev;mfcc_sma[8]_skewness;mfcc_sma[8]_kurtosis;mfcc_sma[8]_meanSegLen;mfcc_sma[8]_maxSegLen;mfcc_sma[8]_minSegLen;mfcc_sma[8]_segLenStddev;mfcc_sma[8]_upleveltime25;mfcc_sma[8]_upleveltime50;mfcc_sma[8]_upleveltime75;mfcc_sma[8]_upleveltime90;mfcc_sma[8]_risetime;mfcc_sma[8]_leftctime;mfcc_sma[8]_lpgain;mfcc_sma[8]_lpc0;mfcc_sma[8]_lpc1;mfcc_sma[8]_lpc2;mfcc_sma[8]_lpc3;mfcc_sma[8]_lpc4;mfcc_sma[9]_range;mfcc_sma[9]_maxPos;mfcc_sma[9]_minPos;mfcc_sma[9]_quartile1;mfcc_sma[9]_quartile2;mfcc_sma[9]_quartile3;mfcc_sma[9]_iqr1-2;mfcc_sma[9]_iqr2-3;mfcc_sma[9]_iqr1-3;mfcc_sma[9]_percentile1.0;mfcc_sma[9]_percentile99.0;mfcc_sma[9]_pctlrange0-1;mfcc_sma[9]_stddev;mfcc_sma[9]_skewness;mfcc_sma[9]_kurtosis;mfcc_sma[9]_meanSegLen;mfcc_sma[9]_maxSegLen;mfcc_sma[9]_minSegLen;mfcc_sma[9]_segLenStddev;mfcc_sma[9]_upleveltime25;mfcc_sma[9]_upleveltime50;mfcc_sma[9]_upleveltime75;mfcc_sma[9]_upleveltime90;mfcc_sma[9]_risetime;mfcc_sma[9]_leftctime;mfcc_sma[9]_lpgain;mfcc_sma[9]_lpc0;mfcc_sma[9]_lpc1;mfcc_sma[9]_lpc2;mfcc_sma[9]_lpc3;mfcc_sma[9]_lpc4;mfcc_sma[10]_range;mfcc_sma[10]_maxPos;mfcc_sma[10]_minPos;mfcc_sma[10]_quartile1;mfcc_sma[10]_quartile2;mfcc_sma[10]_quartile3;mfcc_sma[10]_iqr1-2;mfcc_sma[10]_iqr2-3;mfcc_sma[10]_iqr1-3;mfcc_sma[10]_percentile1.0;mfcc_sma[10]_percentile99.0;mfcc_sma[10]_pctlrange0-1;mfcc_sma[10]_stddev;mfcc_sma[10]_skewness;mfcc_sma[10]_kurtosis;mfcc_sma[10]_meanSegLen;mfcc_sma[10]_maxSegLen;mfcc_sma[10]_minSegLen;mfcc_sma[10]_segLenStddev;mfcc_sma[10]_upleveltime25;mfcc_sma[10]_upleveltime50;mfcc_sma[10]_upleveltime75;mfcc_sma[10]_upleveltime90;mfcc_sma[10]_risetime;mfcc_sma[10]_leftctime;mfcc_sma[10]_lpgain;mfcc_sma[10]_lpc0;mfcc_sma[10]_lpc1;mfcc_sma[10]_lpc2;mfcc_sma[10]_lpc3;mfcc_sma[10]_lpc4;mfcc_sma[11]_range;mfcc_sma[11]_maxPos;mfcc_sma[11]_minPos;mfcc_sma[11]_quartile1;mfcc_sma[11]_quartile2;mfcc_sma[11]_quartile3;mfcc_sma[11]_iqr1-2;mfcc_sma[11]_iqr2-3;mfcc_sma[11]_iqr1-3;mfcc_sma[11]_percentile1.0;mfcc_sma[11]_percentile99.0;mfcc_sma[11]_pctlrange0-1;mfcc_sma[11]_stddev;mfcc_sma[11]_skewness;mfcc_sma[11]_kurtosis;mfcc_sma[11]_meanSegLen;mfcc_sma[11]_maxSegLen;mfcc_sma[11]_minSegLen;mfcc_sma[11]_segLenStddev;mfcc_sma[11]_upleveltime25;mfcc_sma[11]_upleveltime50;mfcc_sma[11]_upleveltime75;mfcc_sma[11]_upleveltime90;mfcc_sma[11]_risetime;mfcc_sma[11]_leftctime;mfcc_sma[11]_lpgain;mfcc_sma[11]_lpc0;mfcc_sma[11]_lpc1;mfcc_sma[11]_lpc2;mfcc_sma[11]_lpc3;mfcc_sma[11]_lpc4;mfcc_sma[12]_range;mfcc_sma[12]_maxPos;mfcc_sma[12]_minPos;mfcc_sma[12]_quartile1;mfcc_sma[12]_quartile2;mfcc_sma[12]_quartile3;mfcc_sma[12]_iqr1-2;mfcc_sma[12]_iqr2-3;mfcc_sma[12]_iqr1-3;mfcc_sma[12]_percentile1.0;mfcc_sma[12]_percentile99.0;mfcc_sma[12]_pctlrange0-1;mfcc_sma[12]_stddev;mfcc_sma[12]_skewness;mfcc_sma[12]_kurtosis;mfcc_sma[12]_meanSegLen;mfcc_sma[12]_maxSegLen;mfcc_sma[12]_minSegLen;mfcc_sma[12]_segLenStddev;mfcc_sma[12]_upleveltime25;mfcc_sma[12]_upleveltime50;mfcc_sma[12]_upleveltime75;mfcc_sma[12]_upleveltime90;mfcc_sma[12]_risetime;mfcc_sma[12]_leftctime;mfcc_sma[12]_lpgain;mfcc_sma[12]_lpc0;mfcc_sma[12]_lpc1;mfcc_sma[12]_lpc2;mfcc_sma[12]_lpc3;mfcc_sma[12]_lpc4;mfcc_sma[13]_range;mfcc_sma[13]_maxPos;mfcc_sma[13]_minPos;mfcc_sma[13]_quartile1;mfcc_sma[13]_quartile2;mfcc_sma[13]_quartile3;mfcc_sma[13]_iqr1-2;mfcc_sma[13]_iqr2-3;mfcc_sma[13]_iqr1-3;mfcc_sma[13]_percentile1.0;mfcc_sma[13]_percentile99.0;mfcc_sma[13]_pctlrange0-1;mfcc_sma[13]_stddev;mfcc_sma[13]_skewness;mfcc_sma[13]_kurtosis;mfcc_sma[13]_meanSegLen;mfcc_sma[13]_maxSegLen;mfcc_sma[13]_minSegLen;mfcc_sma[13]_segLenStddev;mfcc_sma[13]_upleveltime25;mfcc_sma[13]_upleveltime50;mfcc_sma[13]_upleveltime75;mfcc_sma[13]_upleveltime90;mfcc_sma[13]_risetime;mfcc_sma[13]_leftctime;mfcc_sma[13]_lpgain;mfcc_sma[13]_lpc0;mfcc_sma[13]_lpc1;mfcc_sma[13]_lpc2;mfcc_sma[13]_lpc3;mfcc_sma[13]_lpc4;mfcc_sma[14]_range;mfcc_sma[14]_maxPos;mfcc_sma[14]_minPos;mfcc_sma[14]_quartile1;mfcc_sma[14]_quartile2;mfcc_sma[14]_quartile3;mfcc_sma[14]_iqr1-2;mfcc_sma[14]_iqr2-3;mfcc_sma[14]_iqr1-3;mfcc_sma[14]_percentile1.0;mfcc_sma[14]_percentile99.0;mfcc_sma[14]_pctlrange0-1;mfcc_sma[14]_stddev;mfcc_sma[14]_skewness;mfcc_sma[14]_kurtosis;mfcc_sma[14]_meanSegLen;mfcc_sma[14]_maxSegLen;mfcc_sma[14]_minSegLen;mfcc_sma[14]_segLenStddev;mfcc_sma[14]_upleveltime25;mfcc_sma[14]_upleveltime50;mfcc_sma[14]_upleveltime75;mfcc_sma[14]_upleveltime90;mfcc_sma[14]_risetime;mfcc_sma[14]_leftctime;mfcc_sma[14]_lpgain;mfcc_sma[14]_lpc0;mfcc_sma[14]_lpc1;mfcc_sma[14]_lpc2;mfcc_sma[14]_lpc3;mfcc_sma[14]_lpc4;audSpec_Rfilt_sma_de[0]_range;audSpec_Rfilt_sma_de[0]_maxPos;audSpec_Rfilt_sma_de[0]_minPos;audSpec_Rfilt_sma_de[0]_quartile1;audSpec_Rfilt_sma_de[0]_quartile2;audSpec_Rfilt_sma_de[0]_quartile3;audSpec_Rfilt_sma_de[0]_iqr1-2;audSpec_Rfilt_sma_de[0]_iqr2-3;audSpec_Rfilt_sma_de[0]_iqr1-3;audSpec_Rfilt_sma_de[0]_percentile1.0;audSpec_Rfilt_sma_de[0]_percentile99.0;audSpec_Rfilt_sma_de[0]_pctlrange0-1;audSpec_Rfilt_sma_de[0]_stddev;audSpec_Rfilt_sma_de[0]_skewness;audSpec_Rfilt_sma_de[0]_kurtosis;audSpec_Rfilt_sma_de[0]_meanSegLen;audSpec_Rfilt_sma_de[0]_maxSegLen;audSpec_Rfilt_sma_de[0]_minSegLen;audSpec_Rfilt_sma_de[0]_segLenStddev;audSpec_Rfilt_sma_de[0]_upleveltime25;audSpec_Rfilt_sma_de[0]_upleveltime50;audSpec_Rfilt_sma_de[0]_upleveltime75;audSpec_Rfilt_sma_de[0]_upleveltime90;audSpec_Rfilt_sma_de[0]_risetime;audSpec_Rfilt_sma_de[0]_leftctime;audSpec_Rfilt_sma_de[0]_lpgain;audSpec_Rfilt_sma_de[0]_lpc0;audSpec_Rfilt_sma_de[0]_lpc1;audSpec_Rfilt_sma_de[0]_lpc2;audSpec_Rfilt_sma_de[0]_lpc3;audSpec_Rfilt_sma_de[0]_lpc4;audSpec_Rfilt_sma_de[1]_range;audSpec_Rfilt_sma_de[1]_maxPos;audSpec_Rfilt_sma_de[1]_minPos;audSpec_Rfilt_sma_de[1]_quartile1;audSpec_Rfilt_sma_de[1]_quartile2;audSpec_Rfilt_sma_de[1]_quartile3;audSpec_Rfilt_sma_de[1]_iqr1-2;audSpec_Rfilt_sma_de[1]_iqr2-3;audSpec_Rfilt_sma_de[1]_iqr1-3;audSpec_Rfilt_sma_de[1]_percentile1.0;audSpec_Rfilt_sma_de[1]_percentile99.0;audSpec_Rfilt_sma_de[1]_pctlrange0-1;audSpec_Rfilt_sma_de[1]_stddev;audSpec_Rfilt_sma_de[1]_skewness;audSpec_Rfilt_sma_de[1]_kurtosis;audSpec_Rfilt_sma_de[1]_meanSegLen;audSpec_Rfilt_sma_de[1]_maxSegLen;audSpec_Rfilt_sma_de[1]_minSegLen;audSpec_Rfilt_sma_de[1]_segLenStddev;audSpec_Rfilt_sma_de[1]_upleveltime25;audSpec_Rfilt_sma_de[1]_upleveltime50;audSpec_Rfilt_sma_de[1]_upleveltime75;audSpec_Rfilt_sma_de[1]_upleveltime90;audSpec_Rfilt_sma_de[1]_risetime;audSpec_Rfilt_sma_de[1]_leftctime;audSpec_Rfilt_sma_de[1]_lpgain;audSpec_Rfilt_sma_de[1]_lpc0;audSpec_Rfilt_sma_de[1]_lpc1;audSpec_Rfilt_sma_de[1]_lpc2;audSpec_Rfilt_sma_de[1]_lpc3;audSpec_Rfilt_sma_de[1]_lpc4;audSpec_Rfilt_sma_de[2]_range;audSpec_Rfilt_sma_de[2]_maxPos;audSpec_Rfilt_sma_de[2]_minPos;audSpec_Rfilt_sma_de[2]_quartile1;audSpec_Rfilt_sma_de[2]_quartile2;audSpec_Rfilt_sma_de[2]_quartile3;audSpec_Rfilt_sma_de[2]_iqr1-2;audSpec_Rfilt_sma_de[2]_iqr2-3;audSpec_Rfilt_sma_de[2]_iqr1-3;audSpec_Rfilt_sma_de[2]_percentile1.0;audSpec_Rfilt_sma_de[2]_percentile99.0;audSpec_Rfilt_sma_de[2]_pctlrange0-1;audSpec_Rfilt_sma_de[2]_stddev;audSpec_Rfilt_sma_de[2]_skewness;audSpec_Rfilt_sma_de[2]_kurtosis;audSpec_Rfilt_sma_de[2]_meanSegLen;audSpec_Rfilt_sma_de[2]_maxSegLen;audSpec_Rfilt_sma_de[2]_minSegLen;audSpec_Rfilt_sma_de[2]_segLenStddev;audSpec_Rfilt_sma_de[2]_upleveltime25;audSpec_Rfilt_sma_de[2]_upleveltime50;audSpec_Rfilt_sma_de[2]_upleveltime75;audSpec_Rfilt_sma_de[2]_upleveltime90;audSpec_Rfilt_sma_de[2]_risetime;audSpec_Rfilt_sma_de[2]_leftctime;audSpec_Rfilt_sma_de[2]_lpgain;audSpec_Rfilt_sma_de[2]_lpc0;audSpec_Rfilt_sma_de[2]_lpc1;audSpec_Rfilt_sma_de[2]_lpc2;audSpec_Rfilt_sma_de[2]_lpc3;audSpec_Rfilt_sma_de[2]_lpc4;audSpec_Rfilt_sma_de[3]_range;audSpec_Rfilt_sma_de[3]_maxPos;audSpec_Rfilt_sma_de[3]_minPos;audSpec_Rfilt_sma_de[3]_quartile1;audSpec_Rfilt_sma_de[3]_quartile2;audSpec_Rfilt_sma_de[3]_quartile3;audSpec_Rfilt_sma_de[3]_iqr1-2;audSpec_Rfilt_sma_de[3]_iqr2-3;audSpec_Rfilt_sma_de[3]_iqr1-3;audSpec_Rfilt_sma_de[3]_percentile1.0;audSpec_Rfilt_sma_de[3]_percentile99.0;audSpec_Rfilt_sma_de[3]_pctlrange0-1;audSpec_Rfilt_sma_de[3]_stddev;audSpec_Rfilt_sma_de[3]_skewness;audSpec_Rfilt_sma_de[3]_kurtosis;audSpec_Rfilt_sma_de[3]_meanSegLen;audSpec_Rfilt_sma_de[3]_maxSegLen;audSpec_Rfilt_sma_de[3]_minSegLen;audSpec_Rfilt_sma_de[3]_segLenStddev;audSpec_Rfilt_sma_de[3]_upleveltime25;audSpec_Rfilt_sma_de[3]_upleveltime50;audSpec_Rfilt_sma_de[3]_upleveltime75;audSpec_Rfilt_sma_de[3]_upleveltime90;audSpec_Rfilt_sma_de[3]_risetime;audSpec_Rfilt_sma_de[3]_leftctime;audSpec_Rfilt_sma_de[3]_lpgain;audSpec_Rfilt_sma_de[3]_lpc0;audSpec_Rfilt_sma_de[3]_lpc1;audSpec_Rfilt_sma_de[3]_lpc2;audSpec_Rfilt_sma_de[3]_lpc3;audSpec_Rfilt_sma_de[3]_lpc4;audSpec_Rfilt_sma_de[4]_range;audSpec_Rfilt_sma_de[4]_maxPos;audSpec_Rfilt_sma_de[4]_minPos;audSpec_Rfilt_sma_de[4]_quartile1;audSpec_Rfilt_sma_de[4]_quartile2;audSpec_Rfilt_sma_de[4]_quartile3;audSpec_Rfilt_sma_de[4]_iqr1-2;audSpec_Rfilt_sma_de[4]_iqr2-3;audSpec_Rfilt_sma_de[4]_iqr1-3;audSpec_Rfilt_sma_de[4]_percentile1.0;audSpec_Rfilt_sma_de[4]_percentile99.0;audSpec_Rfilt_sma_de[4]_pctlrange0-1;audSpec_Rfilt_sma_de[4]_stddev;audSpec_Rfilt_sma_de[4]_skewness;audSpec_Rfilt_sma_de[4]_kurtosis;audSpec_Rfilt_sma_de[4]_meanSegLen;audSpec_Rfilt_sma_de[4]_maxSegLen;audSpec_Rfilt_sma_de[4]_minSegLen;audSpec_Rfilt_sma_de[4]_segLenStddev;audSpec_Rfilt_sma_de[4]_upleveltime25;audSpec_Rfilt_sma_de[4]_upleveltime50;audSpec_Rfilt_sma_de[4]_upleveltime75;audSpec_Rfilt_sma_de[4]_upleveltime90;audSpec_Rfilt_sma_de[4]_risetime;audSpec_Rfilt_sma_de[4]_leftctime;audSpec_Rfilt_sma_de[4]_lpgain;audSpec_Rfilt_sma_de[4]_lpc0;audSpec_Rfilt_sma_de[4]_lpc1;audSpec_Rfilt_sma_de[4]_lpc2;audSpec_Rfilt_sma_de[4]_lpc3;audSpec_Rfilt_sma_de[4]_lpc4;audSpec_Rfilt_sma_de[5]_range;audSpec_Rfilt_sma_de[5]_maxPos;audSpec_Rfilt_sma_de[5]_minPos;audSpec_Rfilt_sma_de[5]_quartile1;audSpec_Rfilt_sma_de[5]_quartile2;audSpec_Rfilt_sma_de[5]_quartile3;audSpec_Rfilt_sma_de[5]_iqr1-2;audSpec_Rfilt_sma_de[5]_iqr2-3;audSpec_Rfilt_sma_de[5]_iqr1-3;audSpec_Rfilt_sma_de[5]_percentile1.0;audSpec_Rfilt_sma_de[5]_percentile99.0;audSpec_Rfilt_sma_de[5]_pctlrange0-1;audSpec_Rfilt_sma_de[5]_stddev;audSpec_Rfilt_sma_de[5]_skewness;audSpec_Rfilt_sma_de[5]_kurtosis;audSpec_Rfilt_sma_de[5]_meanSegLen;audSpec_Rfilt_sma_de[5]_maxSegLen;audSpec_Rfilt_sma_de[5]_minSegLen;audSpec_Rfilt_sma_de[5]_segLenStddev;audSpec_Rfilt_sma_de[5]_upleveltime25;audSpec_Rfilt_sma_de[5]_upleveltime50;audSpec_Rfilt_sma_de[5]_upleveltime75;audSpec_Rfilt_sma_de[5]_upleveltime90;audSpec_Rfilt_sma_de[5]_risetime;audSpec_Rfilt_sma_de[5]_leftctime;audSpec_Rfilt_sma_de[5]_lpgain;audSpec_Rfilt_sma_de[5]_lpc0;audSpec_Rfilt_sma_de[5]_lpc1;audSpec_Rfilt_sma_de[5]_lpc2;audSpec_Rfilt_sma_de[5]_lpc3;audSpec_Rfilt_sma_de[5]_lpc4;audSpec_Rfilt_sma_de[6]_range;audSpec_Rfilt_sma_de[6]_maxPos;audSpec_Rfilt_sma_de[6]_minPos;audSpec_Rfilt_sma_de[6]_quartile1;audSpec_Rfilt_sma_de[6]_quartile2;audSpec_Rfilt_sma_de[6]_quartile3;audSpec_Rfilt_sma_de[6]_iqr1-2;audSpec_Rfilt_sma_de[6]_iqr2-3;audSpec_Rfilt_sma_de[6]_iqr1-3;audSpec_Rfilt_sma_de[6]_percentile1.0;audSpec_Rfilt_sma_de[6]_percentile99.0;audSpec_Rfilt_sma_de[6]_pctlrange0-1;audSpec_Rfilt_sma_de[6]_stddev;audSpec_Rfilt_sma_de[6]_skewness;audSpec_Rfilt_sma_de[6]_kurtosis;audSpec_Rfilt_sma_de[6]_meanSegLen;audSpec_Rfilt_sma_de[6]_maxSegLen;audSpec_Rfilt_sma_de[6]_minSegLen;audSpec_Rfilt_sma_de[6]_segLenStddev;audSpec_Rfilt_sma_de[6]_upleveltime25;audSpec_Rfilt_sma_de[6]_upleveltime50;audSpec_Rfilt_sma_de[6]_upleveltime75;audSpec_Rfilt_sma_de[6]_upleveltime90;audSpec_Rfilt_sma_de[6]_risetime;audSpec_Rfilt_sma_de[6]_leftctime;audSpec_Rfilt_sma_de[6]_lpgain;audSpec_Rfilt_sma_de[6]_lpc0;audSpec_Rfilt_sma_de[6]_lpc1;audSpec_Rfilt_sma_de[6]_lpc2;audSpec_Rfilt_sma_de[6]_lpc3;audSpec_Rfilt_sma_de[6]_lpc4;audSpec_Rfilt_sma_de[7]_range;audSpec_Rfilt_sma_de[7]_maxPos;audSpec_Rfilt_sma_de[7]_minPos;audSpec_Rfilt_sma_de[7]_quartile1;audSpec_Rfilt_sma_de[7]_quartile2;audSpec_Rfilt_sma_de[7]_quartile3;audSpec_Rfilt_sma_de[7]_iqr1-2;audSpec_Rfilt_sma_de[7]_iqr2-3;audSpec_Rfilt_sma_de[7]_iqr1-3;audSpec_Rfilt_sma_de[7]_percentile1.0;audSpec_Rfilt_sma_de[7]_percentile99.0;audSpec_Rfilt_sma_de[7]_pctlrange0-1;audSpec_Rfilt_sma_de[7]_stddev;audSpec_Rfilt_sma_de[7]_skewness;audSpec_Rfilt_sma_de[7]_kurtosis;audSpec_Rfilt_sma_de[7]_meanSegLen;audSpec_Rfilt_sma_de[7]_maxSegLen;audSpec_Rfilt_sma_de[7]_minSegLen;audSpec_Rfilt_sma_de[7]_segLenStddev;audSpec_Rfilt_sma_de[7]_upleveltime25;audSpec_Rfilt_sma_de[7]_upleveltime50;audSpec_Rfilt_sma_de[7]_upleveltime75;audSpec_Rfilt_sma_de[7]_upleveltime90;audSpec_Rfilt_sma_de[7]_risetime;audSpec_Rfilt_sma_de[7]_leftctime;audSpec_Rfilt_sma_de[7]_lpgain;audSpec_Rfilt_sma_de[7]_lpc0;audSpec_Rfilt_sma_de[7]_lpc1;audSpec_Rfilt_sma_de[7]_lpc2;audSpec_Rfilt_sma_de[7]_lpc3;audSpec_Rfilt_sma_de[7]_lpc4;audSpec_Rfilt_sma_de[8]_range;audSpec_Rfilt_sma_de[8]_maxPos;audSpec_Rfilt_sma_de[8]_minPos;audSpec_Rfilt_sma_de[8]_quartile1;audSpec_Rfilt_sma_de[8]_quartile2;audSpec_Rfilt_sma_de[8]_quartile3;audSpec_Rfilt_sma_de[8]_iqr1-2;audSpec_Rfilt_sma_de[8]_iqr2-3;audSpec_Rfilt_sma_de[8]_iqr1-3;audSpec_Rfilt_sma_de[8]_percentile1.0;audSpec_Rfilt_sma_de[8]_percentile99.0;audSpec_Rfilt_sma_de[8]_pctlrange0-1;audSpec_Rfilt_sma_de[8]_stddev;audSpec_Rfilt_sma_de[8]_skewness;audSpec_Rfilt_sma_de[8]_kurtosis;audSpec_Rfilt_sma_de[8]_meanSegLen;audSpec_Rfilt_sma_de[8]_maxSegLen;audSpec_Rfilt_sma_de[8]_minSegLen;audSpec_Rfilt_sma_de[8]_segLenStddev;audSpec_Rfilt_sma_de[8]_upleveltime25;audSpec_Rfilt_sma_de[8]_upleveltime50;audSpec_Rfilt_sma_de[8]_upleveltime75;audSpec_Rfilt_sma_de[8]_upleveltime90;audSpec_Rfilt_sma_de[8]_risetime;audSpec_Rfilt_sma_de[8]_leftctime;audSpec_Rfilt_sma_de[8]_lpgain;audSpec_Rfilt_sma_de[8]_lpc0;audSpec_Rfilt_sma_de[8]_lpc1;audSpec_Rfilt_sma_de[8]_lpc2;audSpec_Rfilt_sma_de[8]_lpc3;audSpec_Rfilt_sma_de[8]_lpc4;audSpec_Rfilt_sma_de[9]_range;audSpec_Rfilt_sma_de[9]_maxPos;audSpec_Rfilt_sma_de[9]_minPos;audSpec_Rfilt_sma_de[9]_quartile1;audSpec_Rfilt_sma_de[9]_quartile2;audSpec_Rfilt_sma_de[9]_quartile3;audSpec_Rfilt_sma_de[9]_iqr1-2;audSpec_Rfilt_sma_de[9]_iqr2-3;audSpec_Rfilt_sma_de[9]_iqr1-3;audSpec_Rfilt_sma_de[9]_percentile1.0;audSpec_Rfilt_sma_de[9]_percentile99.0;audSpec_Rfilt_sma_de[9]_pctlrange0-1;audSpec_Rfilt_sma_de[9]_stddev;audSpec_Rfilt_sma_de[9]_skewness;audSpec_Rfilt_sma_de[9]_kurtosis;audSpec_Rfilt_sma_de[9]_meanSegLen;audSpec_Rfilt_sma_de[9]_maxSegLen;audSpec_Rfilt_sma_de[9]_minSegLen;audSpec_Rfilt_sma_de[9]_segLenStddev;audSpec_Rfilt_sma_de[9]_upleveltime25;audSpec_Rfilt_sma_de[9]_upleveltime50;audSpec_Rfilt_sma_de[9]_upleveltime75;audSpec_Rfilt_sma_de[9]_upleveltime90;audSpec_Rfilt_sma_de[9]_risetime;audSpec_Rfilt_sma_de[9]_leftctime;audSpec_Rfilt_sma_de[9]_lpgain;audSpec_Rfilt_sma_de[9]_lpc0;audSpec_Rfilt_sma_de[9]_lpc1;audSpec_Rfilt_sma_de[9]_lpc2;audSpec_Rfilt_sma_de[9]_lpc3;audSpec_Rfilt_sma_de[9]_lpc4;audSpec_Rfilt_sma_de[10]_range;audSpec_Rfilt_sma_de[10]_maxPos;audSpec_Rfilt_sma_de[10]_minPos;audSpec_Rfilt_sma_de[10]_quartile1;audSpec_Rfilt_sma_de[10]_quartile2;audSpec_Rfilt_sma_de[10]_quartile3;audSpec_Rfilt_sma_de[10]_iqr1-2;audSpec_Rfilt_sma_de[10]_iqr2-3;audSpec_Rfilt_sma_de[10]_iqr1-3;audSpec_Rfilt_sma_de[10]_percentile1.0;audSpec_Rfilt_sma_de[10]_percentile99.0;audSpec_Rfilt_sma_de[10]_pctlrange0-1;audSpec_Rfilt_sma_de[10]_stddev;audSpec_Rfilt_sma_de[10]_skewness;audSpec_Rfilt_sma_de[10]_kurtosis;audSpec_Rfilt_sma_de[10]_meanSegLen;audSpec_Rfilt_sma_de[10]_maxSegLen;audSpec_Rfilt_sma_de[10]_minSegLen;audSpec_Rfilt_sma_de[10]_segLenStddev;audSpec_Rfilt_sma_de[10]_upleveltime25;audSpec_Rfilt_sma_de[10]_upleveltime50;audSpec_Rfilt_sma_de[10]_upleveltime75;audSpec_Rfilt_sma_de[10]_upleveltime90;audSpec_Rfilt_sma_de[10]_risetime;audSpec_Rfilt_sma_de[10]_leftctime;audSpec_Rfilt_sma_de[10]_lpgain;audSpec_Rfilt_sma_de[10]_lpc0;audSpec_Rfilt_sma_de[10]_lpc1;audSpec_Rfilt_sma_de[10]_lpc2;audSpec_Rfilt_sma_de[10]_lpc3;audSpec_Rfilt_sma_de[10]_lpc4;audSpec_Rfilt_sma_de[11]_range;audSpec_Rfilt_sma_de[11]_maxPos;audSpec_Rfilt_sma_de[11]_minPos;audSpec_Rfilt_sma_de[11]_quartile1;audSpec_Rfilt_sma_de[11]_quartile2;audSpec_Rfilt_sma_de[11]_quartile3;audSpec_Rfilt_sma_de[11]_iqr1-2;audSpec_Rfilt_sma_de[11]_iqr2-3;audSpec_Rfilt_sma_de[11]_iqr1-3;audSpec_Rfilt_sma_de[11]_percentile1.0;audSpec_Rfilt_sma_de[11]_percentile99.0;audSpec_Rfilt_sma_de[11]_pctlrange0-1;audSpec_Rfilt_sma_de[11]_stddev;audSpec_Rfilt_sma_de[11]_skewness;audSpec_Rfilt_sma_de[11]_kurtosis;audSpec_Rfilt_sma_de[11]_meanSegLen;audSpec_Rfilt_sma_de[11]_maxSegLen;audSpec_Rfilt_sma_de[11]_minSegLen;audSpec_Rfilt_sma_de[11]_segLenStddev;audSpec_Rfilt_sma_de[11]_upleveltime25;audSpec_Rfilt_sma_de[11]_upleveltime50;audSpec_Rfilt_sma_de[11]_upleveltime75;audSpec_Rfilt_sma_de[11]_upleveltime90;audSpec_Rfilt_sma_de[11]_risetime;audSpec_Rfilt_sma_de[11]_leftctime;audSpec_Rfilt_sma_de[11]_lpgain;audSpec_Rfilt_sma_de[11]_lpc0;audSpec_Rfilt_sma_de[11]_lpc1;audSpec_Rfilt_sma_de[11]_lpc2;audSpec_Rfilt_sma_de[11]_lpc3;audSpec_Rfilt_sma_de[11]_lpc4;audSpec_Rfilt_sma_de[12]_range;audSpec_Rfilt_sma_de[12]_maxPos;audSpec_Rfilt_sma_de[12]_minPos;audSpec_Rfilt_sma_de[12]_quartile1;audSpec_Rfilt_sma_de[12]_quartile2;audSpec_Rfilt_sma_de[12]_quartile3;audSpec_Rfilt_sma_de[12]_iqr1-2;audSpec_Rfilt_sma_de[12]_iqr2-3;audSpec_Rfilt_sma_de[12]_iqr1-3;audSpec_Rfilt_sma_de[12]_percentile1.0;audSpec_Rfilt_sma_de[12]_percentile99.0;audSpec_Rfilt_sma_de[12]_pctlrange0-1;audSpec_Rfilt_sma_de[12]_stddev;audSpec_Rfilt_sma_de[12]_skewness;audSpec_Rfilt_sma_de[12]_kurtosis;audSpec_Rfilt_sma_de[12]_meanSegLen;audSpec_Rfilt_sma_de[12]_maxSegLen;audSpec_Rfilt_sma_de[12]_minSegLen;audSpec_Rfilt_sma_de[12]_segLenStddev;audSpec_Rfilt_sma_de[12]_upleveltime25;audSpec_Rfilt_sma_de[12]_upleveltime50;audSpec_Rfilt_sma_de[12]_upleveltime75;audSpec_Rfilt_sma_de[12]_upleveltime90;audSpec_Rfilt_sma_de[12]_risetime;audSpec_Rfilt_sma_de[12]_leftctime;audSpec_Rfilt_sma_de[12]_lpgain;audSpec_Rfilt_sma_de[12]_lpc0;audSpec_Rfilt_sma_de[12]_lpc1;audSpec_Rfilt_sma_de[12]_lpc2;audSpec_Rfilt_sma_de[12]_lpc3;audSpec_Rfilt_sma_de[12]_lpc4;audSpec_Rfilt_sma_de[13]_range;audSpec_Rfilt_sma_de[13]_maxPos;audSpec_Rfilt_sma_de[13]_minPos;audSpec_Rfilt_sma_de[13]_quartile1;audSpec_Rfilt_sma_de[13]_quartile2;audSpec_Rfilt_sma_de[13]_quartile3;audSpec_Rfilt_sma_de[13]_iqr1-2;audSpec_Rfilt_sma_de[13]_iqr2-3;audSpec_Rfilt_sma_de[13]_iqr1-3;audSpec_Rfilt_sma_de[13]_percentile1.0;audSpec_Rfilt_sma_de[13]_percentile99.0;audSpec_Rfilt_sma_de[13]_pctlrange0-1;audSpec_Rfilt_sma_de[13]_stddev;audSpec_Rfilt_sma_de[13]_skewness;audSpec_Rfilt_sma_de[13]_kurtosis;audSpec_Rfilt_sma_de[13]_meanSegLen;audSpec_Rfilt_sma_de[13]_maxSegLen;audSpec_Rfilt_sma_de[13]_minSegLen;audSpec_Rfilt_sma_de[13]_segLenStddev;audSpec_Rfilt_sma_de[13]_upleveltime25;audSpec_Rfilt_sma_de[13]_upleveltime50;audSpec_Rfilt_sma_de[13]_upleveltime75;audSpec_Rfilt_sma_de[13]_upleveltime90;audSpec_Rfilt_sma_de[13]_risetime;audSpec_Rfilt_sma_de[13]_leftctime;audSpec_Rfilt_sma_de[13]_lpgain;audSpec_Rfilt_sma_de[13]_lpc0;audSpec_Rfilt_sma_de[13]_lpc1;audSpec_Rfilt_sma_de[13]_lpc2;audSpec_Rfilt_sma_de[13]_lpc3;audSpec_Rfilt_sma_de[13]_lpc4;audSpec_Rfilt_sma_de[14]_range;audSpec_Rfilt_sma_de[14]_maxPos;audSpec_Rfilt_sma_de[14]_minPos;audSpec_Rfilt_sma_de[14]_quartile1;audSpec_Rfilt_sma_de[14]_quartile2;audSpec_Rfilt_sma_de[14]_quartile3;audSpec_Rfilt_sma_de[14]_iqr1-2;audSpec_Rfilt_sma_de[14]_iqr2-3;audSpec_Rfilt_sma_de[14]_iqr1-3;audSpec_Rfilt_sma_de[14]_percentile1.0;audSpec_Rfilt_sma_de[14]_percentile99.0;audSpec_Rfilt_sma_de[14]_pctlrange0-1;audSpec_Rfilt_sma_de[14]_stddev;audSpec_Rfilt_sma_de[14]_skewness;audSpec_Rfilt_sma_de[14]_kurtosis;audSpec_Rfilt_sma_de[14]_meanSegLen;audSpec_Rfilt_sma_de[14]_maxSegLen;audSpec_Rfilt_sma_de[14]_minSegLen;audSpec_Rfilt_sma_de[14]_segLenStddev;audSpec_Rfilt_sma_de[14]_upleveltime25;audSpec_Rfilt_sma_de[14]_upleveltime50;audSpec_Rfilt_sma_de[14]_upleveltime75;audSpec_Rfilt_sma_de[14]_upleveltime90;audSpec_Rfilt_sma_de[14]_risetime;audSpec_Rfilt_sma_de[14]_leftctime;audSpec_Rfilt_sma_de[14]_lpgain;audSpec_Rfilt_sma_de[14]_lpc0;audSpec_Rfilt_sma_de[14]_lpc1;audSpec_Rfilt_sma_de[14]_lpc2;audSpec_Rfilt_sma_de[14]_lpc3;audSpec_Rfilt_sma_de[14]_lpc4;audSpec_Rfilt_sma_de[15]_range;audSpec_Rfilt_sma_de[15]_maxPos;audSpec_Rfilt_sma_de[15]_minPos;audSpec_Rfilt_sma_de[15]_quartile1;audSpec_Rfilt_sma_de[15]_quartile2;audSpec_Rfilt_sma_de[15]_quartile3;audSpec_Rfilt_sma_de[15]_iqr1-2;audSpec_Rfilt_sma_de[15]_iqr2-3;audSpec_Rfilt_sma_de[15]_iqr1-3;audSpec_Rfilt_sma_de[15]_percentile1.0;audSpec_Rfilt_sma_de[15]_percentile99.0;audSpec_Rfilt_sma_de[15]_pctlrange0-1;audSpec_Rfilt_sma_de[15]_stddev;audSpec_Rfilt_sma_de[15]_skewness;audSpec_Rfilt_sma_de[15]_kurtosis;audSpec_Rfilt_sma_de[15]_meanSegLen;audSpec_Rfilt_sma_de[15]_maxSegLen;audSpec_Rfilt_sma_de[15]_minSegLen;audSpec_Rfilt_sma_de[15]_segLenStddev;audSpec_Rfilt_sma_de[15]_upleveltime25;audSpec_Rfilt_sma_de[15]_upleveltime50;audSpec_Rfilt_sma_de[15]_upleveltime75;audSpec_Rfilt_sma_de[15]_upleveltime90;audSpec_Rfilt_sma_de[15]_risetime;audSpec_Rfilt_sma_de[15]_leftctime;audSpec_Rfilt_sma_de[15]_lpgain;audSpec_Rfilt_sma_de[15]_lpc0;audSpec_Rfilt_sma_de[15]_lpc1;audSpec_Rfilt_sma_de[15]_lpc2;audSpec_Rfilt_sma_de[15]_lpc3;audSpec_Rfilt_sma_de[15]_lpc4;audSpec_Rfilt_sma_de[16]_range;audSpec_Rfilt_sma_de[16]_maxPos;audSpec_Rfilt_sma_de[16]_minPos;audSpec_Rfilt_sma_de[16]_quartile1;audSpec_Rfilt_sma_de[16]_quartile2;audSpec_Rfilt_sma_de[16]_quartile3;audSpec_Rfilt_sma_de[16]_iqr1-2;audSpec_Rfilt_sma_de[16]_iqr2-3;audSpec_Rfilt_sma_de[16]_iqr1-3;audSpec_Rfilt_sma_de[16]_percentile1.0;audSpec_Rfilt_sma_de[16]_percentile99.0;audSpec_Rfilt_sma_de[16]_pctlrange0-1;audSpec_Rfilt_sma_de[16]_stddev;audSpec_Rfilt_sma_de[16]_skewness;audSpec_Rfilt_sma_de[16]_kurtosis;audSpec_Rfilt_sma_de[16]_meanSegLen;audSpec_Rfilt_sma_de[16]_maxSegLen;audSpec_Rfilt_sma_de[16]_minSegLen;audSpec_Rfilt_sma_de[16]_segLenStddev;audSpec_Rfilt_sma_de[16]_upleveltime25;audSpec_Rfilt_sma_de[16]_upleveltime50;audSpec_Rfilt_sma_de[16]_upleveltime75;audSpec_Rfilt_sma_de[16]_upleveltime90;audSpec_Rfilt_sma_de[16]_risetime;audSpec_Rfilt_sma_de[16]_leftctime;audSpec_Rfilt_sma_de[16]_lpgain;audSpec_Rfilt_sma_de[16]_lpc0;audSpec_Rfilt_sma_de[16]_lpc1;audSpec_Rfilt_sma_de[16]_lpc2;audSpec_Rfilt_sma_de[16]_lpc3;audSpec_Rfilt_sma_de[16]_lpc4;audSpec_Rfilt_sma_de[17]_range;audSpec_Rfilt_sma_de[17]_maxPos;audSpec_Rfilt_sma_de[17]_minPos;audSpec_Rfilt_sma_de[17]_quartile1;audSpec_Rfilt_sma_de[17]_quartile2;audSpec_Rfilt_sma_de[17]_quartile3;audSpec_Rfilt_sma_de[17]_iqr1-2;audSpec_Rfilt_sma_de[17]_iqr2-3;audSpec_Rfilt_sma_de[17]_iqr1-3;audSpec_Rfilt_sma_de[17]_percentile1.0;audSpec_Rfilt_sma_de[17]_percentile99.0;audSpec_Rfilt_sma_de[17]_pctlrange0-1;audSpec_Rfilt_sma_de[17]_stddev;audSpec_Rfilt_sma_de[17]_skewness;audSpec_Rfilt_sma_de[17]_kurtosis;audSpec_Rfilt_sma_de[17]_meanSegLen;audSpec_Rfilt_sma_de[17]_maxSegLen;audSpec_Rfilt_sma_de[17]_minSegLen;audSpec_Rfilt_sma_de[17]_segLenStddev;audSpec_Rfilt_sma_de[17]_upleveltime25;audSpec_Rfilt_sma_de[17]_upleveltime50;audSpec_Rfilt_sma_de[17]_upleveltime75;audSpec_Rfilt_sma_de[17]_upleveltime90;audSpec_Rfilt_sma_de[17]_risetime;audSpec_Rfilt_sma_de[17]_leftctime;audSpec_Rfilt_sma_de[17]_lpgain;audSpec_Rfilt_sma_de[17]_lpc0;audSpec_Rfilt_sma_de[17]_lpc1;audSpec_Rfilt_sma_de[17]_lpc2;audSpec_Rfilt_sma_de[17]_lpc3;audSpec_Rfilt_sma_de[17]_lpc4;audSpec_Rfilt_sma_de[18]_range;audSpec_Rfilt_sma_de[18]_maxPos;audSpec_Rfilt_sma_de[18]_minPos;audSpec_Rfilt_sma_de[18]_quartile1;audSpec_Rfilt_sma_de[18]_quartile2;audSpec_Rfilt_sma_de[18]_quartile3;audSpec_Rfilt_sma_de[18]_iqr1-2;audSpec_Rfilt_sma_de[18]_iqr2-3;audSpec_Rfilt_sma_de[18]_iqr1-3;audSpec_Rfilt_sma_de[18]_percentile1.0;audSpec_Rfilt_sma_de[18]_percentile99.0;audSpec_Rfilt_sma_de[18]_pctlrange0-1;audSpec_Rfilt_sma_de[18]_stddev;audSpec_Rfilt_sma_de[18]_skewness;audSpec_Rfilt_sma_de[18]_kurtosis;audSpec_Rfilt_sma_de[18]_meanSegLen;audSpec_Rfilt_sma_de[18]_maxSegLen;audSpec_Rfilt_sma_de[18]_minSegLen;audSpec_Rfilt_sma_de[18]_segLenStddev;audSpec_Rfilt_sma_de[18]_upleveltime25;audSpec_Rfilt_sma_de[18]_upleveltime50;audSpec_Rfilt_sma_de[18]_upleveltime75;audSpec_Rfilt_sma_de[18]_upleveltime90;audSpec_Rfilt_sma_de[18]_risetime;audSpec_Rfilt_sma_de[18]_leftctime;audSpec_Rfilt_sma_de[18]_lpgain;audSpec_Rfilt_sma_de[18]_lpc0;audSpec_Rfilt_sma_de[18]_lpc1;audSpec_Rfilt_sma_de[18]_lpc2;audSpec_Rfilt_sma_de[18]_lpc3;audSpec_Rfilt_sma_de[18]_lpc4;audSpec_Rfilt_sma_de[19]_range;audSpec_Rfilt_sma_de[19]_maxPos;audSpec_Rfilt_sma_de[19]_minPos;audSpec_Rfilt_sma_de[19]_quartile1;audSpec_Rfilt_sma_de[19]_quartile2;audSpec_Rfilt_sma_de[19]_quartile3;audSpec_Rfilt_sma_de[19]_iqr1-2;audSpec_Rfilt_sma_de[19]_iqr2-3;audSpec_Rfilt_sma_de[19]_iqr1-3;audSpec_Rfilt_sma_de[19]_percentile1.0;audSpec_Rfilt_sma_de[19]_percentile99.0;audSpec_Rfilt_sma_de[19]_pctlrange0-1;audSpec_Rfilt_sma_de[19]_stddev;audSpec_Rfilt_sma_de[19]_skewness;audSpec_Rfilt_sma_de[19]_kurtosis;audSpec_Rfilt_sma_de[19]_meanSegLen;audSpec_Rfilt_sma_de[19]_maxSegLen;audSpec_Rfilt_sma_de[19]_minSegLen;audSpec_Rfilt_sma_de[19]_segLenStddev;audSpec_Rfilt_sma_de[19]_upleveltime25;audSpec_Rfilt_sma_de[19]_upleveltime50;audSpec_Rfilt_sma_de[19]_upleveltime75;audSpec_Rfilt_sma_de[19]_upleveltime90;audSpec_Rfilt_sma_de[19]_risetime;audSpec_Rfilt_sma_de[19]_leftctime;audSpec_Rfilt_sma_de[19]_lpgain;audSpec_Rfilt_sma_de[19]_lpc0;audSpec_Rfilt_sma_de[19]_lpc1;audSpec_Rfilt_sma_de[19]_lpc2;audSpec_Rfilt_sma_de[19]_lpc3;audSpec_Rfilt_sma_de[19]_lpc4;audSpec_Rfilt_sma_de[20]_range;audSpec_Rfilt_sma_de[20]_maxPos;audSpec_Rfilt_sma_de[20]_minPos;audSpec_Rfilt_sma_de[20]_quartile1;audSpec_Rfilt_sma_de[20]_quartile2;audSpec_Rfilt_sma_de[20]_quartile3;audSpec_Rfilt_sma_de[20]_iqr1-2;audSpec_Rfilt_sma_de[20]_iqr2-3;audSpec_Rfilt_sma_de[20]_iqr1-3;audSpec_Rfilt_sma_de[20]_percentile1.0;audSpec_Rfilt_sma_de[20]_percentile99.0;audSpec_Rfilt_sma_de[20]_pctlrange0-1;audSpec_Rfilt_sma_de[20]_stddev;audSpec_Rfilt_sma_de[20]_skewness;audSpec_Rfilt_sma_de[20]_kurtosis;audSpec_Rfilt_sma_de[20]_meanSegLen;audSpec_Rfilt_sma_de[20]_maxSegLen;audSpec_Rfilt_sma_de[20]_minSegLen;audSpec_Rfilt_sma_de[20]_segLenStddev;audSpec_Rfilt_sma_de[20]_upleveltime25;audSpec_Rfilt_sma_de[20]_upleveltime50;audSpec_Rfilt_sma_de[20]_upleveltime75;audSpec_Rfilt_sma_de[20]_upleveltime90;audSpec_Rfilt_sma_de[20]_risetime;audSpec_Rfilt_sma_de[20]_leftctime;audSpec_Rfilt_sma_de[20]_lpgain;audSpec_Rfilt_sma_de[20]_lpc0;audSpec_Rfilt_sma_de[20]_lpc1;audSpec_Rfilt_sma_de[20]_lpc2;audSpec_Rfilt_sma_de[20]_lpc3;audSpec_Rfilt_sma_de[20]_lpc4;audSpec_Rfilt_sma_de[21]_range;audSpec_Rfilt_sma_de[21]_maxPos;audSpec_Rfilt_sma_de[21]_minPos;audSpec_Rfilt_sma_de[21]_quartile1;audSpec_Rfilt_sma_de[21]_quartile2;audSpec_Rfilt_sma_de[21]_quartile3;audSpec_Rfilt_sma_de[21]_iqr1-2;audSpec_Rfilt_sma_de[21]_iqr2-3;audSpec_Rfilt_sma_de[21]_iqr1-3;audSpec_Rfilt_sma_de[21]_percentile1.0;audSpec_Rfilt_sma_de[21]_percentile99.0;audSpec_Rfilt_sma_de[21]_pctlrange0-1;audSpec_Rfilt_sma_de[21]_stddev;audSpec_Rfilt_sma_de[21]_skewness;audSpec_Rfilt_sma_de[21]_kurtosis;audSpec_Rfilt_sma_de[21]_meanSegLen;audSpec_Rfilt_sma_de[21]_maxSegLen;audSpec_Rfilt_sma_de[21]_minSegLen;audSpec_Rfilt_sma_de[21]_segLenStddev;audSpec_Rfilt_sma_de[21]_upleveltime25;audSpec_Rfilt_sma_de[21]_upleveltime50;audSpec_Rfilt_sma_de[21]_upleveltime75;audSpec_Rfilt_sma_de[21]_upleveltime90;audSpec_Rfilt_sma_de[21]_risetime;audSpec_Rfilt_sma_de[21]_leftctime;audSpec_Rfilt_sma_de[21]_lpgain;audSpec_Rfilt_sma_de[21]_lpc0;audSpec_Rfilt_sma_de[21]_lpc1;audSpec_Rfilt_sma_de[21]_lpc2;audSpec_Rfilt_sma_de[21]_lpc3;audSpec_Rfilt_sma_de[21]_lpc4;audSpec_Rfilt_sma_de[22]_range;audSpec_Rfilt_sma_de[22]_maxPos;audSpec_Rfilt_sma_de[22]_minPos;audSpec_Rfilt_sma_de[22]_quartile1;audSpec_Rfilt_sma_de[22]_quartile2;audSpec_Rfilt_sma_de[22]_quartile3;audSpec_Rfilt_sma_de[22]_iqr1-2;audSpec_Rfilt_sma_de[22]_iqr2-3;audSpec_Rfilt_sma_de[22]_iqr1-3;audSpec_Rfilt_sma_de[22]_percentile1.0;audSpec_Rfilt_sma_de[22]_percentile99.0;audSpec_Rfilt_sma_de[22]_pctlrange0-1;audSpec_Rfilt_sma_de[22]_stddev;audSpec_Rfilt_sma_de[22]_skewness;audSpec_Rfilt_sma_de[22]_kurtosis;audSpec_Rfilt_sma_de[22]_meanSegLen;audSpec_Rfilt_sma_de[22]_maxSegLen;audSpec_Rfilt_sma_de[22]_minSegLen;audSpec_Rfilt_sma_de[22]_segLenStddev;audSpec_Rfilt_sma_de[22]_upleveltime25;audSpec_Rfilt_sma_de[22]_upleveltime50;audSpec_Rfilt_sma_de[22]_upleveltime75;audSpec_Rfilt_sma_de[22]_upleveltime90;audSpec_Rfilt_sma_de[22]_risetime;audSpec_Rfilt_sma_de[22]_leftctime;audSpec_Rfilt_sma_de[22]_lpgain;audSpec_Rfilt_sma_de[22]_lpc0;audSpec_Rfilt_sma_de[22]_lpc1;audSpec_Rfilt_sma_de[22]_lpc2;audSpec_Rfilt_sma_de[22]_lpc3;audSpec_Rfilt_sma_de[22]_lpc4;audSpec_Rfilt_sma_de[23]_range;audSpec_Rfilt_sma_de[23]_maxPos;audSpec_Rfilt_sma_de[23]_minPos;audSpec_Rfilt_sma_de[23]_quartile1;audSpec_Rfilt_sma_de[23]_quartile2;audSpec_Rfilt_sma_de[23]_quartile3;audSpec_Rfilt_sma_de[23]_iqr1-2;audSpec_Rfilt_sma_de[23]_iqr2-3;audSpec_Rfilt_sma_de[23]_iqr1-3;audSpec_Rfilt_sma_de[23]_percentile1.0;audSpec_Rfilt_sma_de[23]_percentile99.0;audSpec_Rfilt_sma_de[23]_pctlrange0-1;audSpec_Rfilt_sma_de[23]_stddev;audSpec_Rfilt_sma_de[23]_skewness;audSpec_Rfilt_sma_de[23]_kurtosis;audSpec_Rfilt_sma_de[23]_meanSegLen;audSpec_Rfilt_sma_de[23]_maxSegLen;audSpec_Rfilt_sma_de[23]_minSegLen;audSpec_Rfilt_sma_de[23]_segLenStddev;audSpec_Rfilt_sma_de[23]_upleveltime25;audSpec_Rfilt_sma_de[23]_upleveltime50;audSpec_Rfilt_sma_de[23]_upleveltime75;audSpec_Rfilt_sma_de[23]_upleveltime90;audSpec_Rfilt_sma_de[23]_risetime;audSpec_Rfilt_sma_de[23]_leftctime;audSpec_Rfilt_sma_de[23]_lpgain;audSpec_Rfilt_sma_de[23]_lpc0;audSpec_Rfilt_sma_de[23]_lpc1;audSpec_Rfilt_sma_de[23]_lpc2;audSpec_Rfilt_sma_de[23]_lpc3;audSpec_Rfilt_sma_de[23]_lpc4;audSpec_Rfilt_sma_de[24]_range;audSpec_Rfilt_sma_de[24]_maxPos;audSpec_Rfilt_sma_de[24]_minPos;audSpec_Rfilt_sma_de[24]_quartile1;audSpec_Rfilt_sma_de[24]_quartile2;audSpec_Rfilt_sma_de[24]_quartile3;audSpec_Rfilt_sma_de[24]_iqr1-2;audSpec_Rfilt_sma_de[24]_iqr2-3;audSpec_Rfilt_sma_de[24]_iqr1-3;audSpec_Rfilt_sma_de[24]_percentile1.0;audSpec_Rfilt_sma_de[24]_percentile99.0;audSpec_Rfilt_sma_de[24]_pctlrange0-1;audSpec_Rfilt_sma_de[24]_stddev;audSpec_Rfilt_sma_de[24]_skewness;audSpec_Rfilt_sma_de[24]_kurtosis;audSpec_Rfilt_sma_de[24]_meanSegLen;audSpec_Rfilt_sma_de[24]_maxSegLen;audSpec_Rfilt_sma_de[24]_minSegLen;audSpec_Rfilt_sma_de[24]_segLenStddev;audSpec_Rfilt_sma_de[24]_upleveltime25;audSpec_Rfilt_sma_de[24]_upleveltime50;audSpec_Rfilt_sma_de[24]_upleveltime75;audSpec_Rfilt_sma_de[24]_upleveltime90;audSpec_Rfilt_sma_de[24]_risetime;audSpec_Rfilt_sma_de[24]_leftctime;audSpec_Rfilt_sma_de[24]_lpgain;audSpec_Rfilt_sma_de[24]_lpc0;audSpec_Rfilt_sma_de[24]_lpc1;audSpec_Rfilt_sma_de[24]_lpc2;audSpec_Rfilt_sma_de[24]_lpc3;audSpec_Rfilt_sma_de[24]_lpc4;audSpec_Rfilt_sma_de[25]_range;audSpec_Rfilt_sma_de[25]_maxPos;audSpec_Rfilt_sma_de[25]_minPos;audSpec_Rfilt_sma_de[25]_quartile1;audSpec_Rfilt_sma_de[25]_quartile2;audSpec_Rfilt_sma_de[25]_quartile3;audSpec_Rfilt_sma_de[25]_iqr1-2;audSpec_Rfilt_sma_de[25]_iqr2-3;audSpec_Rfilt_sma_de[25]_iqr1-3;audSpec_Rfilt_sma_de[25]_percentile1.0;audSpec_Rfilt_sma_de[25]_percentile99.0;audSpec_Rfilt_sma_de[25]_pctlrange0-1;audSpec_Rfilt_sma_de[25]_stddev;audSpec_Rfilt_sma_de[25]_skewness;audSpec_Rfilt_sma_de[25]_kurtosis;audSpec_Rfilt_sma_de[25]_meanSegLen;audSpec_Rfilt_sma_de[25]_maxSegLen;audSpec_Rfilt_sma_de[25]_minSegLen;audSpec_Rfilt_sma_de[25]_segLenStddev;audSpec_Rfilt_sma_de[25]_upleveltime25;audSpec_Rfilt_sma_de[25]_upleveltime50;audSpec_Rfilt_sma_de[25]_upleveltime75;audSpec_Rfilt_sma_de[25]_upleveltime90;audSpec_Rfilt_sma_de[25]_risetime;audSpec_Rfilt_sma_de[25]_leftctime;audSpec_Rfilt_sma_de[25]_lpgain;audSpec_Rfilt_sma_de[25]_lpc0;audSpec_Rfilt_sma_de[25]_lpc1;audSpec_Rfilt_sma_de[25]_lpc2;audSpec_Rfilt_sma_de[25]_lpc3;audSpec_Rfilt_sma_de[25]_lpc4;pcm_fftMag_fband250-650_sma_de_range;pcm_fftMag_fband250-650_sma_de_maxPos;pcm_fftMag_fband250-650_sma_de_minPos;pcm_fftMag_fband250-650_sma_de_quartile1;pcm_fftMag_fband250-650_sma_de_quartile2;pcm_fftMag_fband250-650_sma_de_quartile3;pcm_fftMag_fband250-650_sma_de_iqr1-2;pcm_fftMag_fband250-650_sma_de_iqr2-3;pcm_fftMag_fband250-650_sma_de_iqr1-3;pcm_fftMag_fband250-650_sma_de_percentile1.0;pcm_fftMag_fband250-650_sma_de_percentile99.0;pcm_fftMag_fband250-650_sma_de_pctlrange0-1;pcm_fftMag_fband250-650_sma_de_stddev;pcm_fftMag_fband250-650_sma_de_skewness;pcm_fftMag_fband250-650_sma_de_kurtosis;pcm_fftMag_fband250-650_sma_de_meanSegLen;pcm_fftMag_fband250-650_sma_de_maxSegLen;pcm_fftMag_fband250-650_sma_de_minSegLen;pcm_fftMag_fband250-650_sma_de_segLenStddev;pcm_fftMag_fband250-650_sma_de_upleveltime25;pcm_fftMag_fband250-650_sma_de_upleveltime50;pcm_fftMag_fband250-650_sma_de_upleveltime75;pcm_fftMag_fband250-650_sma_de_upleveltime90;pcm_fftMag_fband250-650_sma_de_risetime;pcm_fftMag_fband250-650_sma_de_leftctime;pcm_fftMag_fband250-650_sma_de_lpgain;pcm_fftMag_fband250-650_sma_de_lpc0;pcm_fftMag_fband250-650_sma_de_lpc1;pcm_fftMag_fband250-650_sma_de_lpc2;pcm_fftMag_fband250-650_sma_de_lpc3;pcm_fftMag_fband250-650_sma_de_lpc4;pcm_fftMag_fband1000-4000_sma_de_range;pcm_fftMag_fband1000-4000_sma_de_maxPos;pcm_fftMag_fband1000-4000_sma_de_minPos;pcm_fftMag_fband1000-4000_sma_de_quartile1;pcm_fftMag_fband1000-4000_sma_de_quartile2;pcm_fftMag_fband1000-4000_sma_de_quartile3;pcm_fftMag_fband1000-4000_sma_de_iqr1-2;pcm_fftMag_fband1000-4000_sma_de_iqr2-3;pcm_fftMag_fband1000-4000_sma_de_iqr1-3;pcm_fftMag_fband1000-4000_sma_de_percentile1.0;pcm_fftMag_fband1000-4000_sma_de_percentile99.0;pcm_fftMag_fband1000-4000_sma_de_pctlrange0-1;pcm_fftMag_fband1000-4000_sma_de_stddev;pcm_fftMag_fband1000-4000_sma_de_skewness;pcm_fftMag_fband1000-4000_sma_de_kurtosis;pcm_fftMag_fband1000-4000_sma_de_meanSegLen;pcm_fftMag_fband1000-4000_sma_de_maxSegLen;pcm_fftMag_fband1000-4000_sma_de_minSegLen;pcm_fftMag_fband1000-4000_sma_de_segLenStddev;pcm_fftMag_fband1000-4000_sma_de_upleveltime25;pcm_fftMag_fband1000-4000_sma_de_upleveltime50;pcm_fftMag_fband1000-4000_sma_de_upleveltime75;pcm_fftMag_fband1000-4000_sma_de_upleveltime90;pcm_fftMag_fband1000-4000_sma_de_risetime;pcm_fftMag_fband1000-4000_sma_de_leftctime;pcm_fftMag_fband1000-4000_sma_de_lpgain;pcm_fftMag_fband1000-4000_sma_de_lpc0;pcm_fftMag_fband1000-4000_sma_de_lpc1;pcm_fftMag_fband1000-4000_sma_de_lpc2;pcm_fftMag_fband1000-4000_sma_de_lpc3;pcm_fftMag_fband1000-4000_sma_de_lpc4;pcm_fftMag_spectralRollOff25.0_sma_de_range;pcm_fftMag_spectralRollOff25.0_sma_de_maxPos;pcm_fftMag_spectralRollOff25.0_sma_de_minPos;pcm_fftMag_spectralRollOff25.0_sma_de_quartile1;pcm_fftMag_spectralRollOff25.0_sma_de_quartile2;pcm_fftMag_spectralRollOff25.0_sma_de_quartile3;pcm_fftMag_spectralRollOff25.0_sma_de_iqr1-2;pcm_fftMag_spectralRollOff25.0_sma_de_iqr2-3;pcm_fftMag_spectralRollOff25.0_sma_de_iqr1-3;pcm_fftMag_spectralRollOff25.0_sma_de_percentile1.0;pcm_fftMag_spectralRollOff25.0_sma_de_percentile99.0;pcm_fftMag_spectralRollOff25.0_sma_de_pctlrange0-1;pcm_fftMag_spectralRollOff25.0_sma_de_stddev;pcm_fftMag_spectralRollOff25.0_sma_de_skewness;pcm_fftMag_spectralRollOff25.0_sma_de_kurtosis;pcm_fftMag_spectralRollOff25.0_sma_de_meanSegLen;pcm_fftMag_spectralRollOff25.0_sma_de_maxSegLen;pcm_fftMag_spectralRollOff25.0_sma_de_minSegLen;pcm_fftMag_spectralRollOff25.0_sma_de_segLenStddev;pcm_fftMag_spectralRollOff25.0_sma_de_upleveltime25;pcm_fftMag_spectralRollOff25.0_sma_de_upleveltime50;pcm_fftMag_spectralRollOff25.0_sma_de_upleveltime75;pcm_fftMag_spectralRollOff25.0_sma_de_upleveltime90;pcm_fftMag_spectralRollOff25.0_sma_de_risetime;pcm_fftMag_spectralRollOff25.0_sma_de_leftctime;pcm_fftMag_spectralRollOff25.0_sma_de_lpgain;pcm_fftMag_spectralRollOff25.0_sma_de_lpc0;pcm_fftMag_spectralRollOff25.0_sma_de_lpc1;pcm_fftMag_spectralRollOff25.0_sma_de_lpc2;pcm_fftMag_spectralRollOff25.0_sma_de_lpc3;pcm_fftMag_spectralRollOff25.0_sma_de_lpc4;pcm_fftMag_spectralRollOff50.0_sma_de_range;pcm_fftMag_spectralRollOff50.0_sma_de_maxPos;pcm_fftMag_spectralRollOff50.0_sma_de_minPos;pcm_fftMag_spectralRollOff50.0_sma_de_quartile1;pcm_fftMag_spectralRollOff50.0_sma_de_quartile2;pcm_fftMag_spectralRollOff50.0_sma_de_quartile3;pcm_fftMag_spectralRollOff50.0_sma_de_iqr1-2;pcm_fftMag_spectralRollOff50.0_sma_de_iqr2-3;pcm_fftMag_spectralRollOff50.0_sma_de_iqr1-3;pcm_fftMag_spectralRollOff50.0_sma_de_percentile1.0;pcm_fftMag_spectralRollOff50.0_sma_de_percentile99.0;pcm_fftMag_spectralRollOff50.0_sma_de_pctlrange0-1;pcm_fftMag_spectralRollOff50.0_sma_de_stddev;pcm_fftMag_spectralRollOff50.0_sma_de_skewness;pcm_fftMag_spectralRollOff50.0_sma_de_kurtosis;pcm_fftMag_spectralRollOff50.0_sma_de_meanSegLen;pcm_fftMag_spectralRollOff50.0_sma_de_maxSegLen;pcm_fftMag_spectralRollOff50.0_sma_de_minSegLen;pcm_fftMag_spectralRollOff50.0_sma_de_segLenStddev;pcm_fftMag_spectralRollOff50.0_sma_de_upleveltime25;pcm_fftMag_spectralRollOff50.0_sma_de_upleveltime50;pcm_fftMag_spectralRollOff50.0_sma_de_upleveltime75;pcm_fftMag_spectralRollOff50.0_sma_de_upleveltime90;pcm_fftMag_spectralRollOff50.0_sma_de_risetime;pcm_fftMag_spectralRollOff50.0_sma_de_leftctime;pcm_fftMag_spectralRollOff50.0_sma_de_lpgain;pcm_fftMag_spectralRollOff50.0_sma_de_lpc0;pcm_fftMag_spectralRollOff50.0_sma_de_lpc1;pcm_fftMag_spectralRollOff50.0_sma_de_lpc2;pcm_fftMag_spectralRollOff50.0_sma_de_lpc3;pcm_fftMag_spectralRollOff50.0_sma_de_lpc4;pcm_fftMag_spectralRollOff75.0_sma_de_range;pcm_fftMag_spectralRollOff75.0_sma_de_maxPos;pcm_fftMag_spectralRollOff75.0_sma_de_minPos;pcm_fftMag_spectralRollOff75.0_sma_de_quartile1;pcm_fftMag_spectralRollOff75.0_sma_de_quartile2;pcm_fftMag_spectralRollOff75.0_sma_de_quartile3;pcm_fftMag_spectralRollOff75.0_sma_de_iqr1-2;pcm_fftMag_spectralRollOff75.0_sma_de_iqr2-3;pcm_fftMag_spectralRollOff75.0_sma_de_iqr1-3;pcm_fftMag_spectralRollOff75.0_sma_de_percentile1.0;pcm_fftMag_spectralRollOff75.0_sma_de_percentile99.0;pcm_fftMag_spectralRollOff75.0_sma_de_pctlrange0-1;pcm_fftMag_spectralRollOff75.0_sma_de_stddev;pcm_fftMag_spectralRollOff75.0_sma_de_skewness;pcm_fftMag_spectralRollOff75.0_sma_de_kurtosis;pcm_fftMag_spectralRollOff75.0_sma_de_meanSegLen;pcm_fftMag_spectralRollOff75.0_sma_de_maxSegLen;pcm_fftMag_spectralRollOff75.0_sma_de_minSegLen;pcm_fftMag_spectralRollOff75.0_sma_de_segLenStddev;pcm_fftMag_spectralRollOff75.0_sma_de_upleveltime25;pcm_fftMag_spectralRollOff75.0_sma_de_upleveltime50;pcm_fftMag_spectralRollOff75.0_sma_de_upleveltime75;pcm_fftMag_spectralRollOff75.0_sma_de_upleveltime90;pcm_fftMag_spectralRollOff75.0_sma_de_risetime;pcm_fftMag_spectralRollOff75.0_sma_de_leftctime;pcm_fftMag_spectralRollOff75.0_sma_de_lpgain;pcm_fftMag_spectralRollOff75.0_sma_de_lpc0;pcm_fftMag_spectralRollOff75.0_sma_de_lpc1;pcm_fftMag_spectralRollOff75.0_sma_de_lpc2;pcm_fftMag_spectralRollOff75.0_sma_de_lpc3;pcm_fftMag_spectralRollOff75.0_sma_de_lpc4;pcm_fftMag_spectralRollOff90.0_sma_de_range;pcm_fftMag_spectralRollOff90.0_sma_de_maxPos;pcm_fftMag_spectralRollOff90.0_sma_de_minPos;pcm_fftMag_spectralRollOff90.0_sma_de_quartile1;pcm_fftMag_spectralRollOff90.0_sma_de_quartile2;pcm_fftMag_spectralRollOff90.0_sma_de_quartile3;pcm_fftMag_spectralRollOff90.0_sma_de_iqr1-2;pcm_fftMag_spectralRollOff90.0_sma_de_iqr2-3;pcm_fftMag_spectralRollOff90.0_sma_de_iqr1-3;pcm_fftMag_spectralRollOff90.0_sma_de_percentile1.0;pcm_fftMag_spectralRollOff90.0_sma_de_percentile99.0;pcm_fftMag_spectralRollOff90.0_sma_de_pctlrange0-1;pcm_fftMag_spectralRollOff90.0_sma_de_stddev;pcm_fftMag_spectralRollOff90.0_sma_de_skewness;pcm_fftMag_spectralRollOff90.0_sma_de_kurtosis;pcm_fftMag_spectralRollOff90.0_sma_de_meanSegLen;pcm_fftMag_spectralRollOff90.0_sma_de_maxSegLen;pcm_fftMag_spectralRollOff90.0_sma_de_minSegLen;pcm_fftMag_spectralRollOff90.0_sma_de_segLenStddev;pcm_fftMag_spectralRollOff90.0_sma_de_upleveltime25;pcm_fftMag_spectralRollOff90.0_sma_de_upleveltime50;pcm_fftMag_spectralRollOff90.0_sma_de_upleveltime75;pcm_fftMag_spectralRollOff90.0_sma_de_upleveltime90;pcm_fftMag_spectralRollOff90.0_sma_de_risetime;pcm_fftMag_spectralRollOff90.0_sma_de_leftctime;pcm_fftMag_spectralRollOff90.0_sma_de_lpgain;pcm_fftMag_spectralRollOff90.0_sma_de_lpc0;pcm_fftMag_spectralRollOff90.0_sma_de_lpc1;pcm_fftMag_spectralRollOff90.0_sma_de_lpc2;pcm_fftMag_spectralRollOff90.0_sma_de_lpc3;pcm_fftMag_spectralRollOff90.0_sma_de_lpc4;pcm_fftMag_spectralFlux_sma_de_range;pcm_fftMag_spectralFlux_sma_de_maxPos;pcm_fftMag_spectralFlux_sma_de_minPos;pcm_fftMag_spectralFlux_sma_de_quartile1;pcm_fftMag_spectralFlux_sma_de_quartile2;pcm_fftMag_spectralFlux_sma_de_quartile3;pcm_fftMag_spectralFlux_sma_de_iqr1-2;pcm_fftMag_spectralFlux_sma_de_iqr2-3;pcm_fftMag_spectralFlux_sma_de_iqr1-3;pcm_fftMag_spectralFlux_sma_de_percentile1.0;pcm_fftMag_spectralFlux_sma_de_percentile99.0;pcm_fftMag_spectralFlux_sma_de_pctlrange0-1;pcm_fftMag_spectralFlux_sma_de_stddev;pcm_fftMag_spectralFlux_sma_de_skewness;pcm_fftMag_spectralFlux_sma_de_kurtosis;pcm_fftMag_spectralFlux_sma_de_meanSegLen;pcm_fftMag_spectralFlux_sma_de_maxSegLen;pcm_fftMag_spectralFlux_sma_de_minSegLen;pcm_fftMag_spectralFlux_sma_de_segLenStddev;pcm_fftMag_spectralFlux_sma_de_upleveltime25;pcm_fftMag_spectralFlux_sma_de_upleveltime50;pcm_fftMag_spectralFlux_sma_de_upleveltime75;pcm_fftMag_spectralFlux_sma_de_upleveltime90;pcm_fftMag_spectralFlux_sma_de_risetime;pcm_fftMag_spectralFlux_sma_de_leftctime;pcm_fftMag_spectralFlux_sma_de_lpgain;pcm_fftMag_spectralFlux_sma_de_lpc0;pcm_fftMag_spectralFlux_sma_de_lpc1;pcm_fftMag_spectralFlux_sma_de_lpc2;pcm_fftMag_spectralFlux_sma_de_lpc3;pcm_fftMag_spectralFlux_sma_de_lpc4;pcm_fftMag_spectralCentroid_sma_de_range;pcm_fftMag_spectralCentroid_sma_de_maxPos;pcm_fftMag_spectralCentroid_sma_de_minPos;pcm_fftMag_spectralCentroid_sma_de_quartile1;pcm_fftMag_spectralCentroid_sma_de_quartile2;pcm_fftMag_spectralCentroid_sma_de_quartile3;pcm_fftMag_spectralCentroid_sma_de_iqr1-2;pcm_fftMag_spectralCentroid_sma_de_iqr2-3;pcm_fftMag_spectralCentroid_sma_de_iqr1-3;pcm_fftMag_spectralCentroid_sma_de_percentile1.0;pcm_fftMag_spectralCentroid_sma_de_percentile99.0;pcm_fftMag_spectralCentroid_sma_de_pctlrange0-1;pcm_fftMag_spectralCentroid_sma_de_stddev;pcm_fftMag_spectralCentroid_sma_de_skewness;pcm_fftMag_spectralCentroid_sma_de_kurtosis;pcm_fftMag_spectralCentroid_sma_de_meanSegLen;pcm_fftMag_spectralCentroid_sma_de_maxSegLen;pcm_fftMag_spectralCentroid_sma_de_minSegLen;pcm_fftMag_spectralCentroid_sma_de_segLenStddev;pcm_fftMag_spectralCentroid_sma_de_upleveltime25;pcm_fftMag_spectralCentroid_sma_de_upleveltime50;pcm_fftMag_spectralCentroid_sma_de_upleveltime75;pcm_fftMag_spectralCentroid_sma_de_upleveltime90;pcm_fftMag_spectralCentroid_sma_de_risetime;pcm_fftMag_spectralCentroid_sma_de_leftctime;pcm_fftMag_spectralCentroid_sma_de_lpgain;pcm_fftMag_spectralCentroid_sma_de_lpc0;pcm_fftMag_spectralCentroid_sma_de_lpc1;pcm_fftMag_spectralCentroid_sma_de_lpc2;pcm_fftMag_spectralCentroid_sma_de_lpc3;pcm_fftMag_spectralCentroid_sma_de_lpc4;pcm_fftMag_spectralEntropy_sma_de_range;pcm_fftMag_spectralEntropy_sma_de_maxPos;pcm_fftMag_spectralEntropy_sma_de_minPos;pcm_fftMag_spectralEntropy_sma_de_quartile1;pcm_fftMag_spectralEntropy_sma_de_quartile2;pcm_fftMag_spectralEntropy_sma_de_quartile3;pcm_fftMag_spectralEntropy_sma_de_iqr1-2;pcm_fftMag_spectralEntropy_sma_de_iqr2-3;pcm_fftMag_spectralEntropy_sma_de_iqr1-3;pcm_fftMag_spectralEntropy_sma_de_percentile1.0;pcm_fftMag_spectralEntropy_sma_de_percentile99.0;pcm_fftMag_spectralEntropy_sma_de_pctlrange0-1;pcm_fftMag_spectralEntropy_sma_de_stddev;pcm_fftMag_spectralEntropy_sma_de_skewness;pcm_fftMag_spectralEntropy_sma_de_kurtosis;pcm_fftMag_spectralEntropy_sma_de_meanSegLen;pcm_fftMag_spectralEntropy_sma_de_maxSegLen;pcm_fftMag_spectralEntropy_sma_de_minSegLen;pcm_fftMag_spectralEntropy_sma_de_segLenStddev;pcm_fftMag_spectralEntropy_sma_de_upleveltime25;pcm_fftMag_spectralEntropy_sma_de_upleveltime50;pcm_fftMag_spectralEntropy_sma_de_upleveltime75;pcm_fftMag_spectralEntropy_sma_de_upleveltime90;pcm_fftMag_spectralEntropy_sma_de_risetime;pcm_fftMag_spectralEntropy_sma_de_leftctime;pcm_fftMag_spectralEntropy_sma_de_lpgain;pcm_fftMag_spectralEntropy_sma_de_lpc0;pcm_fftMag_spectralEntropy_sma_de_lpc1;pcm_fftMag_spectralEntropy_sma_de_lpc2;pcm_fftMag_spectralEntropy_sma_de_lpc3;pcm_fftMag_spectralEntropy_sma_de_lpc4;pcm_fftMag_spectralVariance_sma_de_range;pcm_fftMag_spectralVariance_sma_de_maxPos;pcm_fftMag_spectralVariance_sma_de_minPos;pcm_fftMag_spectralVariance_sma_de_quartile1;pcm_fftMag_spectralVariance_sma_de_quartile2;pcm_fftMag_spectralVariance_sma_de_quartile3;pcm_fftMag_spectralVariance_sma_de_iqr1-2;pcm_fftMag_spectralVariance_sma_de_iqr2-3;pcm_fftMag_spectralVariance_sma_de_iqr1-3;pcm_fftMag_spectralVariance_sma_de_percentile1.0;pcm_fftMag_spectralVariance_sma_de_percentile99.0;pcm_fftMag_spectralVariance_sma_de_pctlrange0-1;pcm_fftMag_spectralVariance_sma_de_stddev;pcm_fftMag_spectralVariance_sma_de_skewness;pcm_fftMag_spectralVariance_sma_de_kurtosis;pcm_fftMag_spectralVariance_sma_de_meanSegLen;pcm_fftMag_spectralVariance_sma_de_maxSegLen;pcm_fftMag_spectralVariance_sma_de_minSegLen;pcm_fftMag_spectralVariance_sma_de_segLenStddev;pcm_fftMag_spectralVariance_sma_de_upleveltime25;pcm_fftMag_spectralVariance_sma_de_upleveltime50;pcm_fftMag_spectralVariance_sma_de_upleveltime75;pcm_fftMag_spectralVariance_sma_de_upleveltime90;pcm_fftMag_spectralVariance_sma_de_risetime;pcm_fftMag_spectralVariance_sma_de_leftctime;pcm_fftMag_spectralVariance_sma_de_lpgain;pcm_fftMag_spectralVariance_sma_de_lpc0;pcm_fftMag_spectralVariance_sma_de_lpc1;pcm_fftMag_spectralVariance_sma_de_lpc2;pcm_fftMag_spectralVariance_sma_de_lpc3;pcm_fftMag_spectralVariance_sma_de_lpc4;pcm_fftMag_spectralSkewness_sma_de_range;pcm_fftMag_spectralSkewness_sma_de_maxPos;pcm_fftMag_spectralSkewness_sma_de_minPos;pcm_fftMag_spectralSkewness_sma_de_quartile1;pcm_fftMag_spectralSkewness_sma_de_quartile2;pcm_fftMag_spectralSkewness_sma_de_quartile3;pcm_fftMag_spectralSkewness_sma_de_iqr1-2;pcm_fftMag_spectralSkewness_sma_de_iqr2-3;pcm_fftMag_spectralSkewness_sma_de_iqr1-3;pcm_fftMag_spectralSkewness_sma_de_percentile1.0;pcm_fftMag_spectralSkewness_sma_de_percentile99.0;pcm_fftMag_spectralSkewness_sma_de_pctlrange0-1;pcm_fftMag_spectralSkewness_sma_de_stddev;pcm_fftMag_spectralSkewness_sma_de_skewness;pcm_fftMag_spectralSkewness_sma_de_kurtosis;pcm_fftMag_spectralSkewness_sma_de_meanSegLen;pcm_fftMag_spectralSkewness_sma_de_maxSegLen;pcm_fftMag_spectralSkewness_sma_de_minSegLen;pcm_fftMag_spectralSkewness_sma_de_segLenStddev;pcm_fftMag_spectralSkewness_sma_de_upleveltime25;pcm_fftMag_spectralSkewness_sma_de_upleveltime50;pcm_fftMag_spectralSkewness_sma_de_upleveltime75;pcm_fftMag_spectralSkewness_sma_de_upleveltime90;pcm_fftMag_spectralSkewness_sma_de_risetime;pcm_fftMag_spectralSkewness_sma_de_leftctime;pcm_fftMag_spectralSkewness_sma_de_lpgain;pcm_fftMag_spectralSkewness_sma_de_lpc0;pcm_fftMag_spectralSkewness_sma_de_lpc1;pcm_fftMag_spectralSkewness_sma_de_lpc2;pcm_fftMag_spectralSkewness_sma_de_lpc3;pcm_fftMag_spectralSkewness_sma_de_lpc4;pcm_fftMag_spectralKurtosis_sma_de_range;pcm_fftMag_spectralKurtosis_sma_de_maxPos;pcm_fftMag_spectralKurtosis_sma_de_minPos;pcm_fftMag_spectralKurtosis_sma_de_quartile1;pcm_fftMag_spectralKurtosis_sma_de_quartile2;pcm_fftMag_spectralKurtosis_sma_de_quartile3;pcm_fftMag_spectralKurtosis_sma_de_iqr1-2;pcm_fftMag_spectralKurtosis_sma_de_iqr2-3;pcm_fftMag_spectralKurtosis_sma_de_iqr1-3;pcm_fftMag_spectralKurtosis_sma_de_percentile1.0;pcm_fftMag_spectralKurtosis_sma_de_percentile99.0;pcm_fftMag_spectralKurtosis_sma_de_pctlrange0-1;pcm_fftMag_spectralKurtosis_sma_de_stddev;pcm_fftMag_spectralKurtosis_sma_de_skewness;pcm_fftMag_spectralKurtosis_sma_de_kurtosis;pcm_fftMag_spectralKurtosis_sma_de_meanSegLen;pcm_fftMag_spectralKurtosis_sma_de_maxSegLen;pcm_fftMag_spectralKurtosis_sma_de_minSegLen;pcm_fftMag_spectralKurtosis_sma_de_segLenStddev;pcm_fftMag_spectralKurtosis_sma_de_upleveltime25;pcm_fftMag_spectralKurtosis_sma_de_upleveltime50;pcm_fftMag_spectralKurtosis_sma_de_upleveltime75;pcm_fftMag_spectralKurtosis_sma_de_upleveltime90;pcm_fftMag_spectralKurtosis_sma_de_risetime;pcm_fftMag_spectralKurtosis_sma_de_leftctime;pcm_fftMag_spectralKurtosis_sma_de_lpgain;pcm_fftMag_spectralKurtosis_sma_de_lpc0;pcm_fftMag_spectralKurtosis_sma_de_lpc1;pcm_fftMag_spectralKurtosis_sma_de_lpc2;pcm_fftMag_spectralKurtosis_sma_de_lpc3;pcm_fftMag_spectralKurtosis_sma_de_lpc4;pcm_fftMag_spectralSlope_sma_de_range;pcm_fftMag_spectralSlope_sma_de_maxPos;pcm_fftMag_spectralSlope_sma_de_minPos;pcm_fftMag_spectralSlope_sma_de_quartile1;pcm_fftMag_spectralSlope_sma_de_quartile2;pcm_fftMag_spectralSlope_sma_de_quartile3;pcm_fftMag_spectralSlope_sma_de_iqr1-2;pcm_fftMag_spectralSlope_sma_de_iqr2-3;pcm_fftMag_spectralSlope_sma_de_iqr1-3;pcm_fftMag_spectralSlope_sma_de_percentile1.0;pcm_fftMag_spectralSlope_sma_de_percentile99.0;pcm_fftMag_spectralSlope_sma_de_pctlrange0-1;pcm_fftMag_spectralSlope_sma_de_stddev;pcm_fftMag_spectralSlope_sma_de_skewness;pcm_fftMag_spectralSlope_sma_de_kurtosis;pcm_fftMag_spectralSlope_sma_de_meanSegLen;pcm_fftMag_spectralSlope_sma_de_maxSegLen;pcm_fftMag_spectralSlope_sma_de_minSegLen;pcm_fftMag_spectralSlope_sma_de_segLenStddev;pcm_fftMag_spectralSlope_sma_de_upleveltime25;pcm_fftMag_spectralSlope_sma_de_upleveltime50;pcm_fftMag_spectralSlope_sma_de_upleveltime75;pcm_fftMag_spectralSlope_sma_de_upleveltime90;pcm_fftMag_spectralSlope_sma_de_risetime;pcm_fftMag_spectralSlope_sma_de_leftctime;pcm_fftMag_spectralSlope_sma_de_lpgain;pcm_fftMag_spectralSlope_sma_de_lpc0;pcm_fftMag_spectralSlope_sma_de_lpc1;pcm_fftMag_spectralSlope_sma_de_lpc2;pcm_fftMag_spectralSlope_sma_de_lpc3;pcm_fftMag_spectralSlope_sma_de_lpc4;pcm_fftMag_psySharpness_sma_de_range;pcm_fftMag_psySharpness_sma_de_maxPos;pcm_fftMag_psySharpness_sma_de_minPos;pcm_fftMag_psySharpness_sma_de_quartile1;pcm_fftMag_psySharpness_sma_de_quartile2;pcm_fftMag_psySharpness_sma_de_quartile3;pcm_fftMag_psySharpness_sma_de_iqr1-2;pcm_fftMag_psySharpness_sma_de_iqr2-3;pcm_fftMag_psySharpness_sma_de_iqr1-3;pcm_fftMag_psySharpness_sma_de_percentile1.0;pcm_fftMag_psySharpness_sma_de_percentile99.0;pcm_fftMag_psySharpness_sma_de_pctlrange0-1;pcm_fftMag_psySharpness_sma_de_stddev;pcm_fftMag_psySharpness_sma_de_skewness;pcm_fftMag_psySharpness_sma_de_kurtosis;pcm_fftMag_psySharpness_sma_de_meanSegLen;pcm_fftMag_psySharpness_sma_de_maxSegLen;pcm_fftMag_psySharpness_sma_de_minSegLen;pcm_fftMag_psySharpness_sma_de_segLenStddev;pcm_fftMag_psySharpness_sma_de_upleveltime25;pcm_fftMag_psySharpness_sma_de_upleveltime50;pcm_fftMag_psySharpness_sma_de_upleveltime75;pcm_fftMag_psySharpness_sma_de_upleveltime90;pcm_fftMag_psySharpness_sma_de_risetime;pcm_fftMag_psySharpness_sma_de_leftctime;pcm_fftMag_psySharpness_sma_de_lpgain;pcm_fftMag_psySharpness_sma_de_lpc0;pcm_fftMag_psySharpness_sma_de_lpc1;pcm_fftMag_psySharpness_sma_de_lpc2;pcm_fftMag_psySharpness_sma_de_lpc3;pcm_fftMag_psySharpness_sma_de_lpc4;pcm_fftMag_spectralHarmonicity_sma_de_range;pcm_fftMag_spectralHarmonicity_sma_de_maxPos;pcm_fftMag_spectralHarmonicity_sma_de_minPos;pcm_fftMag_spectralHarmonicity_sma_de_quartile1;pcm_fftMag_spectralHarmonicity_sma_de_quartile2;pcm_fftMag_spectralHarmonicity_sma_de_quartile3;pcm_fftMag_spectralHarmonicity_sma_de_iqr1-2;pcm_fftMag_spectralHarmonicity_sma_de_iqr2-3;pcm_fftMag_spectralHarmonicity_sma_de_iqr1-3;pcm_fftMag_spectralHarmonicity_sma_de_percentile1.0;pcm_fftMag_spectralHarmonicity_sma_de_percentile99.0;pcm_fftMag_spectralHarmonicity_sma_de_pctlrange0-1;pcm_fftMag_spectralHarmonicity_sma_de_stddev;pcm_fftMag_spectralHarmonicity_sma_de_skewness;pcm_fftMag_spectralHarmonicity_sma_de_kurtosis;pcm_fftMag_spectralHarmonicity_sma_de_meanSegLen;pcm_fftMag_spectralHarmonicity_sma_de_maxSegLen;pcm_fftMag_spectralHarmonicity_sma_de_minSegLen;pcm_fftMag_spectralHarmonicity_sma_de_segLenStddev;pcm_fftMag_spectralHarmonicity_sma_de_upleveltime25;pcm_fftMag_spectralHarmonicity_sma_de_upleveltime50;pcm_fftMag_spectralHarmonicity_sma_de_upleveltime75;pcm_fftMag_spectralHarmonicity_sma_de_upleveltime90;pcm_fftMag_spectralHarmonicity_sma_de_risetime;pcm_fftMag_spectralHarmonicity_sma_de_leftctime;pcm_fftMag_spectralHarmonicity_sma_de_lpgain;pcm_fftMag_spectralHarmonicity_sma_de_lpc0;pcm_fftMag_spectralHarmonicity_sma_de_lpc1;pcm_fftMag_spectralHarmonicity_sma_de_lpc2;pcm_fftMag_spectralHarmonicity_sma_de_lpc3;pcm_fftMag_spectralHarmonicity_sma_de_lpc4;mfcc_sma_de[1]_range;mfcc_sma_de[1]_maxPos;mfcc_sma_de[1]_minPos;mfcc_sma_de[1]_quartile1;mfcc_sma_de[1]_quartile2;mfcc_sma_de[1]_quartile3;mfcc_sma_de[1]_iqr1-2;mfcc_sma_de[1]_iqr2-3;mfcc_sma_de[1]_iqr1-3;mfcc_sma_de[1]_percentile1.0;mfcc_sma_de[1]_percentile99.0;mfcc_sma_de[1]_pctlrange0-1;mfcc_sma_de[1]_stddev;mfcc_sma_de[1]_skewness;mfcc_sma_de[1]_kurtosis;mfcc_sma_de[1]_meanSegLen;mfcc_sma_de[1]_maxSegLen;mfcc_sma_de[1]_minSegLen;mfcc_sma_de[1]_segLenStddev;mfcc_sma_de[1]_upleveltime25;mfcc_sma_de[1]_upleveltime50;mfcc_sma_de[1]_upleveltime75;mfcc_sma_de[1]_upleveltime90;mfcc_sma_de[1]_risetime;mfcc_sma_de[1]_leftctime;mfcc_sma_de[1]_lpgain;mfcc_sma_de[1]_lpc0;mfcc_sma_de[1]_lpc1;mfcc_sma_de[1]_lpc2;mfcc_sma_de[1]_lpc3;mfcc_sma_de[1]_lpc4;mfcc_sma_de[2]_range;mfcc_sma_de[2]_maxPos;mfcc_sma_de[2]_minPos;mfcc_sma_de[2]_quartile1;mfcc_sma_de[2]_quartile2;mfcc_sma_de[2]_quartile3;mfcc_sma_de[2]_iqr1-2;mfcc_sma_de[2]_iqr2-3;mfcc_sma_de[2]_iqr1-3;mfcc_sma_de[2]_percentile1.0;mfcc_sma_de[2]_percentile99.0;mfcc_sma_de[2]_pctlrange0-1;mfcc_sma_de[2]_stddev;mfcc_sma_de[2]_skewness;mfcc_sma_de[2]_kurtosis;mfcc_sma_de[2]_meanSegLen;mfcc_sma_de[2]_maxSegLen;mfcc_sma_de[2]_minSegLen;mfcc_sma_de[2]_segLenStddev;mfcc_sma_de[2]_upleveltime25;mfcc_sma_de[2]_upleveltime50;mfcc_sma_de[2]_upleveltime75;mfcc_sma_de[2]_upleveltime90;mfcc_sma_de[2]_risetime;mfcc_sma_de[2]_leftctime;mfcc_sma_de[2]_lpgain;mfcc_sma_de[2]_lpc0;mfcc_sma_de[2]_lpc1;mfcc_sma_de[2]_lpc2;mfcc_sma_de[2]_lpc3;mfcc_sma_de[2]_lpc4;mfcc_sma_de[3]_range;mfcc_sma_de[3]_maxPos;mfcc_sma_de[3]_minPos;mfcc_sma_de[3]_quartile1;mfcc_sma_de[3]_quartile2;mfcc_sma_de[3]_quartile3;mfcc_sma_de[3]_iqr1-2;mfcc_sma_de[3]_iqr2-3;mfcc_sma_de[3]_iqr1-3;mfcc_sma_de[3]_percentile1.0;mfcc_sma_de[3]_percentile99.0;mfcc_sma_de[3]_pctlrange0-1;mfcc_sma_de[3]_stddev;mfcc_sma_de[3]_skewness;mfcc_sma_de[3]_kurtosis;mfcc_sma_de[3]_meanSegLen;mfcc_sma_de[3]_maxSegLen;mfcc_sma_de[3]_minSegLen;mfcc_sma_de[3]_segLenStddev;mfcc_sma_de[3]_upleveltime25;mfcc_sma_de[3]_upleveltime50;mfcc_sma_de[3]_upleveltime75;mfcc_sma_de[3]_upleveltime90;mfcc_sma_de[3]_risetime;mfcc_sma_de[3]_leftctime;mfcc_sma_de[3]_lpgain;mfcc_sma_de[3]_lpc0;mfcc_sma_de[3]_lpc1;mfcc_sma_de[3]_lpc2;mfcc_sma_de[3]_lpc3;mfcc_sma_de[3]_lpc4;mfcc_sma_de[4]_range;mfcc_sma_de[4]_maxPos;mfcc_sma_de[4]_minPos;mfcc_sma_de[4]_quartile1;mfcc_sma_de[4]_quartile2;mfcc_sma_de[4]_quartile3;mfcc_sma_de[4]_iqr1-2;mfcc_sma_de[4]_iqr2-3;mfcc_sma_de[4]_iqr1-3;mfcc_sma_de[4]_percentile1.0;mfcc_sma_de[4]_percentile99.0;mfcc_sma_de[4]_pctlrange0-1;mfcc_sma_de[4]_stddev;mfcc_sma_de[4]_skewness;mfcc_sma_de[4]_kurtosis;mfcc_sma_de[4]_meanSegLen;mfcc_sma_de[4]_maxSegLen;mfcc_sma_de[4]_minSegLen;mfcc_sma_de[4]_segLenStddev;mfcc_sma_de[4]_upleveltime25;mfcc_sma_de[4]_upleveltime50;mfcc_sma_de[4]_upleveltime75;mfcc_sma_de[4]_upleveltime90;mfcc_sma_de[4]_risetime;mfcc_sma_de[4]_leftctime;mfcc_sma_de[4]_lpgain;mfcc_sma_de[4]_lpc0;mfcc_sma_de[4]_lpc1;mfcc_sma_de[4]_lpc2;mfcc_sma_de[4]_lpc3;mfcc_sma_de[4]_lpc4;mfcc_sma_de[5]_range;mfcc_sma_de[5]_maxPos;mfcc_sma_de[5]_minPos;mfcc_sma_de[5]_quartile1;mfcc_sma_de[5]_quartile2;mfcc_sma_de[5]_quartile3;mfcc_sma_de[5]_iqr1-2;mfcc_sma_de[5]_iqr2-3;mfcc_sma_de[5]_iqr1-3;mfcc_sma_de[5]_percentile1.0;mfcc_sma_de[5]_percentile99.0;mfcc_sma_de[5]_pctlrange0-1;mfcc_sma_de[5]_stddev;mfcc_sma_de[5]_skewness;mfcc_sma_de[5]_kurtosis;mfcc_sma_de[5]_meanSegLen;mfcc_sma_de[5]_maxSegLen;mfcc_sma_de[5]_minSegLen;mfcc_sma_de[5]_segLenStddev;mfcc_sma_de[5]_upleveltime25;mfcc_sma_de[5]_upleveltime50;mfcc_sma_de[5]_upleveltime75;mfcc_sma_de[5]_upleveltime90;mfcc_sma_de[5]_risetime;mfcc_sma_de[5]_leftctime;mfcc_sma_de[5]_lpgain;mfcc_sma_de[5]_lpc0;mfcc_sma_de[5]_lpc1;mfcc_sma_de[5]_lpc2;mfcc_sma_de[5]_lpc3;mfcc_sma_de[5]_lpc4;mfcc_sma_de[6]_range;mfcc_sma_de[6]_maxPos;mfcc_sma_de[6]_minPos;mfcc_sma_de[6]_quartile1;mfcc_sma_de[6]_quartile2;mfcc_sma_de[6]_quartile3;mfcc_sma_de[6]_iqr1-2;mfcc_sma_de[6]_iqr2-3;mfcc_sma_de[6]_iqr1-3;mfcc_sma_de[6]_percentile1.0;mfcc_sma_de[6]_percentile99.0;mfcc_sma_de[6]_pctlrange0-1;mfcc_sma_de[6]_stddev;mfcc_sma_de[6]_skewness;mfcc_sma_de[6]_kurtosis;mfcc_sma_de[6]_meanSegLen;mfcc_sma_de[6]_maxSegLen;mfcc_sma_de[6]_minSegLen;mfcc_sma_de[6]_segLenStddev;mfcc_sma_de[6]_upleveltime25;mfcc_sma_de[6]_upleveltime50;mfcc_sma_de[6]_upleveltime75;mfcc_sma_de[6]_upleveltime90;mfcc_sma_de[6]_risetime;mfcc_sma_de[6]_leftctime;mfcc_sma_de[6]_lpgain;mfcc_sma_de[6]_lpc0;mfcc_sma_de[6]_lpc1;mfcc_sma_de[6]_lpc2;mfcc_sma_de[6]_lpc3;mfcc_sma_de[6]_lpc4;mfcc_sma_de[7]_range;mfcc_sma_de[7]_maxPos;mfcc_sma_de[7]_minPos;mfcc_sma_de[7]_quartile1;mfcc_sma_de[7]_quartile2;mfcc_sma_de[7]_quartile3;mfcc_sma_de[7]_iqr1-2;mfcc_sma_de[7]_iqr2-3;mfcc_sma_de[7]_iqr1-3;mfcc_sma_de[7]_percentile1.0;mfcc_sma_de[7]_percentile99.0;mfcc_sma_de[7]_pctlrange0-1;mfcc_sma_de[7]_stddev;mfcc_sma_de[7]_skewness;mfcc_sma_de[7]_kurtosis;mfcc_sma_de[7]_meanSegLen;mfcc_sma_de[7]_maxSegLen;mfcc_sma_de[7]_minSegLen;mfcc_sma_de[7]_segLenStddev;mfcc_sma_de[7]_upleveltime25;mfcc_sma_de[7]_upleveltime50;mfcc_sma_de[7]_upleveltime75;mfcc_sma_de[7]_upleveltime90;mfcc_sma_de[7]_risetime;mfcc_sma_de[7]_leftctime;mfcc_sma_de[7]_lpgain;mfcc_sma_de[7]_lpc0;mfcc_sma_de[7]_lpc1;mfcc_sma_de[7]_lpc2;mfcc_sma_de[7]_lpc3;mfcc_sma_de[7]_lpc4;mfcc_sma_de[8]_range;mfcc_sma_de[8]_maxPos;mfcc_sma_de[8]_minPos;mfcc_sma_de[8]_quartile1;mfcc_sma_de[8]_quartile2;mfcc_sma_de[8]_quartile3;mfcc_sma_de[8]_iqr1-2;mfcc_sma_de[8]_iqr2-3;mfcc_sma_de[8]_iqr1-3;mfcc_sma_de[8]_percentile1.0;mfcc_sma_de[8]_percentile99.0;mfcc_sma_de[8]_pctlrange0-1;mfcc_sma_de[8]_stddev;mfcc_sma_de[8]_skewness;mfcc_sma_de[8]_kurtosis;mfcc_sma_de[8]_meanSegLen;mfcc_sma_de[8]_maxSegLen;mfcc_sma_de[8]_minSegLen;mfcc_sma_de[8]_segLenStddev;mfcc_sma_de[8]_upleveltime25;mfcc_sma_de[8]_upleveltime50;mfcc_sma_de[8]_upleveltime75;mfcc_sma_de[8]_upleveltime90;mfcc_sma_de[8]_risetime;mfcc_sma_de[8]_leftctime;mfcc_sma_de[8]_lpgain;mfcc_sma_de[8]_lpc0;mfcc_sma_de[8]_lpc1;mfcc_sma_de[8]_lpc2;mfcc_sma_de[8]_lpc3;mfcc_sma_de[8]_lpc4;mfcc_sma_de[9]_range;mfcc_sma_de[9]_maxPos;mfcc_sma_de[9]_minPos;mfcc_sma_de[9]_quartile1;mfcc_sma_de[9]_quartile2;mfcc_sma_de[9]_quartile3;mfcc_sma_de[9]_iqr1-2;mfcc_sma_de[9]_iqr2-3;mfcc_sma_de[9]_iqr1-3;mfcc_sma_de[9]_percentile1.0;mfcc_sma_de[9]_percentile99.0;mfcc_sma_de[9]_pctlrange0-1;mfcc_sma_de[9]_stddev;mfcc_sma_de[9]_skewness;mfcc_sma_de[9]_kurtosis;mfcc_sma_de[9]_meanSegLen;mfcc_sma_de[9]_maxSegLen;mfcc_sma_de[9]_minSegLen;mfcc_sma_de[9]_segLenStddev;mfcc_sma_de[9]_upleveltime25;mfcc_sma_de[9]_upleveltime50;mfcc_sma_de[9]_upleveltime75;mfcc_sma_de[9]_upleveltime90;mfcc_sma_de[9]_risetime;mfcc_sma_de[9]_leftctime;mfcc_sma_de[9]_lpgain;mfcc_sma_de[9]_lpc0;mfcc_sma_de[9]_lpc1;mfcc_sma_de[9]_lpc2;mfcc_sma_de[9]_lpc3;mfcc_sma_de[9]_lpc4;mfcc_sma_de[10]_range;mfcc_sma_de[10]_maxPos;mfcc_sma_de[10]_minPos;mfcc_sma_de[10]_quartile1;mfcc_sma_de[10]_quartile2;mfcc_sma_de[10]_quartile3;mfcc_sma_de[10]_iqr1-2;mfcc_sma_de[10]_iqr2-3;mfcc_sma_de[10]_iqr1-3;mfcc_sma_de[10]_percentile1.0;mfcc_sma_de[10]_percentile99.0;mfcc_sma_de[10]_pctlrange0-1;mfcc_sma_de[10]_stddev;mfcc_sma_de[10]_skewness;mfcc_sma_de[10]_kurtosis;mfcc_sma_de[10]_meanSegLen;mfcc_sma_de[10]_maxSegLen;mfcc_sma_de[10]_minSegLen;mfcc_sma_de[10]_segLenStddev;mfcc_sma_de[10]_upleveltime25;mfcc_sma_de[10]_upleveltime50;mfcc_sma_de[10]_upleveltime75;mfcc_sma_de[10]_upleveltime90;mfcc_sma_de[10]_risetime;mfcc_sma_de[10]_leftctime;mfcc_sma_de[10]_lpgain;mfcc_sma_de[10]_lpc0;mfcc_sma_de[10]_lpc1;mfcc_sma_de[10]_lpc2;mfcc_sma_de[10]_lpc3;mfcc_sma_de[10]_lpc4;mfcc_sma_de[11]_range;mfcc_sma_de[11]_maxPos;mfcc_sma_de[11]_minPos;mfcc_sma_de[11]_quartile1;mfcc_sma_de[11]_quartile2;mfcc_sma_de[11]_quartile3;mfcc_sma_de[11]_iqr1-2;mfcc_sma_de[11]_iqr2-3;mfcc_sma_de[11]_iqr1-3;mfcc_sma_de[11]_percentile1.0;mfcc_sma_de[11]_percentile99.0;mfcc_sma_de[11]_pctlrange0-1;mfcc_sma_de[11]_stddev;mfcc_sma_de[11]_skewness;mfcc_sma_de[11]_kurtosis;mfcc_sma_de[11]_meanSegLen;mfcc_sma_de[11]_maxSegLen;mfcc_sma_de[11]_minSegLen;mfcc_sma_de[11]_segLenStddev;mfcc_sma_de[11]_upleveltime25;mfcc_sma_de[11]_upleveltime50;mfcc_sma_de[11]_upleveltime75;mfcc_sma_de[11]_upleveltime90;mfcc_sma_de[11]_risetime;mfcc_sma_de[11]_leftctime;mfcc_sma_de[11]_lpgain;mfcc_sma_de[11]_lpc0;mfcc_sma_de[11]_lpc1;mfcc_sma_de[11]_lpc2;mfcc_sma_de[11]_lpc3;mfcc_sma_de[11]_lpc4;mfcc_sma_de[12]_range;mfcc_sma_de[12]_maxPos;mfcc_sma_de[12]_minPos;mfcc_sma_de[12]_quartile1;mfcc_sma_de[12]_quartile2;mfcc_sma_de[12]_quartile3;mfcc_sma_de[12]_iqr1-2;mfcc_sma_de[12]_iqr2-3;mfcc_sma_de[12]_iqr1-3;mfcc_sma_de[12]_percentile1.0;mfcc_sma_de[12]_percentile99.0;mfcc_sma_de[12]_pctlrange0-1;mfcc_sma_de[12]_stddev;mfcc_sma_de[12]_skewness;mfcc_sma_de[12]_kurtosis;mfcc_sma_de[12]_meanSegLen;mfcc_sma_de[12]_maxSegLen;mfcc_sma_de[12]_minSegLen;mfcc_sma_de[12]_segLenStddev;mfcc_sma_de[12]_upleveltime25;mfcc_sma_de[12]_upleveltime50;mfcc_sma_de[12]_upleveltime75;mfcc_sma_de[12]_upleveltime90;mfcc_sma_de[12]_risetime;mfcc_sma_de[12]_leftctime;mfcc_sma_de[12]_lpgain;mfcc_sma_de[12]_lpc0;mfcc_sma_de[12]_lpc1;mfcc_sma_de[12]_lpc2;mfcc_sma_de[12]_lpc3;mfcc_sma_de[12]_lpc4;mfcc_sma_de[13]_range;mfcc_sma_de[13]_maxPos;mfcc_sma_de[13]_minPos;mfcc_sma_de[13]_quartile1;mfcc_sma_de[13]_quartile2;mfcc_sma_de[13]_quartile3;mfcc_sma_de[13]_iqr1-2;mfcc_sma_de[13]_iqr2-3;mfcc_sma_de[13]_iqr1-3;mfcc_sma_de[13]_percentile1.0;mfcc_sma_de[13]_percentile99.0;mfcc_sma_de[13]_pctlrange0-1;mfcc_sma_de[13]_stddev;mfcc_sma_de[13]_skewness;mfcc_sma_de[13]_kurtosis;mfcc_sma_de[13]_meanSegLen;mfcc_sma_de[13]_maxSegLen;mfcc_sma_de[13]_minSegLen;mfcc_sma_de[13]_segLenStddev;mfcc_sma_de[13]_upleveltime25;mfcc_sma_de[13]_upleveltime50;mfcc_sma_de[13]_upleveltime75;mfcc_sma_de[13]_upleveltime90;mfcc_sma_de[13]_risetime;mfcc_sma_de[13]_leftctime;mfcc_sma_de[13]_lpgain;mfcc_sma_de[13]_lpc0;mfcc_sma_de[13]_lpc1;mfcc_sma_de[13]_lpc2;mfcc_sma_de[13]_lpc3;mfcc_sma_de[13]_lpc4;mfcc_sma_de[14]_range;mfcc_sma_de[14]_maxPos;mfcc_sma_de[14]_minPos;mfcc_sma_de[14]_quartile1;mfcc_sma_de[14]_quartile2;mfcc_sma_de[14]_quartile3;mfcc_sma_de[14]_iqr1-2;mfcc_sma_de[14]_iqr2-3;mfcc_sma_de[14]_iqr1-3;mfcc_sma_de[14]_percentile1.0;mfcc_sma_de[14]_percentile99.0;mfcc_sma_de[14]_pctlrange0-1;mfcc_sma_de[14]_stddev;mfcc_sma_de[14]_skewness;mfcc_sma_de[14]_kurtosis;mfcc_sma_de[14]_meanSegLen;mfcc_sma_de[14]_maxSegLen;mfcc_sma_de[14]_minSegLen;mfcc_sma_de[14]_segLenStddev;mfcc_sma_de[14]_upleveltime25;mfcc_sma_de[14]_upleveltime50;mfcc_sma_de[14]_upleveltime75;mfcc_sma_de[14]_upleveltime90;mfcc_sma_de[14]_risetime;mfcc_sma_de[14]_leftctime;mfcc_sma_de[14]_lpgain;mfcc_sma_de[14]_lpc0;mfcc_sma_de[14]_lpc1;mfcc_sma_de[14]_lpc2;mfcc_sma_de[14]_lpc3;mfcc_sma_de[14]_lpc4;F0final_sma_amean;F0final_sma_flatness;F0final_sma_posamean;F0final_sma_rqmean;F0final_sma_range;F0final_sma_maxPos;F0final_sma_minPos;F0final_sma_linregc1;F0final_sma_linregc2;F0final_sma_linregerrQ;F0final_sma_qregc1;F0final_sma_qregc2;F0final_sma_qregc3;F0final_sma_qregerrQ;F0final_sma_centroid;F0final_sma_quartile1;F0final_sma_quartile2;F0final_sma_quartile3;F0final_sma_iqr1-2;F0final_sma_iqr2-3;F0final_sma_iqr1-3;F0final_sma_percentile1.0;F0final_sma_percentile99.0;F0final_sma_pctlrange0-1;F0final_sma_stddev;F0final_sma_skewness;F0final_sma_kurtosis;F0final_sma_upleveltime25;F0final_sma_upleveltime50;F0final_sma_upleveltime75;F0final_sma_upleveltime90;F0final_sma_risetime;F0final_sma_leftctime;F0final_sma_lpgain;F0final_sma_lpc0;F0final_sma_lpc1;F0final_sma_lpc2;F0final_sma_lpc3;F0final_sma_lpc4;voicingFinalUnclipped_sma_amean;voicingFinalUnclipped_sma_flatness;voicingFinalUnclipped_sma_posamean;voicingFinalUnclipped_sma_rqmean;voicingFinalUnclipped_sma_range;voicingFinalUnclipped_sma_maxPos;voicingFinalUnclipped_sma_minPos;voicingFinalUnclipped_sma_linregc1;voicingFinalUnclipped_sma_linregc2;voicingFinalUnclipped_sma_linregerrQ;voicingFinalUnclipped_sma_qregc1;voicingFinalUnclipped_sma_qregc2;voicingFinalUnclipped_sma_qregc3;voicingFinalUnclipped_sma_qregerrQ;voicingFinalUnclipped_sma_centroid;voicingFinalUnclipped_sma_quartile1;voicingFinalUnclipped_sma_quartile2;voicingFinalUnclipped_sma_quartile3;voicingFinalUnclipped_sma_iqr1-2;voicingFinalUnclipped_sma_iqr2-3;voicingFinalUnclipped_sma_iqr1-3;voicingFinalUnclipped_sma_percentile1.0;voicingFinalUnclipped_sma_percentile99.0;voicingFinalUnclipped_sma_pctlrange0-1;voicingFinalUnclipped_sma_stddev;voicingFinalUnclipped_sma_skewness;voicingFinalUnclipped_sma_kurtosis;voicingFinalUnclipped_sma_upleveltime25;voicingFinalUnclipped_sma_upleveltime50;voicingFinalUnclipped_sma_upleveltime75;voicingFinalUnclipped_sma_upleveltime90;voicingFinalUnclipped_sma_risetime;voicingFinalUnclipped_sma_leftctime;voicingFinalUnclipped_sma_lpgain;voicingFinalUnclipped_sma_lpc0;voicingFinalUnclipped_sma_lpc1;voicingFinalUnclipped_sma_lpc2;voicingFinalUnclipped_sma_lpc3;voicingFinalUnclipped_sma_lpc4;jitterLocal_sma_amean;jitterLocal_sma_flatness;jitterLocal_sma_posamean;jitterLocal_sma_rqmean;jitterLocal_sma_range;jitterLocal_sma_maxPos;jitterLocal_sma_minPos;jitterLocal_sma_linregc1;jitterLocal_sma_linregc2;jitterLocal_sma_linregerrQ;jitterLocal_sma_qregc1;jitterLocal_sma_qregc2;jitterLocal_sma_qregc3;jitterLocal_sma_qregerrQ;jitterLocal_sma_centroid;jitterLocal_sma_quartile1;jitterLocal_sma_quartile2;jitterLocal_sma_quartile3;jitterLocal_sma_iqr1-2;jitterLocal_sma_iqr2-3;jitterLocal_sma_iqr1-3;jitterLocal_sma_percentile1.0;jitterLocal_sma_percentile99.0;jitterLocal_sma_pctlrange0-1;jitterLocal_sma_stddev;jitterLocal_sma_skewness;jitterLocal_sma_kurtosis;jitterLocal_sma_upleveltime25;jitterLocal_sma_upleveltime50;jitterLocal_sma_upleveltime75;jitterLocal_sma_upleveltime90;jitterLocal_sma_risetime;jitterLocal_sma_leftctime;jitterLocal_sma_lpgain;jitterLocal_sma_lpc0;jitterLocal_sma_lpc1;jitterLocal_sma_lpc2;jitterLocal_sma_lpc3;jitterLocal_sma_lpc4;jitterDDP_sma_amean;jitterDDP_sma_flatness;jitterDDP_sma_posamean;jitterDDP_sma_rqmean;jitterDDP_sma_range;jitterDDP_sma_maxPos;jitterDDP_sma_minPos;jitterDDP_sma_linregc1;jitterDDP_sma_linregc2;jitterDDP_sma_linregerrQ;jitterDDP_sma_qregc1;jitterDDP_sma_qregc2;jitterDDP_sma_qregc3;jitterDDP_sma_qregerrQ;jitterDDP_sma_centroid;jitterDDP_sma_quartile1;jitterDDP_sma_quartile2;jitterDDP_sma_quartile3;jitterDDP_sma_iqr1-2;jitterDDP_sma_iqr2-3;jitterDDP_sma_iqr1-3;jitterDDP_sma_percentile1.0;jitterDDP_sma_percentile99.0;jitterDDP_sma_pctlrange0-1;jitterDDP_sma_stddev;jitterDDP_sma_skewness;jitterDDP_sma_kurtosis;jitterDDP_sma_upleveltime25;jitterDDP_sma_upleveltime50;jitterDDP_sma_upleveltime75;jitterDDP_sma_upleveltime90;jitterDDP_sma_risetime;jitterDDP_sma_leftctime;jitterDDP_sma_lpgain;jitterDDP_sma_lpc0;jitterDDP_sma_lpc1;jitterDDP_sma_lpc2;jitterDDP_sma_lpc3;jitterDDP_sma_lpc4;shimmerLocal_sma_amean;shimmerLocal_sma_flatness;shimmerLocal_sma_posamean;shimmerLocal_sma_rqmean;shimmerLocal_sma_range;shimmerLocal_sma_maxPos;shimmerLocal_sma_minPos;shimmerLocal_sma_linregc1;shimmerLocal_sma_linregc2;shimmerLocal_sma_linregerrQ;shimmerLocal_sma_qregc1;shimmerLocal_sma_qregc2;shimmerLocal_sma_qregc3;shimmerLocal_sma_qregerrQ;shimmerLocal_sma_centroid;shimmerLocal_sma_quartile1;shimmerLocal_sma_quartile2;shimmerLocal_sma_quartile3;shimmerLocal_sma_iqr1-2;shimmerLocal_sma_iqr2-3;shimmerLocal_sma_iqr1-3;shimmerLocal_sma_percentile1.0;shimmerLocal_sma_percentile99.0;shimmerLocal_sma_pctlrange0-1;shimmerLocal_sma_stddev;shimmerLocal_sma_skewness;shimmerLocal_sma_kurtosis;shimmerLocal_sma_upleveltime25;shimmerLocal_sma_upleveltime50;shimmerLocal_sma_upleveltime75;shimmerLocal_sma_upleveltime90;shimmerLocal_sma_risetime;shimmerLocal_sma_leftctime;shimmerLocal_sma_lpgain;shimmerLocal_sma_lpc0;shimmerLocal_sma_lpc1;shimmerLocal_sma_lpc2;shimmerLocal_sma_lpc3;shimmerLocal_sma_lpc4;logHNR_sma_amean;logHNR_sma_flatness;logHNR_sma_posamean;logHNR_sma_rqmean;logHNR_sma_range;logHNR_sma_maxPos;logHNR_sma_minPos;logHNR_sma_linregc1;logHNR_sma_linregc2;logHNR_sma_linregerrQ;logHNR_sma_qregc1;logHNR_sma_qregc2;logHNR_sma_qregc3;logHNR_sma_qregerrQ;logHNR_sma_centroid;logHNR_sma_quartile1;logHNR_sma_quartile2;logHNR_sma_quartile3;logHNR_sma_iqr1-2;logHNR_sma_iqr2-3;logHNR_sma_iqr1-3;logHNR_sma_percentile1.0;logHNR_sma_percentile99.0;logHNR_sma_pctlrange0-1;logHNR_sma_stddev;logHNR_sma_skewness;logHNR_sma_kurtosis;logHNR_sma_upleveltime25;logHNR_sma_upleveltime50;logHNR_sma_upleveltime75;logHNR_sma_upleveltime90;logHNR_sma_risetime;logHNR_sma_leftctime;logHNR_sma_lpgain;logHNR_sma_lpc0;logHNR_sma_lpc1;logHNR_sma_lpc2;logHNR_sma_lpc3;logHNR_sma_lpc4;F0final_sma_de_amean;F0final_sma_de_flatness;F0final_sma_de_posamean;F0final_sma_de_rqmean;F0final_sma_de_range;F0final_sma_de_maxPos;F0final_sma_de_minPos;F0final_sma_de_linregc1;F0final_sma_de_linregc2;F0final_sma_de_linregerrQ;F0final_sma_de_qregc1;F0final_sma_de_qregc2;F0final_sma_de_qregc3;F0final_sma_de_qregerrQ;F0final_sma_de_centroid;F0final_sma_de_quartile1;F0final_sma_de_quartile2;F0final_sma_de_quartile3;F0final_sma_de_iqr1-2;F0final_sma_de_iqr2-3;F0final_sma_de_iqr1-3;F0final_sma_de_percentile1.0;F0final_sma_de_percentile99.0;F0final_sma_de_pctlrange0-1;F0final_sma_de_stddev;F0final_sma_de_skewness;F0final_sma_de_kurtosis;F0final_sma_de_upleveltime25;F0final_sma_de_upleveltime50;F0final_sma_de_upleveltime75;F0final_sma_de_upleveltime90;F0final_sma_de_risetime;F0final_sma_de_leftctime;F0final_sma_de_lpgain;F0final_sma_de_lpc0;F0final_sma_de_lpc1;F0final_sma_de_lpc2;F0final_sma_de_lpc3;F0final_sma_de_lpc4;voicingFinalUnclipped_sma_de_amean;voicingFinalUnclipped_sma_de_flatness;voicingFinalUnclipped_sma_de_posamean;voicingFinalUnclipped_sma_de_rqmean;voicingFinalUnclipped_sma_de_range;voicingFinalUnclipped_sma_de_maxPos;voicingFinalUnclipped_sma_de_minPos;voicingFinalUnclipped_sma_de_linregc1;voicingFinalUnclipped_sma_de_linregc2;voicingFinalUnclipped_sma_de_linregerrQ;voicingFinalUnclipped_sma_de_qregc1;voicingFinalUnclipped_sma_de_qregc2;voicingFinalUnclipped_sma_de_qregc3;voicingFinalUnclipped_sma_de_qregerrQ;voicingFinalUnclipped_sma_de_centroid;voicingFinalUnclipped_sma_de_quartile1;voicingFinalUnclipped_sma_de_quartile2;voicingFinalUnclipped_sma_de_quartile3;voicingFinalUnclipped_sma_de_iqr1-2;voicingFinalUnclipped_sma_de_iqr2-3;voicingFinalUnclipped_sma_de_iqr1-3;voicingFinalUnclipped_sma_de_percentile1.0;voicingFinalUnclipped_sma_de_percentile99.0;voicingFinalUnclipped_sma_de_pctlrange0-1;voicingFinalUnclipped_sma_de_stddev;voicingFinalUnclipped_sma_de_skewness;voicingFinalUnclipped_sma_de_kurtosis;voicingFinalUnclipped_sma_de_upleveltime25;voicingFinalUnclipped_sma_de_upleveltime50;voicingFinalUnclipped_sma_de_upleveltime75;voicingFinalUnclipped_sma_de_upleveltime90;voicingFinalUnclipped_sma_de_risetime;voicingFinalUnclipped_sma_de_leftctime;voicingFinalUnclipped_sma_de_lpgain;voicingFinalUnclipped_sma_de_lpc0;voicingFinalUnclipped_sma_de_lpc1;voicingFinalUnclipped_sma_de_lpc2;voicingFinalUnclipped_sma_de_lpc3;voicingFinalUnclipped_sma_de_lpc4;jitterLocal_sma_de_amean;jitterLocal_sma_de_flatness;jitterLocal_sma_de_posamean;jitterLocal_sma_de_rqmean;jitterLocal_sma_de_range;jitterLocal_sma_de_maxPos;jitterLocal_sma_de_minPos;jitterLocal_sma_de_linregc1;jitterLocal_sma_de_linregc2;jitterLocal_sma_de_linregerrQ;jitterLocal_sma_de_qregc1;jitterLocal_sma_de_qregc2;jitterLocal_sma_de_qregc3;jitterLocal_sma_de_qregerrQ;jitterLocal_sma_de_centroid;jitterLocal_sma_de_quartile1;jitterLocal_sma_de_quartile2;jitterLocal_sma_de_quartile3;jitterLocal_sma_de_iqr1-2;jitterLocal_sma_de_iqr2-3;jitterLocal_sma_de_iqr1-3;jitterLocal_sma_de_percentile1.0;jitterLocal_sma_de_percentile99.0;jitterLocal_sma_de_pctlrange0-1;jitterLocal_sma_de_stddev;jitterLocal_sma_de_skewness;jitterLocal_sma_de_kurtosis;jitterLocal_sma_de_upleveltime25;jitterLocal_sma_de_upleveltime50;jitterLocal_sma_de_upleveltime75;jitterLocal_sma_de_upleveltime90;jitterLocal_sma_de_risetime;jitterLocal_sma_de_leftctime;jitterLocal_sma_de_lpgain;jitterLocal_sma_de_lpc0;jitterLocal_sma_de_lpc1;jitterLocal_sma_de_lpc2;jitterLocal_sma_de_lpc3;jitterLocal_sma_de_lpc4;jitterDDP_sma_de_amean;jitterDDP_sma_de_flatness;jitterDDP_sma_de_posamean;jitterDDP_sma_de_rqmean;jitterDDP_sma_de_range;jitterDDP_sma_de_maxPos;jitterDDP_sma_de_minPos;jitterDDP_sma_de_linregc1;jitterDDP_sma_de_linregc2;jitterDDP_sma_de_linregerrQ;jitterDDP_sma_de_qregc1;jitterDDP_sma_de_qregc2;jitterDDP_sma_de_qregc3;jitterDDP_sma_de_qregerrQ;jitterDDP_sma_de_centroid;jitterDDP_sma_de_quartile1;jitterDDP_sma_de_quartile2;jitterDDP_sma_de_quartile3;jitterDDP_sma_de_iqr1-2;jitterDDP_sma_de_iqr2-3;jitterDDP_sma_de_iqr1-3;jitterDDP_sma_de_percentile1.0;jitterDDP_sma_de_percentile99.0;jitterDDP_sma_de_pctlrange0-1;jitterDDP_sma_de_stddev;jitterDDP_sma_de_skewness;jitterDDP_sma_de_kurtosis;jitterDDP_sma_de_upleveltime25;jitterDDP_sma_de_upleveltime50;jitterDDP_sma_de_upleveltime75;jitterDDP_sma_de_upleveltime90;jitterDDP_sma_de_risetime;jitterDDP_sma_de_leftctime;jitterDDP_sma_de_lpgain;jitterDDP_sma_de_lpc0;jitterDDP_sma_de_lpc1;jitterDDP_sma_de_lpc2;jitterDDP_sma_de_lpc3;jitterDDP_sma_de_lpc4;shimmerLocal_sma_de_amean;shimmerLocal_sma_de_flatness;shimmerLocal_sma_de_posamean;shimmerLocal_sma_de_rqmean;shimmerLocal_sma_de_range;shimmerLocal_sma_de_maxPos;shimmerLocal_sma_de_minPos;shimmerLocal_sma_de_linregc1;shimmerLocal_sma_de_linregc2;shimmerLocal_sma_de_linregerrQ;shimmerLocal_sma_de_qregc1;shimmerLocal_sma_de_qregc2;shimmerLocal_sma_de_qregc3;shimmerLocal_sma_de_qregerrQ;shimmerLocal_sma_de_centroid;shimmerLocal_sma_de_quartile1;shimmerLocal_sma_de_quartile2;shimmerLocal_sma_de_quartile3;shimmerLocal_sma_de_iqr1-2;shimmerLocal_sma_de_iqr2-3;shimmerLocal_sma_de_iqr1-3;shimmerLocal_sma_de_percentile1.0;shimmerLocal_sma_de_percentile99.0;shimmerLocal_sma_de_pctlrange0-1;shimmerLocal_sma_de_stddev;shimmerLocal_sma_de_skewness;shimmerLocal_sma_de_kurtosis;shimmerLocal_sma_de_upleveltime25;shimmerLocal_sma_de_upleveltime50;shimmerLocal_sma_de_upleveltime75;shimmerLocal_sma_de_upleveltime90;shimmerLocal_sma_de_risetime;shimmerLocal_sma_de_leftctime;shimmerLocal_sma_de_lpgain;shimmerLocal_sma_de_lpc0;shimmerLocal_sma_de_lpc1;shimmerLocal_sma_de_lpc2;shimmerLocal_sma_de_lpc3;shimmerLocal_sma_de_lpc4;logHNR_sma_de_amean;logHNR_sma_de_flatness;logHNR_sma_de_posamean;logHNR_sma_de_rqmean;logHNR_sma_de_range;logHNR_sma_de_maxPos;logHNR_sma_de_minPos;logHNR_sma_de_linregc1;logHNR_sma_de_linregc2;logHNR_sma_de_linregerrQ;logHNR_sma_de_qregc1;logHNR_sma_de_qregc2;logHNR_sma_de_qregc3;logHNR_sma_de_qregerrQ;logHNR_sma_de_centroid;logHNR_sma_de_quartile1;logHNR_sma_de_quartile2;logHNR_sma_de_quartile3;logHNR_sma_de_iqr1-2;logHNR_sma_de_iqr2-3;logHNR_sma_de_iqr1-3;logHNR_sma_de_percentile1.0;logHNR_sma_de_percentile99.0;logHNR_sma_de_pctlrange0-1;logHNR_sma_de_stddev;logHNR_sma_de_skewness;logHNR_sma_de_kurtosis;logHNR_sma_de_upleveltime25;logHNR_sma_de_upleveltime50;logHNR_sma_de_upleveltime75;logHNR_sma_de_upleveltime90;logHNR_sma_de_risetime;logHNR_sma_de_leftctime;logHNR_sma_de_lpgain;logHNR_sma_de_lpc0;logHNR_sma_de_lpc1;logHNR_sma_de_lpc2;logHNR_sma_de_lpc3;logHNR_sma_de_lpc4;F0final_sma_ff0_nnz;F0final_sma_ff0_meanSegLen;F0final_sma_ff0_maxSegLen;F0final_sma_ff0_minSegLen;F0final_sma_ff0_segLenStddev;audspec_lengthL1norm_sma_amean;audspec_lengthL1norm_sma_flatness;audspec_lengthL1norm_sma_rqmean;audspec_lengthL1norm_sma_meanPeakDist;audspec_lengthL1norm_sma_peakDistStddev;audspec_lengthL1norm_sma_peakRangeAbs;audspec_lengthL1norm_sma_peakRangeRel;audspec_lengthL1norm_sma_peakMeanAbs;audspec_lengthL1norm_sma_peakMeanMeanDist;audspec_lengthL1norm_sma_peakMeanRel;audspec_lengthL1norm_sma_minRangeRel;audspec_lengthL1norm_sma_meanRisingSlope;audspec_lengthL1norm_sma_stddevRisingSlope;audspec_lengthL1norm_sma_meanFallingSlope;audspec_lengthL1norm_sma_stddevFallingSlope;audspec_lengthL1norm_sma_linregc1;audspec_lengthL1norm_sma_linregc2;audspec_lengthL1norm_sma_linregerrQ;audspec_lengthL1norm_sma_qregc1;audspec_lengthL1norm_sma_qregc2;audspec_lengthL1norm_sma_qregc3;audspec_lengthL1norm_sma_qregerrQ;audspec_lengthL1norm_sma_centroid;audspecRasta_lengthL1norm_sma_amean;audspecRasta_lengthL1norm_sma_flatness;audspecRasta_lengthL1norm_sma_rqmean;audspecRasta_lengthL1norm_sma_meanPeakDist;audspecRasta_lengthL1norm_sma_peakDistStddev;audspecRasta_lengthL1norm_sma_peakRangeAbs;audspecRasta_lengthL1norm_sma_peakRangeRel;audspecRasta_lengthL1norm_sma_peakMeanAbs;audspecRasta_lengthL1norm_sma_peakMeanMeanDist;audspecRasta_lengthL1norm_sma_peakMeanRel;audspecRasta_lengthL1norm_sma_minRangeRel;audspecRasta_lengthL1norm_sma_meanRisingSlope;audspecRasta_lengthL1norm_sma_stddevRisingSlope;audspecRasta_lengthL1norm_sma_meanFallingSlope;audspecRasta_lengthL1norm_sma_stddevFallingSlope;audspecRasta_lengthL1norm_sma_linregc1;audspecRasta_lengthL1norm_sma_linregc2;audspecRasta_lengthL1norm_sma_linregerrQ;audspecRasta_lengthL1norm_sma_qregc1;audspecRasta_lengthL1norm_sma_qregc2;audspecRasta_lengthL1norm_sma_qregc3;audspecRasta_lengthL1norm_sma_qregerrQ;audspecRasta_lengthL1norm_sma_centroid;pcm_RMSenergy_sma_amean;pcm_RMSenergy_sma_flatness;pcm_RMSenergy_sma_rqmean;pcm_RMSenergy_sma_meanPeakDist;pcm_RMSenergy_sma_peakDistStddev;pcm_RMSenergy_sma_peakRangeAbs;pcm_RMSenergy_sma_peakRangeRel;pcm_RMSenergy_sma_peakMeanAbs;pcm_RMSenergy_sma_peakMeanMeanDist;pcm_RMSenergy_sma_peakMeanRel;pcm_RMSenergy_sma_minRangeRel;pcm_RMSenergy_sma_meanRisingSlope;pcm_RMSenergy_sma_stddevRisingSlope;pcm_RMSenergy_sma_meanFallingSlope;pcm_RMSenergy_sma_stddevFallingSlope;pcm_RMSenergy_sma_linregc1;pcm_RMSenergy_sma_linregc2;pcm_RMSenergy_sma_linregerrQ;pcm_RMSenergy_sma_qregc1;pcm_RMSenergy_sma_qregc2;pcm_RMSenergy_sma_qregc3;pcm_RMSenergy_sma_qregerrQ;pcm_RMSenergy_sma_centroid;pcm_zcr_sma_amean;pcm_zcr_sma_flatness;pcm_zcr_sma_rqmean;pcm_zcr_sma_meanPeakDist;pcm_zcr_sma_peakDistStddev;pcm_zcr_sma_peakRangeAbs;pcm_zcr_sma_peakRangeRel;pcm_zcr_sma_peakMeanAbs;pcm_zcr_sma_peakMeanMeanDist;pcm_zcr_sma_peakMeanRel;pcm_zcr_sma_minRangeRel;pcm_zcr_sma_meanRisingSlope;pcm_zcr_sma_stddevRisingSlope;pcm_zcr_sma_meanFallingSlope;pcm_zcr_sma_stddevFallingSlope;pcm_zcr_sma_linregc1;pcm_zcr_sma_linregc2;pcm_zcr_sma_linregerrQ;pcm_zcr_sma_qregc1;pcm_zcr_sma_qregc2;pcm_zcr_sma_qregc3;pcm_zcr_sma_qregerrQ;pcm_zcr_sma_centroid;audSpec_Rfilt_sma[0]_amean;audSpec_Rfilt_sma[0]_flatness;audSpec_Rfilt_sma[0]_rqmean;audSpec_Rfilt_sma[0]_meanPeakDist;audSpec_Rfilt_sma[0]_peakDistStddev;audSpec_Rfilt_sma[0]_peakRangeAbs;audSpec_Rfilt_sma[0]_peakRangeRel;audSpec_Rfilt_sma[0]_peakMeanAbs;audSpec_Rfilt_sma[0]_peakMeanMeanDist;audSpec_Rfilt_sma[0]_peakMeanRel;audSpec_Rfilt_sma[0]_minRangeRel;audSpec_Rfilt_sma[0]_meanRisingSlope;audSpec_Rfilt_sma[0]_stddevRisingSlope;audSpec_Rfilt_sma[0]_meanFallingSlope;audSpec_Rfilt_sma[0]_stddevFallingSlope;audSpec_Rfilt_sma[0]_linregc1;audSpec_Rfilt_sma[0]_linregc2;audSpec_Rfilt_sma[0]_linregerrQ;audSpec_Rfilt_sma[0]_qregc1;audSpec_Rfilt_sma[0]_qregc2;audSpec_Rfilt_sma[0]_qregc3;audSpec_Rfilt_sma[0]_qregerrQ;audSpec_Rfilt_sma[0]_centroid;audSpec_Rfilt_sma[1]_amean;audSpec_Rfilt_sma[1]_flatness;audSpec_Rfilt_sma[1]_rqmean;audSpec_Rfilt_sma[1]_meanPeakDist;audSpec_Rfilt_sma[1]_peakDistStddev;audSpec_Rfilt_sma[1]_peakRangeAbs;audSpec_Rfilt_sma[1]_peakRangeRel;audSpec_Rfilt_sma[1]_peakMeanAbs;audSpec_Rfilt_sma[1]_peakMeanMeanDist;audSpec_Rfilt_sma[1]_peakMeanRel;audSpec_Rfilt_sma[1]_minRangeRel;audSpec_Rfilt_sma[1]_meanRisingSlope;audSpec_Rfilt_sma[1]_stddevRisingSlope;audSpec_Rfilt_sma[1]_meanFallingSlope;audSpec_Rfilt_sma[1]_stddevFallingSlope;audSpec_Rfilt_sma[1]_linregc1;audSpec_Rfilt_sma[1]_linregc2;audSpec_Rfilt_sma[1]_linregerrQ;audSpec_Rfilt_sma[1]_qregc1;audSpec_Rfilt_sma[1]_qregc2;audSpec_Rfilt_sma[1]_qregc3;audSpec_Rfilt_sma[1]_qregerrQ;audSpec_Rfilt_sma[1]_centroid;audSpec_Rfilt_sma[2]_amean;audSpec_Rfilt_sma[2]_flatness;audSpec_Rfilt_sma[2]_rqmean;audSpec_Rfilt_sma[2]_meanPeakDist;audSpec_Rfilt_sma[2]_peakDistStddev;audSpec_Rfilt_sma[2]_peakRangeAbs;audSpec_Rfilt_sma[2]_peakRangeRel;audSpec_Rfilt_sma[2]_peakMeanAbs;audSpec_Rfilt_sma[2]_peakMeanMeanDist;audSpec_Rfilt_sma[2]_peakMeanRel;audSpec_Rfilt_sma[2]_minRangeRel;audSpec_Rfilt_sma[2]_meanRisingSlope;audSpec_Rfilt_sma[2]_stddevRisingSlope;audSpec_Rfilt_sma[2]_meanFallingSlope;audSpec_Rfilt_sma[2]_stddevFallingSlope;audSpec_Rfilt_sma[2]_linregc1;audSpec_Rfilt_sma[2]_linregc2;audSpec_Rfilt_sma[2]_linregerrQ;audSpec_Rfilt_sma[2]_qregc1;audSpec_Rfilt_sma[2]_qregc2;audSpec_Rfilt_sma[2]_qregc3;audSpec_Rfilt_sma[2]_qregerrQ;audSpec_Rfilt_sma[2]_centroid;audSpec_Rfilt_sma[3]_amean;audSpec_Rfilt_sma[3]_flatness;audSpec_Rfilt_sma[3]_rqmean;audSpec_Rfilt_sma[3]_meanPeakDist;audSpec_Rfilt_sma[3]_peakDistStddev;audSpec_Rfilt_sma[3]_peakRangeAbs;audSpec_Rfilt_sma[3]_peakRangeRel;audSpec_Rfilt_sma[3]_peakMeanAbs;audSpec_Rfilt_sma[3]_peakMeanMeanDist;audSpec_Rfilt_sma[3]_peakMeanRel;audSpec_Rfilt_sma[3]_minRangeRel;audSpec_Rfilt_sma[3]_meanRisingSlope;audSpec_Rfilt_sma[3]_stddevRisingSlope;audSpec_Rfilt_sma[3]_meanFallingSlope;audSpec_Rfilt_sma[3]_stddevFallingSlope;audSpec_Rfilt_sma[3]_linregc1;audSpec_Rfilt_sma[3]_linregc2;audSpec_Rfilt_sma[3]_linregerrQ;audSpec_Rfilt_sma[3]_qregc1;audSpec_Rfilt_sma[3]_qregc2;audSpec_Rfilt_sma[3]_qregc3;audSpec_Rfilt_sma[3]_qregerrQ;audSpec_Rfilt_sma[3]_centroid;audSpec_Rfilt_sma[4]_amean;audSpec_Rfilt_sma[4]_flatness;audSpec_Rfilt_sma[4]_rqmean;audSpec_Rfilt_sma[4]_meanPeakDist;audSpec_Rfilt_sma[4]_peakDistStddev;audSpec_Rfilt_sma[4]_peakRangeAbs;audSpec_Rfilt_sma[4]_peakRangeRel;audSpec_Rfilt_sma[4]_peakMeanAbs;audSpec_Rfilt_sma[4]_peakMeanMeanDist;audSpec_Rfilt_sma[4]_peakMeanRel;audSpec_Rfilt_sma[4]_minRangeRel;audSpec_Rfilt_sma[4]_meanRisingSlope;audSpec_Rfilt_sma[4]_stddevRisingSlope;audSpec_Rfilt_sma[4]_meanFallingSlope;audSpec_Rfilt_sma[4]_stddevFallingSlope;audSpec_Rfilt_sma[4]_linregc1;audSpec_Rfilt_sma[4]_linregc2;audSpec_Rfilt_sma[4]_linregerrQ;audSpec_Rfilt_sma[4]_qregc1;audSpec_Rfilt_sma[4]_qregc2;audSpec_Rfilt_sma[4]_qregc3;audSpec_Rfilt_sma[4]_qregerrQ;audSpec_Rfilt_sma[4]_centroid;audSpec_Rfilt_sma[5]_amean;audSpec_Rfilt_sma[5]_flatness;audSpec_Rfilt_sma[5]_rqmean;audSpec_Rfilt_sma[5]_meanPeakDist;audSpec_Rfilt_sma[5]_peakDistStddev;audSpec_Rfilt_sma[5]_peakRangeAbs;audSpec_Rfilt_sma[5]_peakRangeRel;audSpec_Rfilt_sma[5]_peakMeanAbs;audSpec_Rfilt_sma[5]_peakMeanMeanDist;audSpec_Rfilt_sma[5]_peakMeanRel;audSpec_Rfilt_sma[5]_minRangeRel;audSpec_Rfilt_sma[5]_meanRisingSlope;audSpec_Rfilt_sma[5]_stddevRisingSlope;audSpec_Rfilt_sma[5]_meanFallingSlope;audSpec_Rfilt_sma[5]_stddevFallingSlope;audSpec_Rfilt_sma[5]_linregc1;audSpec_Rfilt_sma[5]_linregc2;audSpec_Rfilt_sma[5]_linregerrQ;audSpec_Rfilt_sma[5]_qregc1;audSpec_Rfilt_sma[5]_qregc2;audSpec_Rfilt_sma[5]_qregc3;audSpec_Rfilt_sma[5]_qregerrQ;audSpec_Rfilt_sma[5]_centroid;audSpec_Rfilt_sma[6]_amean;audSpec_Rfilt_sma[6]_flatness;audSpec_Rfilt_sma[6]_rqmean;audSpec_Rfilt_sma[6]_meanPeakDist;audSpec_Rfilt_sma[6]_peakDistStddev;audSpec_Rfilt_sma[6]_peakRangeAbs;audSpec_Rfilt_sma[6]_peakRangeRel;audSpec_Rfilt_sma[6]_peakMeanAbs;audSpec_Rfilt_sma[6]_peakMeanMeanDist;audSpec_Rfilt_sma[6]_peakMeanRel;audSpec_Rfilt_sma[6]_minRangeRel;audSpec_Rfilt_sma[6]_meanRisingSlope;audSpec_Rfilt_sma[6]_stddevRisingSlope;audSpec_Rfilt_sma[6]_meanFallingSlope;audSpec_Rfilt_sma[6]_stddevFallingSlope;audSpec_Rfilt_sma[6]_linregc1;audSpec_Rfilt_sma[6]_linregc2;audSpec_Rfilt_sma[6]_linregerrQ;audSpec_Rfilt_sma[6]_qregc1;audSpec_Rfilt_sma[6]_qregc2;audSpec_Rfilt_sma[6]_qregc3;audSpec_Rfilt_sma[6]_qregerrQ;audSpec_Rfilt_sma[6]_centroid;audSpec_Rfilt_sma[7]_amean;audSpec_Rfilt_sma[7]_flatness;audSpec_Rfilt_sma[7]_rqmean;audSpec_Rfilt_sma[7]_meanPeakDist;audSpec_Rfilt_sma[7]_peakDistStddev;audSpec_Rfilt_sma[7]_peakRangeAbs;audSpec_Rfilt_sma[7]_peakRangeRel;audSpec_Rfilt_sma[7]_peakMeanAbs;audSpec_Rfilt_sma[7]_peakMeanMeanDist;audSpec_Rfilt_sma[7]_peakMeanRel;audSpec_Rfilt_sma[7]_minRangeRel;audSpec_Rfilt_sma[7]_meanRisingSlope;audSpec_Rfilt_sma[7]_stddevRisingSlope;audSpec_Rfilt_sma[7]_meanFallingSlope;audSpec_Rfilt_sma[7]_stddevFallingSlope;audSpec_Rfilt_sma[7]_linregc1;audSpec_Rfilt_sma[7]_linregc2;audSpec_Rfilt_sma[7]_linregerrQ;audSpec_Rfilt_sma[7]_qregc1;audSpec_Rfilt_sma[7]_qregc2;audSpec_Rfilt_sma[7]_qregc3;audSpec_Rfilt_sma[7]_qregerrQ;audSpec_Rfilt_sma[7]_centroid;audSpec_Rfilt_sma[8]_amean;audSpec_Rfilt_sma[8]_flatness;audSpec_Rfilt_sma[8]_rqmean;audSpec_Rfilt_sma[8]_meanPeakDist;audSpec_Rfilt_sma[8]_peakDistStddev;audSpec_Rfilt_sma[8]_peakRangeAbs;audSpec_Rfilt_sma[8]_peakRangeRel;audSpec_Rfilt_sma[8]_peakMeanAbs;audSpec_Rfilt_sma[8]_peakMeanMeanDist;audSpec_Rfilt_sma[8]_peakMeanRel;audSpec_Rfilt_sma[8]_minRangeRel;audSpec_Rfilt_sma[8]_meanRisingSlope;audSpec_Rfilt_sma[8]_stddevRisingSlope;audSpec_Rfilt_sma[8]_meanFallingSlope;audSpec_Rfilt_sma[8]_stddevFallingSlope;audSpec_Rfilt_sma[8]_linregc1;audSpec_Rfilt_sma[8]_linregc2;audSpec_Rfilt_sma[8]_linregerrQ;audSpec_Rfilt_sma[8]_qregc1;audSpec_Rfilt_sma[8]_qregc2;audSpec_Rfilt_sma[8]_qregc3;audSpec_Rfilt_sma[8]_qregerrQ;audSpec_Rfilt_sma[8]_centroid;audSpec_Rfilt_sma[9]_amean;audSpec_Rfilt_sma[9]_flatness;audSpec_Rfilt_sma[9]_rqmean;audSpec_Rfilt_sma[9]_meanPeakDist;audSpec_Rfilt_sma[9]_peakDistStddev;audSpec_Rfilt_sma[9]_peakRangeAbs;audSpec_Rfilt_sma[9]_peakRangeRel;audSpec_Rfilt_sma[9]_peakMeanAbs;audSpec_Rfilt_sma[9]_peakMeanMeanDist;audSpec_Rfilt_sma[9]_peakMeanRel;audSpec_Rfilt_sma[9]_minRangeRel;audSpec_Rfilt_sma[9]_meanRisingSlope;audSpec_Rfilt_sma[9]_stddevRisingSlope;audSpec_Rfilt_sma[9]_meanFallingSlope;audSpec_Rfilt_sma[9]_stddevFallingSlope;audSpec_Rfilt_sma[9]_linregc1;audSpec_Rfilt_sma[9]_linregc2;audSpec_Rfilt_sma[9]_linregerrQ;audSpec_Rfilt_sma[9]_qregc1;audSpec_Rfilt_sma[9]_qregc2;audSpec_Rfilt_sma[9]_qregc3;audSpec_Rfilt_sma[9]_qregerrQ;audSpec_Rfilt_sma[9]_centroid;audSpec_Rfilt_sma[10]_amean;audSpec_Rfilt_sma[10]_flatness;audSpec_Rfilt_sma[10]_rqmean;audSpec_Rfilt_sma[10]_meanPeakDist;audSpec_Rfilt_sma[10]_peakDistStddev;audSpec_Rfilt_sma[10]_peakRangeAbs;audSpec_Rfilt_sma[10]_peakRangeRel;audSpec_Rfilt_sma[10]_peakMeanAbs;audSpec_Rfilt_sma[10]_peakMeanMeanDist;audSpec_Rfilt_sma[10]_peakMeanRel;audSpec_Rfilt_sma[10]_minRangeRel;audSpec_Rfilt_sma[10]_meanRisingSlope;audSpec_Rfilt_sma[10]_stddevRisingSlope;audSpec_Rfilt_sma[10]_meanFallingSlope;audSpec_Rfilt_sma[10]_stddevFallingSlope;audSpec_Rfilt_sma[10]_linregc1;audSpec_Rfilt_sma[10]_linregc2;audSpec_Rfilt_sma[10]_linregerrQ;audSpec_Rfilt_sma[10]_qregc1;audSpec_Rfilt_sma[10]_qregc2;audSpec_Rfilt_sma[10]_qregc3;audSpec_Rfilt_sma[10]_qregerrQ;audSpec_Rfilt_sma[10]_centroid;audSpec_Rfilt_sma[11]_amean;audSpec_Rfilt_sma[11]_flatness;audSpec_Rfilt_sma[11]_rqmean;audSpec_Rfilt_sma[11]_meanPeakDist;audSpec_Rfilt_sma[11]_peakDistStddev;audSpec_Rfilt_sma[11]_peakRangeAbs;audSpec_Rfilt_sma[11]_peakRangeRel;audSpec_Rfilt_sma[11]_peakMeanAbs;audSpec_Rfilt_sma[11]_peakMeanMeanDist;audSpec_Rfilt_sma[11]_peakMeanRel;audSpec_Rfilt_sma[11]_minRangeRel;audSpec_Rfilt_sma[11]_meanRisingSlope;audSpec_Rfilt_sma[11]_stddevRisingSlope;audSpec_Rfilt_sma[11]_meanFallingSlope;audSpec_Rfilt_sma[11]_stddevFallingSlope;audSpec_Rfilt_sma[11]_linregc1;audSpec_Rfilt_sma[11]_linregc2;audSpec_Rfilt_sma[11]_linregerrQ;audSpec_Rfilt_sma[11]_qregc1;audSpec_Rfilt_sma[11]_qregc2;audSpec_Rfilt_sma[11]_qregc3;audSpec_Rfilt_sma[11]_qregerrQ;audSpec_Rfilt_sma[11]_centroid;audSpec_Rfilt_sma[12]_amean;audSpec_Rfilt_sma[12]_flatness;audSpec_Rfilt_sma[12]_rqmean;audSpec_Rfilt_sma[12]_meanPeakDist;audSpec_Rfilt_sma[12]_peakDistStddev;audSpec_Rfilt_sma[12]_peakRangeAbs;audSpec_Rfilt_sma[12]_peakRangeRel;audSpec_Rfilt_sma[12]_peakMeanAbs;audSpec_Rfilt_sma[12]_peakMeanMeanDist;audSpec_Rfilt_sma[12]_peakMeanRel;audSpec_Rfilt_sma[12]_minRangeRel;audSpec_Rfilt_sma[12]_meanRisingSlope;audSpec_Rfilt_sma[12]_stddevRisingSlope;audSpec_Rfilt_sma[12]_meanFallingSlope;audSpec_Rfilt_sma[12]_stddevFallingSlope;audSpec_Rfilt_sma[12]_linregc1;audSpec_Rfilt_sma[12]_linregc2;audSpec_Rfilt_sma[12]_linregerrQ;audSpec_Rfilt_sma[12]_qregc1;audSpec_Rfilt_sma[12]_qregc2;audSpec_Rfilt_sma[12]_qregc3;audSpec_Rfilt_sma[12]_qregerrQ;audSpec_Rfilt_sma[12]_centroid;audSpec_Rfilt_sma[13]_amean;audSpec_Rfilt_sma[13]_flatness;audSpec_Rfilt_sma[13]_rqmean;audSpec_Rfilt_sma[13]_meanPeakDist;audSpec_Rfilt_sma[13]_peakDistStddev;audSpec_Rfilt_sma[13]_peakRangeAbs;audSpec_Rfilt_sma[13]_peakRangeRel;audSpec_Rfilt_sma[13]_peakMeanAbs;audSpec_Rfilt_sma[13]_peakMeanMeanDist;audSpec_Rfilt_sma[13]_peakMeanRel;audSpec_Rfilt_sma[13]_minRangeRel;audSpec_Rfilt_sma[13]_meanRisingSlope;audSpec_Rfilt_sma[13]_stddevRisingSlope;audSpec_Rfilt_sma[13]_meanFallingSlope;audSpec_Rfilt_sma[13]_stddevFallingSlope;audSpec_Rfilt_sma[13]_linregc1;audSpec_Rfilt_sma[13]_linregc2;audSpec_Rfilt_sma[13]_linregerrQ;audSpec_Rfilt_sma[13]_qregc1;audSpec_Rfilt_sma[13]_qregc2;audSpec_Rfilt_sma[13]_qregc3;audSpec_Rfilt_sma[13]_qregerrQ;audSpec_Rfilt_sma[13]_centroid;audSpec_Rfilt_sma[14]_amean;audSpec_Rfilt_sma[14]_flatness;audSpec_Rfilt_sma[14]_rqmean;audSpec_Rfilt_sma[14]_meanPeakDist;audSpec_Rfilt_sma[14]_peakDistStddev;audSpec_Rfilt_sma[14]_peakRangeAbs;audSpec_Rfilt_sma[14]_peakRangeRel;audSpec_Rfilt_sma[14]_peakMeanAbs;audSpec_Rfilt_sma[14]_peakMeanMeanDist;audSpec_Rfilt_sma[14]_peakMeanRel;audSpec_Rfilt_sma[14]_minRangeRel;audSpec_Rfilt_sma[14]_meanRisingSlope;audSpec_Rfilt_sma[14]_stddevRisingSlope;audSpec_Rfilt_sma[14]_meanFallingSlope;audSpec_Rfilt_sma[14]_stddevFallingSlope;audSpec_Rfilt_sma[14]_linregc1;audSpec_Rfilt_sma[14]_linregc2;audSpec_Rfilt_sma[14]_linregerrQ;audSpec_Rfilt_sma[14]_qregc1;audSpec_Rfilt_sma[14]_qregc2;audSpec_Rfilt_sma[14]_qregc3;audSpec_Rfilt_sma[14]_qregerrQ;audSpec_Rfilt_sma[14]_centroid;audSpec_Rfilt_sma[15]_amean;audSpec_Rfilt_sma[15]_flatness;audSpec_Rfilt_sma[15]_rqmean;audSpec_Rfilt_sma[15]_meanPeakDist;audSpec_Rfilt_sma[15]_peakDistStddev;audSpec_Rfilt_sma[15]_peakRangeAbs;audSpec_Rfilt_sma[15]_peakRangeRel;audSpec_Rfilt_sma[15]_peakMeanAbs;audSpec_Rfilt_sma[15]_peakMeanMeanDist;audSpec_Rfilt_sma[15]_peakMeanRel;audSpec_Rfilt_sma[15]_minRangeRel;audSpec_Rfilt_sma[15]_meanRisingSlope;audSpec_Rfilt_sma[15]_stddevRisingSlope;audSpec_Rfilt_sma[15]_meanFallingSlope;audSpec_Rfilt_sma[15]_stddevFallingSlope;audSpec_Rfilt_sma[15]_linregc1;audSpec_Rfilt_sma[15]_linregc2;audSpec_Rfilt_sma[15]_linregerrQ;audSpec_Rfilt_sma[15]_qregc1;audSpec_Rfilt_sma[15]_qregc2;audSpec_Rfilt_sma[15]_qregc3;audSpec_Rfilt_sma[15]_qregerrQ;audSpec_Rfilt_sma[15]_centroid;audSpec_Rfilt_sma[16]_amean;audSpec_Rfilt_sma[16]_flatness;audSpec_Rfilt_sma[16]_rqmean;audSpec_Rfilt_sma[16]_meanPeakDist;audSpec_Rfilt_sma[16]_peakDistStddev;audSpec_Rfilt_sma[16]_peakRangeAbs;audSpec_Rfilt_sma[16]_peakRangeRel;audSpec_Rfilt_sma[16]_peakMeanAbs;audSpec_Rfilt_sma[16]_peakMeanMeanDist;audSpec_Rfilt_sma[16]_peakMeanRel;audSpec_Rfilt_sma[16]_minRangeRel;audSpec_Rfilt_sma[16]_meanRisingSlope;audSpec_Rfilt_sma[16]_stddevRisingSlope;audSpec_Rfilt_sma[16]_meanFallingSlope;audSpec_Rfilt_sma[16]_stddevFallingSlope;audSpec_Rfilt_sma[16]_linregc1;audSpec_Rfilt_sma[16]_linregc2;audSpec_Rfilt_sma[16]_linregerrQ;audSpec_Rfilt_sma[16]_qregc1;audSpec_Rfilt_sma[16]_qregc2;audSpec_Rfilt_sma[16]_qregc3;audSpec_Rfilt_sma[16]_qregerrQ;audSpec_Rfilt_sma[16]_centroid;audSpec_Rfilt_sma[17]_amean;audSpec_Rfilt_sma[17]_flatness;audSpec_Rfilt_sma[17]_rqmean;audSpec_Rfilt_sma[17]_meanPeakDist;audSpec_Rfilt_sma[17]_peakDistStddev;audSpec_Rfilt_sma[17]_peakRangeAbs;audSpec_Rfilt_sma[17]_peakRangeRel;audSpec_Rfilt_sma[17]_peakMeanAbs;audSpec_Rfilt_sma[17]_peakMeanMeanDist;audSpec_Rfilt_sma[17]_peakMeanRel;audSpec_Rfilt_sma[17]_minRangeRel;audSpec_Rfilt_sma[17]_meanRisingSlope;audSpec_Rfilt_sma[17]_stddevRisingSlope;audSpec_Rfilt_sma[17]_meanFallingSlope;audSpec_Rfilt_sma[17]_stddevFallingSlope;audSpec_Rfilt_sma[17]_linregc1;audSpec_Rfilt_sma[17]_linregc2;audSpec_Rfilt_sma[17]_linregerrQ;audSpec_Rfilt_sma[17]_qregc1;audSpec_Rfilt_sma[17]_qregc2;audSpec_Rfilt_sma[17]_qregc3;audSpec_Rfilt_sma[17]_qregerrQ;audSpec_Rfilt_sma[17]_centroid;audSpec_Rfilt_sma[18]_amean;audSpec_Rfilt_sma[18]_flatness;audSpec_Rfilt_sma[18]_rqmean;audSpec_Rfilt_sma[18]_meanPeakDist;audSpec_Rfilt_sma[18]_peakDistStddev;audSpec_Rfilt_sma[18]_peakRangeAbs;audSpec_Rfilt_sma[18]_peakRangeRel;audSpec_Rfilt_sma[18]_peakMeanAbs;audSpec_Rfilt_sma[18]_peakMeanMeanDist;audSpec_Rfilt_sma[18]_peakMeanRel;audSpec_Rfilt_sma[18]_minRangeRel;audSpec_Rfilt_sma[18]_meanRisingSlope;audSpec_Rfilt_sma[18]_stddevRisingSlope;audSpec_Rfilt_sma[18]_meanFallingSlope;audSpec_Rfilt_sma[18]_stddevFallingSlope;audSpec_Rfilt_sma[18]_linregc1;audSpec_Rfilt_sma[18]_linregc2;audSpec_Rfilt_sma[18]_linregerrQ;audSpec_Rfilt_sma[18]_qregc1;audSpec_Rfilt_sma[18]_qregc2;audSpec_Rfilt_sma[18]_qregc3;audSpec_Rfilt_sma[18]_qregerrQ;audSpec_Rfilt_sma[18]_centroid;audSpec_Rfilt_sma[19]_amean;audSpec_Rfilt_sma[19]_flatness;audSpec_Rfilt_sma[19]_rqmean;audSpec_Rfilt_sma[19]_meanPeakDist;audSpec_Rfilt_sma[19]_peakDistStddev;audSpec_Rfilt_sma[19]_peakRangeAbs;audSpec_Rfilt_sma[19]_peakRangeRel;audSpec_Rfilt_sma[19]_peakMeanAbs;audSpec_Rfilt_sma[19]_peakMeanMeanDist;audSpec_Rfilt_sma[19]_peakMeanRel;audSpec_Rfilt_sma[19]_minRangeRel;audSpec_Rfilt_sma[19]_meanRisingSlope;audSpec_Rfilt_sma[19]_stddevRisingSlope;audSpec_Rfilt_sma[19]_meanFallingSlope;audSpec_Rfilt_sma[19]_stddevFallingSlope;audSpec_Rfilt_sma[19]_linregc1;audSpec_Rfilt_sma[19]_linregc2;audSpec_Rfilt_sma[19]_linregerrQ;audSpec_Rfilt_sma[19]_qregc1;audSpec_Rfilt_sma[19]_qregc2;audSpec_Rfilt_sma[19]_qregc3;audSpec_Rfilt_sma[19]_qregerrQ;audSpec_Rfilt_sma[19]_centroid;audSpec_Rfilt_sma[20]_amean;audSpec_Rfilt_sma[20]_flatness;audSpec_Rfilt_sma[20]_rqmean;audSpec_Rfilt_sma[20]_meanPeakDist;audSpec_Rfilt_sma[20]_peakDistStddev;audSpec_Rfilt_sma[20]_peakRangeAbs;audSpec_Rfilt_sma[20]_peakRangeRel;audSpec_Rfilt_sma[20]_peakMeanAbs;audSpec_Rfilt_sma[20]_peakMeanMeanDist;audSpec_Rfilt_sma[20]_peakMeanRel;audSpec_Rfilt_sma[20]_minRangeRel;audSpec_Rfilt_sma[20]_meanRisingSlope;audSpec_Rfilt_sma[20]_stddevRisingSlope;audSpec_Rfilt_sma[20]_meanFallingSlope;audSpec_Rfilt_sma[20]_stddevFallingSlope;audSpec_Rfilt_sma[20]_linregc1;audSpec_Rfilt_sma[20]_linregc2;audSpec_Rfilt_sma[20]_linregerrQ;audSpec_Rfilt_sma[20]_qregc1;audSpec_Rfilt_sma[20]_qregc2;audSpec_Rfilt_sma[20]_qregc3;audSpec_Rfilt_sma[20]_qregerrQ;audSpec_Rfilt_sma[20]_centroid;audSpec_Rfilt_sma[21]_amean;audSpec_Rfilt_sma[21]_flatness;audSpec_Rfilt_sma[21]_rqmean;audSpec_Rfilt_sma[21]_meanPeakDist;audSpec_Rfilt_sma[21]_peakDistStddev;audSpec_Rfilt_sma[21]_peakRangeAbs;audSpec_Rfilt_sma[21]_peakRangeRel;audSpec_Rfilt_sma[21]_peakMeanAbs;audSpec_Rfilt_sma[21]_peakMeanMeanDist;audSpec_Rfilt_sma[21]_peakMeanRel;audSpec_Rfilt_sma[21]_minRangeRel;audSpec_Rfilt_sma[21]_meanRisingSlope;audSpec_Rfilt_sma[21]_stddevRisingSlope;audSpec_Rfilt_sma[21]_meanFallingSlope;audSpec_Rfilt_sma[21]_stddevFallingSlope;audSpec_Rfilt_sma[21]_linregc1;audSpec_Rfilt_sma[21]_linregc2;audSpec_Rfilt_sma[21]_linregerrQ;audSpec_Rfilt_sma[21]_qregc1;audSpec_Rfilt_sma[21]_qregc2;audSpec_Rfilt_sma[21]_qregc3;audSpec_Rfilt_sma[21]_qregerrQ;audSpec_Rfilt_sma[21]_centroid;audSpec_Rfilt_sma[22]_amean;audSpec_Rfilt_sma[22]_flatness;audSpec_Rfilt_sma[22]_rqmean;audSpec_Rfilt_sma[22]_meanPeakDist;audSpec_Rfilt_sma[22]_peakDistStddev;audSpec_Rfilt_sma[22]_peakRangeAbs;audSpec_Rfilt_sma[22]_peakRangeRel;audSpec_Rfilt_sma[22]_peakMeanAbs;audSpec_Rfilt_sma[22]_peakMeanMeanDist;audSpec_Rfilt_sma[22]_peakMeanRel;audSpec_Rfilt_sma[22]_minRangeRel;audSpec_Rfilt_sma[22]_meanRisingSlope;audSpec_Rfilt_sma[22]_stddevRisingSlope;audSpec_Rfilt_sma[22]_meanFallingSlope;audSpec_Rfilt_sma[22]_stddevFallingSlope;audSpec_Rfilt_sma[22]_linregc1;audSpec_Rfilt_sma[22]_linregc2;audSpec_Rfilt_sma[22]_linregerrQ;audSpec_Rfilt_sma[22]_qregc1;audSpec_Rfilt_sma[22]_qregc2;audSpec_Rfilt_sma[22]_qregc3;audSpec_Rfilt_sma[22]_qregerrQ;audSpec_Rfilt_sma[22]_centroid;audSpec_Rfilt_sma[23]_amean;audSpec_Rfilt_sma[23]_flatness;audSpec_Rfilt_sma[23]_rqmean;audSpec_Rfilt_sma[23]_meanPeakDist;audSpec_Rfilt_sma[23]_peakDistStddev;audSpec_Rfilt_sma[23]_peakRangeAbs;audSpec_Rfilt_sma[23]_peakRangeRel;audSpec_Rfilt_sma[23]_peakMeanAbs;audSpec_Rfilt_sma[23]_peakMeanMeanDist;audSpec_Rfilt_sma[23]_peakMeanRel;audSpec_Rfilt_sma[23]_minRangeRel;audSpec_Rfilt_sma[23]_meanRisingSlope;audSpec_Rfilt_sma[23]_stddevRisingSlope;audSpec_Rfilt_sma[23]_meanFallingSlope;audSpec_Rfilt_sma[23]_stddevFallingSlope;audSpec_Rfilt_sma[23]_linregc1;audSpec_Rfilt_sma[23]_linregc2;audSpec_Rfilt_sma[23]_linregerrQ;audSpec_Rfilt_sma[23]_qregc1;audSpec_Rfilt_sma[23]_qregc2;audSpec_Rfilt_sma[23]_qregc3;audSpec_Rfilt_sma[23]_qregerrQ;audSpec_Rfilt_sma[23]_centroid;audSpec_Rfilt_sma[24]_amean;audSpec_Rfilt_sma[24]_flatness;audSpec_Rfilt_sma[24]_rqmean;audSpec_Rfilt_sma[24]_meanPeakDist;audSpec_Rfilt_sma[24]_peakDistStddev;audSpec_Rfilt_sma[24]_peakRangeAbs;audSpec_Rfilt_sma[24]_peakRangeRel;audSpec_Rfilt_sma[24]_peakMeanAbs;audSpec_Rfilt_sma[24]_peakMeanMeanDist;audSpec_Rfilt_sma[24]_peakMeanRel;audSpec_Rfilt_sma[24]_minRangeRel;audSpec_Rfilt_sma[24]_meanRisingSlope;audSpec_Rfilt_sma[24]_stddevRisingSlope;audSpec_Rfilt_sma[24]_meanFallingSlope;audSpec_Rfilt_sma[24]_stddevFallingSlope;audSpec_Rfilt_sma[24]_linregc1;audSpec_Rfilt_sma[24]_linregc2;audSpec_Rfilt_sma[24]_linregerrQ;audSpec_Rfilt_sma[24]_qregc1;audSpec_Rfilt_sma[24]_qregc2;audSpec_Rfilt_sma[24]_qregc3;audSpec_Rfilt_sma[24]_qregerrQ;audSpec_Rfilt_sma[24]_centroid;audSpec_Rfilt_sma[25]_amean;audSpec_Rfilt_sma[25]_flatness;audSpec_Rfilt_sma[25]_rqmean;audSpec_Rfilt_sma[25]_meanPeakDist;audSpec_Rfilt_sma[25]_peakDistStddev;audSpec_Rfilt_sma[25]_peakRangeAbs;audSpec_Rfilt_sma[25]_peakRangeRel;audSpec_Rfilt_sma[25]_peakMeanAbs;audSpec_Rfilt_sma[25]_peakMeanMeanDist;audSpec_Rfilt_sma[25]_peakMeanRel;audSpec_Rfilt_sma[25]_minRangeRel;audSpec_Rfilt_sma[25]_meanRisingSlope;audSpec_Rfilt_sma[25]_stddevRisingSlope;audSpec_Rfilt_sma[25]_meanFallingSlope;audSpec_Rfilt_sma[25]_stddevFallingSlope;audSpec_Rfilt_sma[25]_linregc1;audSpec_Rfilt_sma[25]_linregc2;audSpec_Rfilt_sma[25]_linregerrQ;audSpec_Rfilt_sma[25]_qregc1;audSpec_Rfilt_sma[25]_qregc2;audSpec_Rfilt_sma[25]_qregc3;audSpec_Rfilt_sma[25]_qregerrQ;audSpec_Rfilt_sma[25]_centroid;pcm_fftMag_fband250-650_sma_amean;pcm_fftMag_fband250-650_sma_flatness;pcm_fftMag_fband250-650_sma_rqmean;pcm_fftMag_fband250-650_sma_meanPeakDist;pcm_fftMag_fband250-650_sma_peakDistStddev;pcm_fftMag_fband250-650_sma_peakRangeAbs;pcm_fftMag_fband250-650_sma_peakRangeRel;pcm_fftMag_fband250-650_sma_peakMeanAbs;pcm_fftMag_fband250-650_sma_peakMeanMeanDist;pcm_fftMag_fband250-650_sma_peakMeanRel;pcm_fftMag_fband250-650_sma_minRangeRel;pcm_fftMag_fband250-650_sma_meanRisingSlope;pcm_fftMag_fband250-650_sma_stddevRisingSlope;pcm_fftMag_fband250-650_sma_meanFallingSlope;pcm_fftMag_fband250-650_sma_stddevFallingSlope;pcm_fftMag_fband250-650_sma_linregc1;pcm_fftMag_fband250-650_sma_linregc2;pcm_fftMag_fband250-650_sma_linregerrQ;pcm_fftMag_fband250-650_sma_qregc1;pcm_fftMag_fband250-650_sma_qregc2;pcm_fftMag_fband250-650_sma_qregc3;pcm_fftMag_fband250-650_sma_qregerrQ;pcm_fftMag_fband250-650_sma_centroid;pcm_fftMag_fband1000-4000_sma_amean;pcm_fftMag_fband1000-4000_sma_flatness;pcm_fftMag_fband1000-4000_sma_rqmean;pcm_fftMag_fband1000-4000_sma_meanPeakDist;pcm_fftMag_fband1000-4000_sma_peakDistStddev;pcm_fftMag_fband1000-4000_sma_peakRangeAbs;pcm_fftMag_fband1000-4000_sma_peakRangeRel;pcm_fftMag_fband1000-4000_sma_peakMeanAbs;pcm_fftMag_fband1000-4000_sma_peakMeanMeanDist;pcm_fftMag_fband1000-4000_sma_peakMeanRel;pcm_fftMag_fband1000-4000_sma_minRangeRel;pcm_fftMag_fband1000-4000_sma_meanRisingSlope;pcm_fftMag_fband1000-4000_sma_stddevRisingSlope;pcm_fftMag_fband1000-4000_sma_meanFallingSlope;pcm_fftMag_fband1000-4000_sma_stddevFallingSlope;pcm_fftMag_fband1000-4000_sma_linregc1;pcm_fftMag_fband1000-4000_sma_linregc2;pcm_fftMag_fband1000-4000_sma_linregerrQ;pcm_fftMag_fband1000-4000_sma_qregc1;pcm_fftMag_fband1000-4000_sma_qregc2;pcm_fftMag_fband1000-4000_sma_qregc3;pcm_fftMag_fband1000-4000_sma_qregerrQ;pcm_fftMag_fband1000-4000_sma_centroid;pcm_fftMag_spectralRollOff25.0_sma_amean;pcm_fftMag_spectralRollOff25.0_sma_flatness;pcm_fftMag_spectralRollOff25.0_sma_rqmean;pcm_fftMag_spectralRollOff25.0_sma_meanPeakDist;pcm_fftMag_spectralRollOff25.0_sma_peakDistStddev;pcm_fftMag_spectralRollOff25.0_sma_peakRangeAbs;pcm_fftMag_spectralRollOff25.0_sma_peakRangeRel;pcm_fftMag_spectralRollOff25.0_sma_peakMeanAbs;pcm_fftMag_spectralRollOff25.0_sma_peakMeanMeanDist;pcm_fftMag_spectralRollOff25.0_sma_peakMeanRel;pcm_fftMag_spectralRollOff25.0_sma_minRangeRel;pcm_fftMag_spectralRollOff25.0_sma_meanRisingSlope;pcm_fftMag_spectralRollOff25.0_sma_stddevRisingSlope;pcm_fftMag_spectralRollOff25.0_sma_meanFallingSlope;pcm_fftMag_spectralRollOff25.0_sma_stddevFallingSlope;pcm_fftMag_spectralRollOff25.0_sma_linregc1;pcm_fftMag_spectralRollOff25.0_sma_linregc2;pcm_fftMag_spectralRollOff25.0_sma_linregerrQ;pcm_fftMag_spectralRollOff25.0_sma_qregc1;pcm_fftMag_spectralRollOff25.0_sma_qregc2;pcm_fftMag_spectralRollOff25.0_sma_qregc3;pcm_fftMag_spectralRollOff25.0_sma_qregerrQ;pcm_fftMag_spectralRollOff25.0_sma_centroid;pcm_fftMag_spectralRollOff50.0_sma_amean;pcm_fftMag_spectralRollOff50.0_sma_flatness;pcm_fftMag_spectralRollOff50.0_sma_rqmean;pcm_fftMag_spectralRollOff50.0_sma_meanPeakDist;pcm_fftMag_spectralRollOff50.0_sma_peakDistStddev;pcm_fftMag_spectralRollOff50.0_sma_peakRangeAbs;pcm_fftMag_spectralRollOff50.0_sma_peakRangeRel;pcm_fftMag_spectralRollOff50.0_sma_peakMeanAbs;pcm_fftMag_spectralRollOff50.0_sma_peakMeanMeanDist;pcm_fftMag_spectralRollOff50.0_sma_peakMeanRel;pcm_fftMag_spectralRollOff50.0_sma_minRangeRel;pcm_fftMag_spectralRollOff50.0_sma_meanRisingSlope;pcm_fftMag_spectralRollOff50.0_sma_stddevRisingSlope;pcm_fftMag_spectralRollOff50.0_sma_meanFallingSlope;pcm_fftMag_spectralRollOff50.0_sma_stddevFallingSlope;pcm_fftMag_spectralRollOff50.0_sma_linregc1;pcm_fftMag_spectralRollOff50.0_sma_linregc2;pcm_fftMag_spectralRollOff50.0_sma_linregerrQ;pcm_fftMag_spectralRollOff50.0_sma_qregc1;pcm_fftMag_spectralRollOff50.0_sma_qregc2;pcm_fftMag_spectralRollOff50.0_sma_qregc3;pcm_fftMag_spectralRollOff50.0_sma_qregerrQ;pcm_fftMag_spectralRollOff50.0_sma_centroid;pcm_fftMag_spectralRollOff75.0_sma_amean;pcm_fftMag_spectralRollOff75.0_sma_flatness;pcm_fftMag_spectralRollOff75.0_sma_rqmean;pcm_fftMag_spectralRollOff75.0_sma_meanPeakDist;pcm_fftMag_spectralRollOff75.0_sma_peakDistStddev;pcm_fftMag_spectralRollOff75.0_sma_peakRangeAbs;pcm_fftMag_spectralRollOff75.0_sma_peakRangeRel;pcm_fftMag_spectralRollOff75.0_sma_peakMeanAbs;pcm_fftMag_spectralRollOff75.0_sma_peakMeanMeanDist;pcm_fftMag_spectralRollOff75.0_sma_peakMeanRel;pcm_fftMag_spectralRollOff75.0_sma_minRangeRel;pcm_fftMag_spectralRollOff75.0_sma_meanRisingSlope;pcm_fftMag_spectralRollOff75.0_sma_stddevRisingSlope;pcm_fftMag_spectralRollOff75.0_sma_meanFallingSlope;pcm_fftMag_spectralRollOff75.0_sma_stddevFallingSlope;pcm_fftMag_spectralRollOff75.0_sma_linregc1;pcm_fftMag_spectralRollOff75.0_sma_linregc2;pcm_fftMag_spectralRollOff75.0_sma_linregerrQ;pcm_fftMag_spectralRollOff75.0_sma_qregc1;pcm_fftMag_spectralRollOff75.0_sma_qregc2;pcm_fftMag_spectralRollOff75.0_sma_qregc3;pcm_fftMag_spectralRollOff75.0_sma_qregerrQ;pcm_fftMag_spectralRollOff75.0_sma_centroid;pcm_fftMag_spectralRollOff90.0_sma_amean;pcm_fftMag_spectralRollOff90.0_sma_flatness;pcm_fftMag_spectralRollOff90.0_sma_rqmean;pcm_fftMag_spectralRollOff90.0_sma_meanPeakDist;pcm_fftMag_spectralRollOff90.0_sma_peakDistStddev;pcm_fftMag_spectralRollOff90.0_sma_peakRangeAbs;pcm_fftMag_spectralRollOff90.0_sma_peakRangeRel;pcm_fftMag_spectralRollOff90.0_sma_peakMeanAbs;pcm_fftMag_spectralRollOff90.0_sma_peakMeanMeanDist;pcm_fftMag_spectralRollOff90.0_sma_peakMeanRel;pcm_fftMag_spectralRollOff90.0_sma_minRangeRel;pcm_fftMag_spectralRollOff90.0_sma_meanRisingSlope;pcm_fftMag_spectralRollOff90.0_sma_stddevRisingSlope;pcm_fftMag_spectralRollOff90.0_sma_meanFallingSlope;pcm_fftMag_spectralRollOff90.0_sma_stddevFallingSlope;pcm_fftMag_spectralRollOff90.0_sma_linregc1;pcm_fftMag_spectralRollOff90.0_sma_linregc2;pcm_fftMag_spectralRollOff90.0_sma_linregerrQ;pcm_fftMag_spectralRollOff90.0_sma_qregc1;pcm_fftMag_spectralRollOff90.0_sma_qregc2;pcm_fftMag_spectralRollOff90.0_sma_qregc3;pcm_fftMag_spectralRollOff90.0_sma_qregerrQ;pcm_fftMag_spectralRollOff90.0_sma_centroid;pcm_fftMag_spectralFlux_sma_amean;pcm_fftMag_spectralFlux_sma_flatness;pcm_fftMag_spectralFlux_sma_rqmean;pcm_fftMag_spectralFlux_sma_meanPeakDist;pcm_fftMag_spectralFlux_sma_peakDistStddev;pcm_fftMag_spectralFlux_sma_peakRangeAbs;pcm_fftMag_spectralFlux_sma_peakRangeRel;pcm_fftMag_spectralFlux_sma_peakMeanAbs;pcm_fftMag_spectralFlux_sma_peakMeanMeanDist;pcm_fftMag_spectralFlux_sma_peakMeanRel;pcm_fftMag_spectralFlux_sma_minRangeRel;pcm_fftMag_spectralFlux_sma_meanRisingSlope;pcm_fftMag_spectralFlux_sma_stddevRisingSlope;pcm_fftMag_spectralFlux_sma_meanFallingSlope;pcm_fftMag_spectralFlux_sma_stddevFallingSlope;pcm_fftMag_spectralFlux_sma_linregc1;pcm_fftMag_spectralFlux_sma_linregc2;pcm_fftMag_spectralFlux_sma_linregerrQ;pcm_fftMag_spectralFlux_sma_qregc1;pcm_fftMag_spectralFlux_sma_qregc2;pcm_fftMag_spectralFlux_sma_qregc3;pcm_fftMag_spectralFlux_sma_qregerrQ;pcm_fftMag_spectralFlux_sma_centroid;pcm_fftMag_spectralCentroid_sma_amean;pcm_fftMag_spectralCentroid_sma_flatness;pcm_fftMag_spectralCentroid_sma_rqmean;pcm_fftMag_spectralCentroid_sma_meanPeakDist;pcm_fftMag_spectralCentroid_sma_peakDistStddev;pcm_fftMag_spectralCentroid_sma_peakRangeAbs;pcm_fftMag_spectralCentroid_sma_peakRangeRel;pcm_fftMag_spectralCentroid_sma_peakMeanAbs;pcm_fftMag_spectralCentroid_sma_peakMeanMeanDist;pcm_fftMag_spectralCentroid_sma_peakMeanRel;pcm_fftMag_spectralCentroid_sma_minRangeRel;pcm_fftMag_spectralCentroid_sma_meanRisingSlope;pcm_fftMag_spectralCentroid_sma_stddevRisingSlope;pcm_fftMag_spectralCentroid_sma_meanFallingSlope;pcm_fftMag_spectralCentroid_sma_stddevFallingSlope;pcm_fftMag_spectralCentroid_sma_linregc1;pcm_fftMag_spectralCentroid_sma_linregc2;pcm_fftMag_spectralCentroid_sma_linregerrQ;pcm_fftMag_spectralCentroid_sma_qregc1;pcm_fftMag_spectralCentroid_sma_qregc2;pcm_fftMag_spectralCentroid_sma_qregc3;pcm_fftMag_spectralCentroid_sma_qregerrQ;pcm_fftMag_spectralCentroid_sma_centroid;pcm_fftMag_spectralEntropy_sma_amean;pcm_fftMag_spectralEntropy_sma_flatness;pcm_fftMag_spectralEntropy_sma_rqmean;pcm_fftMag_spectralEntropy_sma_meanPeakDist;pcm_fftMag_spectralEntropy_sma_peakDistStddev;pcm_fftMag_spectralEntropy_sma_peakRangeAbs;pcm_fftMag_spectralEntropy_sma_peakRangeRel;pcm_fftMag_spectralEntropy_sma_peakMeanAbs;pcm_fftMag_spectralEntropy_sma_peakMeanMeanDist;pcm_fftMag_spectralEntropy_sma_peakMeanRel;pcm_fftMag_spectralEntropy_sma_minRangeRel;pcm_fftMag_spectralEntropy_sma_meanRisingSlope;pcm_fftMag_spectralEntropy_sma_stddevRisingSlope;pcm_fftMag_spectralEntropy_sma_meanFallingSlope;pcm_fftMag_spectralEntropy_sma_stddevFallingSlope;pcm_fftMag_spectralEntropy_sma_linregc1;pcm_fftMag_spectralEntropy_sma_linregc2;pcm_fftMag_spectralEntropy_sma_linregerrQ;pcm_fftMag_spectralEntropy_sma_qregc1;pcm_fftMag_spectralEntropy_sma_qregc2;pcm_fftMag_spectralEntropy_sma_qregc3;pcm_fftMag_spectralEntropy_sma_qregerrQ;pcm_fftMag_spectralEntropy_sma_centroid;pcm_fftMag_spectralVariance_sma_amean;pcm_fftMag_spectralVariance_sma_flatness;pcm_fftMag_spectralVariance_sma_rqmean;pcm_fftMag_spectralVariance_sma_meanPeakDist;pcm_fftMag_spectralVariance_sma_peakDistStddev;pcm_fftMag_spectralVariance_sma_peakRangeAbs;pcm_fftMag_spectralVariance_sma_peakRangeRel;pcm_fftMag_spectralVariance_sma_peakMeanAbs;pcm_fftMag_spectralVariance_sma_peakMeanMeanDist;pcm_fftMag_spectralVariance_sma_peakMeanRel;pcm_fftMag_spectralVariance_sma_minRangeRel;pcm_fftMag_spectralVariance_sma_meanRisingSlope;pcm_fftMag_spectralVariance_sma_stddevRisingSlope;pcm_fftMag_spectralVariance_sma_meanFallingSlope;pcm_fftMag_spectralVariance_sma_stddevFallingSlope;pcm_fftMag_spectralVariance_sma_linregc1;pcm_fftMag_spectralVariance_sma_linregc2;pcm_fftMag_spectralVariance_sma_linregerrQ;pcm_fftMag_spectralVariance_sma_qregc1;pcm_fftMag_spectralVariance_sma_qregc2;pcm_fftMag_spectralVariance_sma_qregc3;pcm_fftMag_spectralVariance_sma_qregerrQ;pcm_fftMag_spectralVariance_sma_centroid;pcm_fftMag_spectralSkewness_sma_amean;pcm_fftMag_spectralSkewness_sma_flatness;pcm_fftMag_spectralSkewness_sma_rqmean;pcm_fftMag_spectralSkewness_sma_meanPeakDist;pcm_fftMag_spectralSkewness_sma_peakDistStddev;pcm_fftMag_spectralSkewness_sma_peakRangeAbs;pcm_fftMag_spectralSkewness_sma_peakRangeRel;pcm_fftMag_spectralSkewness_sma_peakMeanAbs;pcm_fftMag_spectralSkewness_sma_peakMeanMeanDist;pcm_fftMag_spectralSkewness_sma_peakMeanRel;pcm_fftMag_spectralSkewness_sma_minRangeRel;pcm_fftMag_spectralSkewness_sma_meanRisingSlope;pcm_fftMag_spectralSkewness_sma_stddevRisingSlope;pcm_fftMag_spectralSkewness_sma_meanFallingSlope;pcm_fftMag_spectralSkewness_sma_stddevFallingSlope;pcm_fftMag_spectralSkewness_sma_linregc1;pcm_fftMag_spectralSkewness_sma_linregc2;pcm_fftMag_spectralSkewness_sma_linregerrQ;pcm_fftMag_spectralSkewness_sma_qregc1;pcm_fftMag_spectralSkewness_sma_qregc2;pcm_fftMag_spectralSkewness_sma_qregc3;pcm_fftMag_spectralSkewness_sma_qregerrQ;pcm_fftMag_spectralSkewness_sma_centroid;pcm_fftMag_spectralKurtosis_sma_amean;pcm_fftMag_spectralKurtosis_sma_flatness;pcm_fftMag_spectralKurtosis_sma_rqmean;pcm_fftMag_spectralKurtosis_sma_meanPeakDist;pcm_fftMag_spectralKurtosis_sma_peakDistStddev;pcm_fftMag_spectralKurtosis_sma_peakRangeAbs;pcm_fftMag_spectralKurtosis_sma_peakRangeRel;pcm_fftMag_spectralKurtosis_sma_peakMeanAbs;pcm_fftMag_spectralKurtosis_sma_peakMeanMeanDist;pcm_fftMag_spectralKurtosis_sma_peakMeanRel;pcm_fftMag_spectralKurtosis_sma_minRangeRel;pcm_fftMag_spectralKurtosis_sma_meanRisingSlope;pcm_fftMag_spectralKurtosis_sma_stddevRisingSlope;pcm_fftMag_spectralKurtosis_sma_meanFallingSlope;pcm_fftMag_spectralKurtosis_sma_stddevFallingSlope;pcm_fftMag_spectralKurtosis_sma_linregc1;pcm_fftMag_spectralKurtosis_sma_linregc2;pcm_fftMag_spectralKurtosis_sma_linregerrQ;pcm_fftMag_spectralKurtosis_sma_qregc1;pcm_fftMag_spectralKurtosis_sma_qregc2;pcm_fftMag_spectralKurtosis_sma_qregc3;pcm_fftMag_spectralKurtosis_sma_qregerrQ;pcm_fftMag_spectralKurtosis_sma_centroid;pcm_fftMag_spectralSlope_sma_amean;pcm_fftMag_spectralSlope_sma_flatness;pcm_fftMag_spectralSlope_sma_rqmean;pcm_fftMag_spectralSlope_sma_meanPeakDist;pcm_fftMag_spectralSlope_sma_peakDistStddev;pcm_fftMag_spectralSlope_sma_peakRangeAbs;pcm_fftMag_spectralSlope_sma_peakRangeRel;pcm_fftMag_spectralSlope_sma_peakMeanAbs;pcm_fftMag_spectralSlope_sma_peakMeanMeanDist;pcm_fftMag_spectralSlope_sma_peakMeanRel;pcm_fftMag_spectralSlope_sma_minRangeRel;pcm_fftMag_spectralSlope_sma_meanRisingSlope;pcm_fftMag_spectralSlope_sma_stddevRisingSlope;pcm_fftMag_spectralSlope_sma_meanFallingSlope;pcm_fftMag_spectralSlope_sma_stddevFallingSlope;pcm_fftMag_spectralSlope_sma_linregc1;pcm_fftMag_spectralSlope_sma_linregc2;pcm_fftMag_spectralSlope_sma_linregerrQ;pcm_fftMag_spectralSlope_sma_qregc1;pcm_fftMag_spectralSlope_sma_qregc2;pcm_fftMag_spectralSlope_sma_qregc3;pcm_fftMag_spectralSlope_sma_qregerrQ;pcm_fftMag_spectralSlope_sma_centroid;pcm_fftMag_psySharpness_sma_amean;pcm_fftMag_psySharpness_sma_flatness;pcm_fftMag_psySharpness_sma_rqmean;pcm_fftMag_psySharpness_sma_meanPeakDist;pcm_fftMag_psySharpness_sma_peakDistStddev;pcm_fftMag_psySharpness_sma_peakRangeAbs;pcm_fftMag_psySharpness_sma_peakRangeRel;pcm_fftMag_psySharpness_sma_peakMeanAbs;pcm_fftMag_psySharpness_sma_peakMeanMeanDist;pcm_fftMag_psySharpness_sma_peakMeanRel;pcm_fftMag_psySharpness_sma_minRangeRel;pcm_fftMag_psySharpness_sma_meanRisingSlope;pcm_fftMag_psySharpness_sma_stddevRisingSlope;pcm_fftMag_psySharpness_sma_meanFallingSlope;pcm_fftMag_psySharpness_sma_stddevFallingSlope;pcm_fftMag_psySharpness_sma_linregc1;pcm_fftMag_psySharpness_sma_linregc2;pcm_fftMag_psySharpness_sma_linregerrQ;pcm_fftMag_psySharpness_sma_qregc1;pcm_fftMag_psySharpness_sma_qregc2;pcm_fftMag_psySharpness_sma_qregc3;pcm_fftMag_psySharpness_sma_qregerrQ;pcm_fftMag_psySharpness_sma_centroid;pcm_fftMag_spectralHarmonicity_sma_amean;pcm_fftMag_spectralHarmonicity_sma_flatness;pcm_fftMag_spectralHarmonicity_sma_rqmean;pcm_fftMag_spectralHarmonicity_sma_meanPeakDist;pcm_fftMag_spectralHarmonicity_sma_peakDistStddev;pcm_fftMag_spectralHarmonicity_sma_peakRangeAbs;pcm_fftMag_spectralHarmonicity_sma_peakRangeRel;pcm_fftMag_spectralHarmonicity_sma_peakMeanAbs;pcm_fftMag_spectralHarmonicity_sma_peakMeanMeanDist;pcm_fftMag_spectralHarmonicity_sma_peakMeanRel;pcm_fftMag_spectralHarmonicity_sma_minRangeRel;pcm_fftMag_spectralHarmonicity_sma_meanRisingSlope;pcm_fftMag_spectralHarmonicity_sma_stddevRisingSlope;pcm_fftMag_spectralHarmonicity_sma_meanFallingSlope;pcm_fftMag_spectralHarmonicity_sma_stddevFallingSlope;pcm_fftMag_spectralHarmonicity_sma_linregc1;pcm_fftMag_spectralHarmonicity_sma_linregc2;pcm_fftMag_spectralHarmonicity_sma_linregerrQ;pcm_fftMag_spectralHarmonicity_sma_qregc1;pcm_fftMag_spectralHarmonicity_sma_qregc2;pcm_fftMag_spectralHarmonicity_sma_qregc3;pcm_fftMag_spectralHarmonicity_sma_qregerrQ;pcm_fftMag_spectralHarmonicity_sma_centroid;mfcc_sma[1]_amean;mfcc_sma[1]_flatness;mfcc_sma[1]_rqmean;mfcc_sma[1]_meanPeakDist;mfcc_sma[1]_peakDistStddev;mfcc_sma[1]_peakRangeAbs;mfcc_sma[1]_peakRangeRel;mfcc_sma[1]_peakMeanAbs;mfcc_sma[1]_peakMeanMeanDist;mfcc_sma[1]_peakMeanRel;mfcc_sma[1]_minRangeRel;mfcc_sma[1]_meanRisingSlope;mfcc_sma[1]_stddevRisingSlope;mfcc_sma[1]_meanFallingSlope;mfcc_sma[1]_stddevFallingSlope;mfcc_sma[1]_linregc1;mfcc_sma[1]_linregc2;mfcc_sma[1]_linregerrQ;mfcc_sma[1]_qregc1;mfcc_sma[1]_qregc2;mfcc_sma[1]_qregc3;mfcc_sma[1]_qregerrQ;mfcc_sma[1]_centroid;mfcc_sma[2]_amean;mfcc_sma[2]_flatness;mfcc_sma[2]_rqmean;mfcc_sma[2]_meanPeakDist;mfcc_sma[2]_peakDistStddev;mfcc_sma[2]_peakRangeAbs;mfcc_sma[2]_peakRangeRel;mfcc_sma[2]_peakMeanAbs;mfcc_sma[2]_peakMeanMeanDist;mfcc_sma[2]_peakMeanRel;mfcc_sma[2]_minRangeRel;mfcc_sma[2]_meanRisingSlope;mfcc_sma[2]_stddevRisingSlope;mfcc_sma[2]_meanFallingSlope;mfcc_sma[2]_stddevFallingSlope;mfcc_sma[2]_linregc1;mfcc_sma[2]_linregc2;mfcc_sma[2]_linregerrQ;mfcc_sma[2]_qregc1;mfcc_sma[2]_qregc2;mfcc_sma[2]_qregc3;mfcc_sma[2]_qregerrQ;mfcc_sma[2]_centroid;mfcc_sma[3]_amean;mfcc_sma[3]_flatness;mfcc_sma[3]_rqmean;mfcc_sma[3]_meanPeakDist;mfcc_sma[3]_peakDistStddev;mfcc_sma[3]_peakRangeAbs;mfcc_sma[3]_peakRangeRel;mfcc_sma[3]_peakMeanAbs;mfcc_sma[3]_peakMeanMeanDist;mfcc_sma[3]_peakMeanRel;mfcc_sma[3]_minRangeRel;mfcc_sma[3]_meanRisingSlope;mfcc_sma[3]_stddevRisingSlope;mfcc_sma[3]_meanFallingSlope;mfcc_sma[3]_stddevFallingSlope;mfcc_sma[3]_linregc1;mfcc_sma[3]_linregc2;mfcc_sma[3]_linregerrQ;mfcc_sma[3]_qregc1;mfcc_sma[3]_qregc2;mfcc_sma[3]_qregc3;mfcc_sma[3]_qregerrQ;mfcc_sma[3]_centroid;mfcc_sma[4]_amean;mfcc_sma[4]_flatness;mfcc_sma[4]_rqmean;mfcc_sma[4]_meanPeakDist;mfcc_sma[4]_peakDistStddev;mfcc_sma[4]_peakRangeAbs;mfcc_sma[4]_peakRangeRel;mfcc_sma[4]_peakMeanAbs;mfcc_sma[4]_peakMeanMeanDist;mfcc_sma[4]_peakMeanRel;mfcc_sma[4]_minRangeRel;mfcc_sma[4]_meanRisingSlope;mfcc_sma[4]_stddevRisingSlope;mfcc_sma[4]_meanFallingSlope;mfcc_sma[4]_stddevFallingSlope;mfcc_sma[4]_linregc1;mfcc_sma[4]_linregc2;mfcc_sma[4]_linregerrQ;mfcc_sma[4]_qregc1;mfcc_sma[4]_qregc2;mfcc_sma[4]_qregc3;mfcc_sma[4]_qregerrQ;mfcc_sma[4]_centroid;mfcc_sma[5]_amean;mfcc_sma[5]_flatness;mfcc_sma[5]_rqmean;mfcc_sma[5]_meanPeakDist;mfcc_sma[5]_peakDistStddev;mfcc_sma[5]_peakRangeAbs;mfcc_sma[5]_peakRangeRel;mfcc_sma[5]_peakMeanAbs;mfcc_sma[5]_peakMeanMeanDist;mfcc_sma[5]_peakMeanRel;mfcc_sma[5]_minRangeRel;mfcc_sma[5]_meanRisingSlope;mfcc_sma[5]_stddevRisingSlope;mfcc_sma[5]_meanFallingSlope;mfcc_sma[5]_stddevFallingSlope;mfcc_sma[5]_linregc1;mfcc_sma[5]_linregc2;mfcc_sma[5]_linregerrQ;mfcc_sma[5]_qregc1;mfcc_sma[5]_qregc2;mfcc_sma[5]_qregc3;mfcc_sma[5]_qregerrQ;mfcc_sma[5]_centroid;mfcc_sma[6]_amean;mfcc_sma[6]_flatness;mfcc_sma[6]_rqmean;mfcc_sma[6]_meanPeakDist;mfcc_sma[6]_peakDistStddev;mfcc_sma[6]_peakRangeAbs;mfcc_sma[6]_peakRangeRel;mfcc_sma[6]_peakMeanAbs;mfcc_sma[6]_peakMeanMeanDist;mfcc_sma[6]_peakMeanRel;mfcc_sma[6]_minRangeRel;mfcc_sma[6]_meanRisingSlope;mfcc_sma[6]_stddevRisingSlope;mfcc_sma[6]_meanFallingSlope;mfcc_sma[6]_stddevFallingSlope;mfcc_sma[6]_linregc1;mfcc_sma[6]_linregc2;mfcc_sma[6]_linregerrQ;mfcc_sma[6]_qregc1;mfcc_sma[6]_qregc2;mfcc_sma[6]_qregc3;mfcc_sma[6]_qregerrQ;mfcc_sma[6]_centroid;mfcc_sma[7]_amean;mfcc_sma[7]_flatness;mfcc_sma[7]_rqmean;mfcc_sma[7]_meanPeakDist;mfcc_sma[7]_peakDistStddev;mfcc_sma[7]_peakRangeAbs;mfcc_sma[7]_peakRangeRel;mfcc_sma[7]_peakMeanAbs;mfcc_sma[7]_peakMeanMeanDist;mfcc_sma[7]_peakMeanRel;mfcc_sma[7]_minRangeRel;mfcc_sma[7]_meanRisingSlope;mfcc_sma[7]_stddevRisingSlope;mfcc_sma[7]_meanFallingSlope;mfcc_sma[7]_stddevFallingSlope;mfcc_sma[7]_linregc1;mfcc_sma[7]_linregc2;mfcc_sma[7]_linregerrQ;mfcc_sma[7]_qregc1;mfcc_sma[7]_qregc2;mfcc_sma[7]_qregc3;mfcc_sma[7]_qregerrQ;mfcc_sma[7]_centroid;mfcc_sma[8]_amean;mfcc_sma[8]_flatness;mfcc_sma[8]_rqmean;mfcc_sma[8]_meanPeakDist;mfcc_sma[8]_peakDistStddev;mfcc_sma[8]_peakRangeAbs;mfcc_sma[8]_peakRangeRel;mfcc_sma[8]_peakMeanAbs;mfcc_sma[8]_peakMeanMeanDist;mfcc_sma[8]_peakMeanRel;mfcc_sma[8]_minRangeRel;mfcc_sma[8]_meanRisingSlope;mfcc_sma[8]_stddevRisingSlope;mfcc_sma[8]_meanFallingSlope;mfcc_sma[8]_stddevFallingSlope;mfcc_sma[8]_linregc1;mfcc_sma[8]_linregc2;mfcc_sma[8]_linregerrQ;mfcc_sma[8]_qregc1;mfcc_sma[8]_qregc2;mfcc_sma[8]_qregc3;mfcc_sma[8]_qregerrQ;mfcc_sma[8]_centroid;mfcc_sma[9]_amean;mfcc_sma[9]_flatness;mfcc_sma[9]_rqmean;mfcc_sma[9]_meanPeakDist;mfcc_sma[9]_peakDistStddev;mfcc_sma[9]_peakRangeAbs;mfcc_sma[9]_peakRangeRel;mfcc_sma[9]_peakMeanAbs;mfcc_sma[9]_peakMeanMeanDist;mfcc_sma[9]_peakMeanRel;mfcc_sma[9]_minRangeRel;mfcc_sma[9]_meanRisingSlope;mfcc_sma[9]_stddevRisingSlope;mfcc_sma[9]_meanFallingSlope;mfcc_sma[9]_stddevFallingSlope;mfcc_sma[9]_linregc1;mfcc_sma[9]_linregc2;mfcc_sma[9]_linregerrQ;mfcc_sma[9]_qregc1;mfcc_sma[9]_qregc2;mfcc_sma[9]_qregc3;mfcc_sma[9]_qregerrQ;mfcc_sma[9]_centroid;mfcc_sma[10]_amean;mfcc_sma[10]_flatness;mfcc_sma[10]_rqmean;mfcc_sma[10]_meanPeakDist;mfcc_sma[10]_peakDistStddev;mfcc_sma[10]_peakRangeAbs;mfcc_sma[10]_peakRangeRel;mfcc_sma[10]_peakMeanAbs;mfcc_sma[10]_peakMeanMeanDist;mfcc_sma[10]_peakMeanRel;mfcc_sma[10]_minRangeRel;mfcc_sma[10]_meanRisingSlope;mfcc_sma[10]_stddevRisingSlope;mfcc_sma[10]_meanFallingSlope;mfcc_sma[10]_stddevFallingSlope;mfcc_sma[10]_linregc1;mfcc_sma[10]_linregc2;mfcc_sma[10]_linregerrQ;mfcc_sma[10]_qregc1;mfcc_sma[10]_qregc2;mfcc_sma[10]_qregc3;mfcc_sma[10]_qregerrQ;mfcc_sma[10]_centroid;mfcc_sma[11]_amean;mfcc_sma[11]_flatness;mfcc_sma[11]_rqmean;mfcc_sma[11]_meanPeakDist;mfcc_sma[11]_peakDistStddev;mfcc_sma[11]_peakRangeAbs;mfcc_sma[11]_peakRangeRel;mfcc_sma[11]_peakMeanAbs;mfcc_sma[11]_peakMeanMeanDist;mfcc_sma[11]_peakMeanRel;mfcc_sma[11]_minRangeRel;mfcc_sma[11]_meanRisingSlope;mfcc_sma[11]_stddevRisingSlope;mfcc_sma[11]_meanFallingSlope;mfcc_sma[11]_stddevFallingSlope;mfcc_sma[11]_linregc1;mfcc_sma[11]_linregc2;mfcc_sma[11]_linregerrQ;mfcc_sma[11]_qregc1;mfcc_sma[11]_qregc2;mfcc_sma[11]_qregc3;mfcc_sma[11]_qregerrQ;mfcc_sma[11]_centroid;mfcc_sma[12]_amean;mfcc_sma[12]_flatness;mfcc_sma[12]_rqmean;mfcc_sma[12]_meanPeakDist;mfcc_sma[12]_peakDistStddev;mfcc_sma[12]_peakRangeAbs;mfcc_sma[12]_peakRangeRel;mfcc_sma[12]_peakMeanAbs;mfcc_sma[12]_peakMeanMeanDist;mfcc_sma[12]_peakMeanRel;mfcc_sma[12]_minRangeRel;mfcc_sma[12]_meanRisingSlope;mfcc_sma[12]_stddevRisingSlope;mfcc_sma[12]_meanFallingSlope;mfcc_sma[12]_stddevFallingSlope;mfcc_sma[12]_linregc1;mfcc_sma[12]_linregc2;mfcc_sma[12]_linregerrQ;mfcc_sma[12]_qregc1;mfcc_sma[12]_qregc2;mfcc_sma[12]_qregc3;mfcc_sma[12]_qregerrQ;mfcc_sma[12]_centroid;mfcc_sma[13]_amean;mfcc_sma[13]_flatness;mfcc_sma[13]_rqmean;mfcc_sma[13]_meanPeakDist;mfcc_sma[13]_peakDistStddev;mfcc_sma[13]_peakRangeAbs;mfcc_sma[13]_peakRangeRel;mfcc_sma[13]_peakMeanAbs;mfcc_sma[13]_peakMeanMeanDist;mfcc_sma[13]_peakMeanRel;mfcc_sma[13]_minRangeRel;mfcc_sma[13]_meanRisingSlope;mfcc_sma[13]_stddevRisingSlope;mfcc_sma[13]_meanFallingSlope;mfcc_sma[13]_stddevFallingSlope;mfcc_sma[13]_linregc1;mfcc_sma[13]_linregc2;mfcc_sma[13]_linregerrQ;mfcc_sma[13]_qregc1;mfcc_sma[13]_qregc2;mfcc_sma[13]_qregc3;mfcc_sma[13]_qregerrQ;mfcc_sma[13]_centroid;mfcc_sma[14]_amean;mfcc_sma[14]_flatness;mfcc_sma[14]_rqmean;mfcc_sma[14]_meanPeakDist;mfcc_sma[14]_peakDistStddev;mfcc_sma[14]_peakRangeAbs;mfcc_sma[14]_peakRangeRel;mfcc_sma[14]_peakMeanAbs;mfcc_sma[14]_peakMeanMeanDist;mfcc_sma[14]_peakMeanRel;mfcc_sma[14]_minRangeRel;mfcc_sma[14]_meanRisingSlope;mfcc_sma[14]_stddevRisingSlope;mfcc_sma[14]_meanFallingSlope;mfcc_sma[14]_stddevFallingSlope;mfcc_sma[14]_linregc1;mfcc_sma[14]_linregc2;mfcc_sma[14]_linregerrQ;mfcc_sma[14]_qregc1;mfcc_sma[14]_qregc2;mfcc_sma[14]_qregc3;mfcc_sma[14]_qregerrQ;mfcc_sma[14]_centroid;audspec_lengthL1norm_sma_de_flatness;audspec_lengthL1norm_sma_de_posamean;audspec_lengthL1norm_sma_de_rqmean;audspec_lengthL1norm_sma_de_meanPeakDist;audspec_lengthL1norm_sma_de_peakDistStddev;audspec_lengthL1norm_sma_de_peakRangeAbs;audspec_lengthL1norm_sma_de_peakRangeRel;audspec_lengthL1norm_sma_de_peakMeanAbs;audspec_lengthL1norm_sma_de_peakMeanMeanDist;audspec_lengthL1norm_sma_de_peakMeanRel;audspec_lengthL1norm_sma_de_minRangeRel;audspec_lengthL1norm_sma_de_meanRisingSlope;audspec_lengthL1norm_sma_de_stddevRisingSlope;audspec_lengthL1norm_sma_de_meanFallingSlope;audspec_lengthL1norm_sma_de_stddevFallingSlope;audspecRasta_lengthL1norm_sma_de_flatness;audspecRasta_lengthL1norm_sma_de_posamean;audspecRasta_lengthL1norm_sma_de_rqmean;audspecRasta_lengthL1norm_sma_de_meanPeakDist;audspecRasta_lengthL1norm_sma_de_peakDistStddev;audspecRasta_lengthL1norm_sma_de_peakRangeAbs;audspecRasta_lengthL1norm_sma_de_peakRangeRel;audspecRasta_lengthL1norm_sma_de_peakMeanAbs;audspecRasta_lengthL1norm_sma_de_peakMeanMeanDist;audspecRasta_lengthL1norm_sma_de_peakMeanRel;audspecRasta_lengthL1norm_sma_de_minRangeRel;audspecRasta_lengthL1norm_sma_de_meanRisingSlope;audspecRasta_lengthL1norm_sma_de_stddevRisingSlope;audspecRasta_lengthL1norm_sma_de_meanFallingSlope;audspecRasta_lengthL1norm_sma_de_stddevFallingSlope;pcm_RMSenergy_sma_de_flatness;pcm_RMSenergy_sma_de_posamean;pcm_RMSenergy_sma_de_rqmean;pcm_RMSenergy_sma_de_meanPeakDist;pcm_RMSenergy_sma_de_peakDistStddev;pcm_RMSenergy_sma_de_peakRangeAbs;pcm_RMSenergy_sma_de_peakRangeRel;pcm_RMSenergy_sma_de_peakMeanAbs;pcm_RMSenergy_sma_de_peakMeanMeanDist;pcm_RMSenergy_sma_de_peakMeanRel;pcm_RMSenergy_sma_de_minRangeRel;pcm_RMSenergy_sma_de_meanRisingSlope;pcm_RMSenergy_sma_de_stddevRisingSlope;pcm_RMSenergy_sma_de_meanFallingSlope;pcm_RMSenergy_sma_de_stddevFallingSlope;pcm_zcr_sma_de_flatness;pcm_zcr_sma_de_posamean;pcm_zcr_sma_de_rqmean;pcm_zcr_sma_de_meanPeakDist;pcm_zcr_sma_de_peakDistStddev;pcm_zcr_sma_de_peakRangeAbs;pcm_zcr_sma_de_peakRangeRel;pcm_zcr_sma_de_peakMeanAbs;pcm_zcr_sma_de_peakMeanMeanDist;pcm_zcr_sma_de_peakMeanRel;pcm_zcr_sma_de_minRangeRel;pcm_zcr_sma_de_meanRisingSlope;pcm_zcr_sma_de_stddevRisingSlope;pcm_zcr_sma_de_meanFallingSlope;pcm_zcr_sma_de_stddevFallingSlope;audSpec_Rfilt_sma_de[0]_flatness;audSpec_Rfilt_sma_de[0]_posamean;audSpec_Rfilt_sma_de[0]_rqmean;audSpec_Rfilt_sma_de[0]_meanPeakDist;audSpec_Rfilt_sma_de[0]_peakDistStddev;audSpec_Rfilt_sma_de[0]_peakRangeAbs;audSpec_Rfilt_sma_de[0]_peakRangeRel;audSpec_Rfilt_sma_de[0]_peakMeanAbs;audSpec_Rfilt_sma_de[0]_peakMeanMeanDist;audSpec_Rfilt_sma_de[0]_peakMeanRel;audSpec_Rfilt_sma_de[0]_minRangeRel;audSpec_Rfilt_sma_de[0]_meanRisingSlope;audSpec_Rfilt_sma_de[0]_stddevRisingSlope;audSpec_Rfilt_sma_de[0]_meanFallingSlope;audSpec_Rfilt_sma_de[0]_stddevFallingSlope;audSpec_Rfilt_sma_de[1]_flatness;audSpec_Rfilt_sma_de[1]_posamean;audSpec_Rfilt_sma_de[1]_rqmean;audSpec_Rfilt_sma_de[1]_meanPeakDist;audSpec_Rfilt_sma_de[1]_peakDistStddev;audSpec_Rfilt_sma_de[1]_peakRangeAbs;audSpec_Rfilt_sma_de[1]_peakRangeRel;audSpec_Rfilt_sma_de[1]_peakMeanAbs;audSpec_Rfilt_sma_de[1]_peakMeanMeanDist;audSpec_Rfilt_sma_de[1]_peakMeanRel;audSpec_Rfilt_sma_de[1]_minRangeRel;audSpec_Rfilt_sma_de[1]_meanRisingSlope;audSpec_Rfilt_sma_de[1]_stddevRisingSlope;audSpec_Rfilt_sma_de[1]_meanFallingSlope;audSpec_Rfilt_sma_de[1]_stddevFallingSlope;audSpec_Rfilt_sma_de[2]_flatness;audSpec_Rfilt_sma_de[2]_posamean;audSpec_Rfilt_sma_de[2]_rqmean;audSpec_Rfilt_sma_de[2]_meanPeakDist;audSpec_Rfilt_sma_de[2]_peakDistStddev;audSpec_Rfilt_sma_de[2]_peakRangeAbs;audSpec_Rfilt_sma_de[2]_peakRangeRel;audSpec_Rfilt_sma_de[2]_peakMeanAbs;audSpec_Rfilt_sma_de[2]_peakMeanMeanDist;audSpec_Rfilt_sma_de[2]_peakMeanRel;audSpec_Rfilt_sma_de[2]_minRangeRel;audSpec_Rfilt_sma_de[2]_meanRisingSlope;audSpec_Rfilt_sma_de[2]_stddevRisingSlope;audSpec_Rfilt_sma_de[2]_meanFallingSlope;audSpec_Rfilt_sma_de[2]_stddevFallingSlope;audSpec_Rfilt_sma_de[3]_flatness;audSpec_Rfilt_sma_de[3]_posamean;audSpec_Rfilt_sma_de[3]_rqmean;audSpec_Rfilt_sma_de[3]_meanPeakDist;audSpec_Rfilt_sma_de[3]_peakDistStddev;audSpec_Rfilt_sma_de[3]_peakRangeAbs;audSpec_Rfilt_sma_de[3]_peakRangeRel;audSpec_Rfilt_sma_de[3]_peakMeanAbs;audSpec_Rfilt_sma_de[3]_peakMeanMeanDist;audSpec_Rfilt_sma_de[3]_peakMeanRel;audSpec_Rfilt_sma_de[3]_minRangeRel;audSpec_Rfilt_sma_de[3]_meanRisingSlope;audSpec_Rfilt_sma_de[3]_stddevRisingSlope;audSpec_Rfilt_sma_de[3]_meanFallingSlope;audSpec_Rfilt_sma_de[3]_stddevFallingSlope;audSpec_Rfilt_sma_de[4]_flatness;audSpec_Rfilt_sma_de[4]_posamean;audSpec_Rfilt_sma_de[4]_rqmean;audSpec_Rfilt_sma_de[4]_meanPeakDist;audSpec_Rfilt_sma_de[4]_peakDistStddev;audSpec_Rfilt_sma_de[4]_peakRangeAbs;audSpec_Rfilt_sma_de[4]_peakRangeRel;audSpec_Rfilt_sma_de[4]_peakMeanAbs;audSpec_Rfilt_sma_de[4]_peakMeanMeanDist;audSpec_Rfilt_sma_de[4]_peakMeanRel;audSpec_Rfilt_sma_de[4]_minRangeRel;audSpec_Rfilt_sma_de[4]_meanRisingSlope;audSpec_Rfilt_sma_de[4]_stddevRisingSlope;audSpec_Rfilt_sma_de[4]_meanFallingSlope;audSpec_Rfilt_sma_de[4]_stddevFallingSlope;audSpec_Rfilt_sma_de[5]_flatness;audSpec_Rfilt_sma_de[5]_posamean;audSpec_Rfilt_sma_de[5]_rqmean;audSpec_Rfilt_sma_de[5]_meanPeakDist;audSpec_Rfilt_sma_de[5]_peakDistStddev;audSpec_Rfilt_sma_de[5]_peakRangeAbs;audSpec_Rfilt_sma_de[5]_peakRangeRel;audSpec_Rfilt_sma_de[5]_peakMeanAbs;audSpec_Rfilt_sma_de[5]_peakMeanMeanDist;audSpec_Rfilt_sma_de[5]_peakMeanRel;audSpec_Rfilt_sma_de[5]_minRangeRel;audSpec_Rfilt_sma_de[5]_meanRisingSlope;audSpec_Rfilt_sma_de[5]_stddevRisingSlope;audSpec_Rfilt_sma_de[5]_meanFallingSlope;audSpec_Rfilt_sma_de[5]_stddevFallingSlope;audSpec_Rfilt_sma_de[6]_flatness;audSpec_Rfilt_sma_de[6]_posamean;audSpec_Rfilt_sma_de[6]_rqmean;audSpec_Rfilt_sma_de[6]_meanPeakDist;audSpec_Rfilt_sma_de[6]_peakDistStddev;audSpec_Rfilt_sma_de[6]_peakRangeAbs;audSpec_Rfilt_sma_de[6]_peakRangeRel;audSpec_Rfilt_sma_de[6]_peakMeanAbs;audSpec_Rfilt_sma_de[6]_peakMeanMeanDist;audSpec_Rfilt_sma_de[6]_peakMeanRel;audSpec_Rfilt_sma_de[6]_minRangeRel;audSpec_Rfilt_sma_de[6]_meanRisingSlope;audSpec_Rfilt_sma_de[6]_stddevRisingSlope;audSpec_Rfilt_sma_de[6]_meanFallingSlope;audSpec_Rfilt_sma_de[6]_stddevFallingSlope;audSpec_Rfilt_sma_de[7]_flatness;audSpec_Rfilt_sma_de[7]_posamean;audSpec_Rfilt_sma_de[7]_rqmean;audSpec_Rfilt_sma_de[7]_meanPeakDist;audSpec_Rfilt_sma_de[7]_peakDistStddev;audSpec_Rfilt_sma_de[7]_peakRangeAbs;audSpec_Rfilt_sma_de[7]_peakRangeRel;audSpec_Rfilt_sma_de[7]_peakMeanAbs;audSpec_Rfilt_sma_de[7]_peakMeanMeanDist;audSpec_Rfilt_sma_de[7]_peakMeanRel;audSpec_Rfilt_sma_de[7]_minRangeRel;audSpec_Rfilt_sma_de[7]_meanRisingSlope;audSpec_Rfilt_sma_de[7]_stddevRisingSlope;audSpec_Rfilt_sma_de[7]_meanFallingSlope;audSpec_Rfilt_sma_de[7]_stddevFallingSlope;audSpec_Rfilt_sma_de[8]_flatness;audSpec_Rfilt_sma_de[8]_posamean;audSpec_Rfilt_sma_de[8]_rqmean;audSpec_Rfilt_sma_de[8]_meanPeakDist;audSpec_Rfilt_sma_de[8]_peakDistStddev;audSpec_Rfilt_sma_de[8]_peakRangeAbs;audSpec_Rfilt_sma_de[8]_peakRangeRel;audSpec_Rfilt_sma_de[8]_peakMeanAbs;audSpec_Rfilt_sma_de[8]_peakMeanMeanDist;audSpec_Rfilt_sma_de[8]_peakMeanRel;audSpec_Rfilt_sma_de[8]_minRangeRel;audSpec_Rfilt_sma_de[8]_meanRisingSlope;audSpec_Rfilt_sma_de[8]_stddevRisingSlope;audSpec_Rfilt_sma_de[8]_meanFallingSlope;audSpec_Rfilt_sma_de[8]_stddevFallingSlope;audSpec_Rfilt_sma_de[9]_flatness;audSpec_Rfilt_sma_de[9]_posamean;audSpec_Rfilt_sma_de[9]_rqmean;audSpec_Rfilt_sma_de[9]_meanPeakDist;audSpec_Rfilt_sma_de[9]_peakDistStddev;audSpec_Rfilt_sma_de[9]_peakRangeAbs;audSpec_Rfilt_sma_de[9]_peakRangeRel;audSpec_Rfilt_sma_de[9]_peakMeanAbs;audSpec_Rfilt_sma_de[9]_peakMeanMeanDist;audSpec_Rfilt_sma_de[9]_peakMeanRel;audSpec_Rfilt_sma_de[9]_minRangeRel;audSpec_Rfilt_sma_de[9]_meanRisingSlope;audSpec_Rfilt_sma_de[9]_stddevRisingSlope;audSpec_Rfilt_sma_de[9]_meanFallingSlope;audSpec_Rfilt_sma_de[9]_stddevFallingSlope;audSpec_Rfilt_sma_de[10]_flatness;audSpec_Rfilt_sma_de[10]_posamean;audSpec_Rfilt_sma_de[10]_rqmean;audSpec_Rfilt_sma_de[10]_meanPeakDist;audSpec_Rfilt_sma_de[10]_peakDistStddev;audSpec_Rfilt_sma_de[10]_peakRangeAbs;audSpec_Rfilt_sma_de[10]_peakRangeRel;audSpec_Rfilt_sma_de[10]_peakMeanAbs;audSpec_Rfilt_sma_de[10]_peakMeanMeanDist;audSpec_Rfilt_sma_de[10]_peakMeanRel;audSpec_Rfilt_sma_de[10]_minRangeRel;audSpec_Rfilt_sma_de[10]_meanRisingSlope;audSpec_Rfilt_sma_de[10]_stddevRisingSlope;audSpec_Rfilt_sma_de[10]_meanFallingSlope;audSpec_Rfilt_sma_de[10]_stddevFallingSlope;audSpec_Rfilt_sma_de[11]_flatness;audSpec_Rfilt_sma_de[11]_posamean;audSpec_Rfilt_sma_de[11]_rqmean;audSpec_Rfilt_sma_de[11]_meanPeakDist;audSpec_Rfilt_sma_de[11]_peakDistStddev;audSpec_Rfilt_sma_de[11]_peakRangeAbs;audSpec_Rfilt_sma_de[11]_peakRangeRel;audSpec_Rfilt_sma_de[11]_peakMeanAbs;audSpec_Rfilt_sma_de[11]_peakMeanMeanDist;audSpec_Rfilt_sma_de[11]_peakMeanRel;audSpec_Rfilt_sma_de[11]_minRangeRel;audSpec_Rfilt_sma_de[11]_meanRisingSlope;audSpec_Rfilt_sma_de[11]_stddevRisingSlope;audSpec_Rfilt_sma_de[11]_meanFallingSlope;audSpec_Rfilt_sma_de[11]_stddevFallingSlope;audSpec_Rfilt_sma_de[12]_flatness;audSpec_Rfilt_sma_de[12]_posamean;audSpec_Rfilt_sma_de[12]_rqmean;audSpec_Rfilt_sma_de[12]_meanPeakDist;audSpec_Rfilt_sma_de[12]_peakDistStddev;audSpec_Rfilt_sma_de[12]_peakRangeAbs;audSpec_Rfilt_sma_de[12]_peakRangeRel;audSpec_Rfilt_sma_de[12]_peakMeanAbs;audSpec_Rfilt_sma_de[12]_peakMeanMeanDist;audSpec_Rfilt_sma_de[12]_peakMeanRel;audSpec_Rfilt_sma_de[12]_minRangeRel;audSpec_Rfilt_sma_de[12]_meanRisingSlope;audSpec_Rfilt_sma_de[12]_stddevRisingSlope;audSpec_Rfilt_sma_de[12]_meanFallingSlope;audSpec_Rfilt_sma_de[12]_stddevFallingSlope;audSpec_Rfilt_sma_de[13]_flatness;audSpec_Rfilt_sma_de[13]_posamean;audSpec_Rfilt_sma_de[13]_rqmean;audSpec_Rfilt_sma_de[13]_meanPeakDist;audSpec_Rfilt_sma_de[13]_peakDistStddev;audSpec_Rfilt_sma_de[13]_peakRangeAbs;audSpec_Rfilt_sma_de[13]_peakRangeRel;audSpec_Rfilt_sma_de[13]_peakMeanAbs;audSpec_Rfilt_sma_de[13]_peakMeanMeanDist;audSpec_Rfilt_sma_de[13]_peakMeanRel;audSpec_Rfilt_sma_de[13]_minRangeRel;audSpec_Rfilt_sma_de[13]_meanRisingSlope;audSpec_Rfilt_sma_de[13]_stddevRisingSlope;audSpec_Rfilt_sma_de[13]_meanFallingSlope;audSpec_Rfilt_sma_de[13]_stddevFallingSlope;audSpec_Rfilt_sma_de[14]_flatness;audSpec_Rfilt_sma_de[14]_posamean;audSpec_Rfilt_sma_de[14]_rqmean;audSpec_Rfilt_sma_de[14]_meanPeakDist;audSpec_Rfilt_sma_de[14]_peakDistStddev;audSpec_Rfilt_sma_de[14]_peakRangeAbs;audSpec_Rfilt_sma_de[14]_peakRangeRel;audSpec_Rfilt_sma_de[14]_peakMeanAbs;audSpec_Rfilt_sma_de[14]_peakMeanMeanDist;audSpec_Rfilt_sma_de[14]_peakMeanRel;audSpec_Rfilt_sma_de[14]_minRangeRel;audSpec_Rfilt_sma_de[14]_meanRisingSlope;audSpec_Rfilt_sma_de[14]_stddevRisingSlope;audSpec_Rfilt_sma_de[14]_meanFallingSlope;audSpec_Rfilt_sma_de[14]_stddevFallingSlope;audSpec_Rfilt_sma_de[15]_flatness;audSpec_Rfilt_sma_de[15]_posamean;audSpec_Rfilt_sma_de[15]_rqmean;audSpec_Rfilt_sma_de[15]_meanPeakDist;audSpec_Rfilt_sma_de[15]_peakDistStddev;audSpec_Rfilt_sma_de[15]_peakRangeAbs;audSpec_Rfilt_sma_de[15]_peakRangeRel;audSpec_Rfilt_sma_de[15]_peakMeanAbs;audSpec_Rfilt_sma_de[15]_peakMeanMeanDist;audSpec_Rfilt_sma_de[15]_peakMeanRel;audSpec_Rfilt_sma_de[15]_minRangeRel;audSpec_Rfilt_sma_de[15]_meanRisingSlope;audSpec_Rfilt_sma_de[15]_stddevRisingSlope;audSpec_Rfilt_sma_de[15]_meanFallingSlope;audSpec_Rfilt_sma_de[15]_stddevFallingSlope;audSpec_Rfilt_sma_de[16]_flatness;audSpec_Rfilt_sma_de[16]_posamean;audSpec_Rfilt_sma_de[16]_rqmean;audSpec_Rfilt_sma_de[16]_meanPeakDist;audSpec_Rfilt_sma_de[16]_peakDistStddev;audSpec_Rfilt_sma_de[16]_peakRangeAbs;audSpec_Rfilt_sma_de[16]_peakRangeRel;audSpec_Rfilt_sma_de[16]_peakMeanAbs;audSpec_Rfilt_sma_de[16]_peakMeanMeanDist;audSpec_Rfilt_sma_de[16]_peakMeanRel;audSpec_Rfilt_sma_de[16]_minRangeRel;audSpec_Rfilt_sma_de[16]_meanRisingSlope;audSpec_Rfilt_sma_de[16]_stddevRisingSlope;audSpec_Rfilt_sma_de[16]_meanFallingSlope;audSpec_Rfilt_sma_de[16]_stddevFallingSlope;audSpec_Rfilt_sma_de[17]_flatness;audSpec_Rfilt_sma_de[17]_posamean;audSpec_Rfilt_sma_de[17]_rqmean;audSpec_Rfilt_sma_de[17]_meanPeakDist;audSpec_Rfilt_sma_de[17]_peakDistStddev;audSpec_Rfilt_sma_de[17]_peakRangeAbs;audSpec_Rfilt_sma_de[17]_peakRangeRel;audSpec_Rfilt_sma_de[17]_peakMeanAbs;audSpec_Rfilt_sma_de[17]_peakMeanMeanDist;audSpec_Rfilt_sma_de[17]_peakMeanRel;audSpec_Rfilt_sma_de[17]_minRangeRel;audSpec_Rfilt_sma_de[17]_meanRisingSlope;audSpec_Rfilt_sma_de[17]_stddevRisingSlope;audSpec_Rfilt_sma_de[17]_meanFallingSlope;audSpec_Rfilt_sma_de[17]_stddevFallingSlope;audSpec_Rfilt_sma_de[18]_flatness;audSpec_Rfilt_sma_de[18]_posamean;audSpec_Rfilt_sma_de[18]_rqmean;audSpec_Rfilt_sma_de[18]_meanPeakDist;audSpec_Rfilt_sma_de[18]_peakDistStddev;audSpec_Rfilt_sma_de[18]_peakRangeAbs;audSpec_Rfilt_sma_de[18]_peakRangeRel;audSpec_Rfilt_sma_de[18]_peakMeanAbs;audSpec_Rfilt_sma_de[18]_peakMeanMeanDist;audSpec_Rfilt_sma_de[18]_peakMeanRel;audSpec_Rfilt_sma_de[18]_minRangeRel;audSpec_Rfilt_sma_de[18]_meanRisingSlope;audSpec_Rfilt_sma_de[18]_stddevRisingSlope;audSpec_Rfilt_sma_de[18]_meanFallingSlope;audSpec_Rfilt_sma_de[18]_stddevFallingSlope;audSpec_Rfilt_sma_de[19]_flatness;audSpec_Rfilt_sma_de[19]_posamean;audSpec_Rfilt_sma_de[19]_rqmean;audSpec_Rfilt_sma_de[19]_meanPeakDist;audSpec_Rfilt_sma_de[19]_peakDistStddev;audSpec_Rfilt_sma_de[19]_peakRangeAbs;audSpec_Rfilt_sma_de[19]_peakRangeRel;audSpec_Rfilt_sma_de[19]_peakMeanAbs;audSpec_Rfilt_sma_de[19]_peakMeanMeanDist;audSpec_Rfilt_sma_de[19]_peakMeanRel;audSpec_Rfilt_sma_de[19]_minRangeRel;audSpec_Rfilt_sma_de[19]_meanRisingSlope;audSpec_Rfilt_sma_de[19]_stddevRisingSlope;audSpec_Rfilt_sma_de[19]_meanFallingSlope;audSpec_Rfilt_sma_de[19]_stddevFallingSlope;audSpec_Rfilt_sma_de[20]_flatness;audSpec_Rfilt_sma_de[20]_posamean;audSpec_Rfilt_sma_de[20]_rqmean;audSpec_Rfilt_sma_de[20]_meanPeakDist;audSpec_Rfilt_sma_de[20]_peakDistStddev;audSpec_Rfilt_sma_de[20]_peakRangeAbs;audSpec_Rfilt_sma_de[20]_peakRangeRel;audSpec_Rfilt_sma_de[20]_peakMeanAbs;audSpec_Rfilt_sma_de[20]_peakMeanMeanDist;audSpec_Rfilt_sma_de[20]_peakMeanRel;audSpec_Rfilt_sma_de[20]_minRangeRel;audSpec_Rfilt_sma_de[20]_meanRisingSlope;audSpec_Rfilt_sma_de[20]_stddevRisingSlope;audSpec_Rfilt_sma_de[20]_meanFallingSlope;audSpec_Rfilt_sma_de[20]_stddevFallingSlope;audSpec_Rfilt_sma_de[21]_flatness;audSpec_Rfilt_sma_de[21]_posamean;audSpec_Rfilt_sma_de[21]_rqmean;audSpec_Rfilt_sma_de[21]_meanPeakDist;audSpec_Rfilt_sma_de[21]_peakDistStddev;audSpec_Rfilt_sma_de[21]_peakRangeAbs;audSpec_Rfilt_sma_de[21]_peakRangeRel;audSpec_Rfilt_sma_de[21]_peakMeanAbs;audSpec_Rfilt_sma_de[21]_peakMeanMeanDist;audSpec_Rfilt_sma_de[21]_peakMeanRel;audSpec_Rfilt_sma_de[21]_minRangeRel;audSpec_Rfilt_sma_de[21]_meanRisingSlope;audSpec_Rfilt_sma_de[21]_stddevRisingSlope;audSpec_Rfilt_sma_de[21]_meanFallingSlope;audSpec_Rfilt_sma_de[21]_stddevFallingSlope;audSpec_Rfilt_sma_de[22]_flatness;audSpec_Rfilt_sma_de[22]_posamean;audSpec_Rfilt_sma_de[22]_rqmean;audSpec_Rfilt_sma_de[22]_meanPeakDist;audSpec_Rfilt_sma_de[22]_peakDistStddev;audSpec_Rfilt_sma_de[22]_peakRangeAbs;audSpec_Rfilt_sma_de[22]_peakRangeRel;audSpec_Rfilt_sma_de[22]_peakMeanAbs;audSpec_Rfilt_sma_de[22]_peakMeanMeanDist;audSpec_Rfilt_sma_de[22]_peakMeanRel;audSpec_Rfilt_sma_de[22]_minRangeRel;audSpec_Rfilt_sma_de[22]_meanRisingSlope;audSpec_Rfilt_sma_de[22]_stddevRisingSlope;audSpec_Rfilt_sma_de[22]_meanFallingSlope;audSpec_Rfilt_sma_de[22]_stddevFallingSlope;audSpec_Rfilt_sma_de[23]_flatness;audSpec_Rfilt_sma_de[23]_posamean;audSpec_Rfilt_sma_de[23]_rqmean;audSpec_Rfilt_sma_de[23]_meanPeakDist;audSpec_Rfilt_sma_de[23]_peakDistStddev;audSpec_Rfilt_sma_de[23]_peakRangeAbs;audSpec_Rfilt_sma_de[23]_peakRangeRel;audSpec_Rfilt_sma_de[23]_peakMeanAbs;audSpec_Rfilt_sma_de[23]_peakMeanMeanDist;audSpec_Rfilt_sma_de[23]_peakMeanRel;audSpec_Rfilt_sma_de[23]_minRangeRel;audSpec_Rfilt_sma_de[23]_meanRisingSlope;audSpec_Rfilt_sma_de[23]_stddevRisingSlope;audSpec_Rfilt_sma_de[23]_meanFallingSlope;audSpec_Rfilt_sma_de[23]_stddevFallingSlope;audSpec_Rfilt_sma_de[24]_flatness;audSpec_Rfilt_sma_de[24]_posamean;audSpec_Rfilt_sma_de[24]_rqmean;audSpec_Rfilt_sma_de[24]_meanPeakDist;audSpec_Rfilt_sma_de[24]_peakDistStddev;audSpec_Rfilt_sma_de[24]_peakRangeAbs;audSpec_Rfilt_sma_de[24]_peakRangeRel;audSpec_Rfilt_sma_de[24]_peakMeanAbs;audSpec_Rfilt_sma_de[24]_peakMeanMeanDist;audSpec_Rfilt_sma_de[24]_peakMeanRel;audSpec_Rfilt_sma_de[24]_minRangeRel;audSpec_Rfilt_sma_de[24]_meanRisingSlope;audSpec_Rfilt_sma_de[24]_stddevRisingSlope;audSpec_Rfilt_sma_de[24]_meanFallingSlope;audSpec_Rfilt_sma_de[24]_stddevFallingSlope;audSpec_Rfilt_sma_de[25]_flatness;audSpec_Rfilt_sma_de[25]_posamean;audSpec_Rfilt_sma_de[25]_rqmean;audSpec_Rfilt_sma_de[25]_meanPeakDist;audSpec_Rfilt_sma_de[25]_peakDistStddev;audSpec_Rfilt_sma_de[25]_peakRangeAbs;audSpec_Rfilt_sma_de[25]_peakRangeRel;audSpec_Rfilt_sma_de[25]_peakMeanAbs;audSpec_Rfilt_sma_de[25]_peakMeanMeanDist;audSpec_Rfilt_sma_de[25]_peakMeanRel;audSpec_Rfilt_sma_de[25]_minRangeRel;audSpec_Rfilt_sma_de[25]_meanRisingSlope;audSpec_Rfilt_sma_de[25]_stddevRisingSlope;audSpec_Rfilt_sma_de[25]_meanFallingSlope;audSpec_Rfilt_sma_de[25]_stddevFallingSlope;pcm_fftMag_fband250-650_sma_de_flatness;pcm_fftMag_fband250-650_sma_de_posamean;pcm_fftMag_fband250-650_sma_de_rqmean;pcm_fftMag_fband250-650_sma_de_meanPeakDist;pcm_fftMag_fband250-650_sma_de_peakDistStddev;pcm_fftMag_fband250-650_sma_de_peakRangeAbs;pcm_fftMag_fband250-650_sma_de_peakRangeRel;pcm_fftMag_fband250-650_sma_de_peakMeanAbs;pcm_fftMag_fband250-650_sma_de_peakMeanMeanDist;pcm_fftMag_fband250-650_sma_de_peakMeanRel;pcm_fftMag_fband250-650_sma_de_minRangeRel;pcm_fftMag_fband250-650_sma_de_meanRisingSlope;pcm_fftMag_fband250-650_sma_de_stddevRisingSlope;pcm_fftMag_fband250-650_sma_de_meanFallingSlope;pcm_fftMag_fband250-650_sma_de_stddevFallingSlope;pcm_fftMag_fband1000-4000_sma_de_flatness;pcm_fftMag_fband1000-4000_sma_de_posamean;pcm_fftMag_fband1000-4000_sma_de_rqmean;pcm_fftMag_fband1000-4000_sma_de_meanPeakDist;pcm_fftMag_fband1000-4000_sma_de_peakDistStddev;pcm_fftMag_fband1000-4000_sma_de_peakRangeAbs;pcm_fftMag_fband1000-4000_sma_de_peakRangeRel;pcm_fftMag_fband1000-4000_sma_de_peakMeanAbs;pcm_fftMag_fband1000-4000_sma_de_peakMeanMeanDist;pcm_fftMag_fband1000-4000_sma_de_peakMeanRel;pcm_fftMag_fband1000-4000_sma_de_minRangeRel;pcm_fftMag_fband1000-4000_sma_de_meanRisingSlope;pcm_fftMag_fband1000-4000_sma_de_stddevRisingSlope;pcm_fftMag_fband1000-4000_sma_de_meanFallingSlope;pcm_fftMag_fband1000-4000_sma_de_stddevFallingSlope;pcm_fftMag_spectralRollOff25.0_sma_de_flatness;pcm_fftMag_spectralRollOff25.0_sma_de_posamean;pcm_fftMag_spectralRollOff25.0_sma_de_rqmean;pcm_fftMag_spectralRollOff25.0_sma_de_meanPeakDist;pcm_fftMag_spectralRollOff25.0_sma_de_peakDistStddev;pcm_fftMag_spectralRollOff25.0_sma_de_peakRangeAbs;pcm_fftMag_spectralRollOff25.0_sma_de_peakRangeRel;pcm_fftMag_spectralRollOff25.0_sma_de_peakMeanAbs;pcm_fftMag_spectralRollOff25.0_sma_de_peakMeanMeanDist;pcm_fftMag_spectralRollOff25.0_sma_de_peakMeanRel;pcm_fftMag_spectralRollOff25.0_sma_de_minRangeRel;pcm_fftMag_spectralRollOff25.0_sma_de_meanRisingSlope;pcm_fftMag_spectralRollOff25.0_sma_de_stddevRisingSlope;pcm_fftMag_spectralRollOff25.0_sma_de_meanFallingSlope;pcm_fftMag_spectralRollOff25.0_sma_de_stddevFallingSlope;pcm_fftMag_spectralRollOff50.0_sma_de_flatness;pcm_fftMag_spectralRollOff50.0_sma_de_posamean;pcm_fftMag_spectralRollOff50.0_sma_de_rqmean;pcm_fftMag_spectralRollOff50.0_sma_de_meanPeakDist;pcm_fftMag_spectralRollOff50.0_sma_de_peakDistStddev;pcm_fftMag_spectralRollOff50.0_sma_de_peakRangeAbs;pcm_fftMag_spectralRollOff50.0_sma_de_peakRangeRel;pcm_fftMag_spectralRollOff50.0_sma_de_peakMeanAbs;pcm_fftMag_spectralRollOff50.0_sma_de_peakMeanMeanDist;pcm_fftMag_spectralRollOff50.0_sma_de_peakMeanRel;pcm_fftMag_spectralRollOff50.0_sma_de_minRangeRel;pcm_fftMag_spectralRollOff50.0_sma_de_meanRisingSlope;pcm_fftMag_spectralRollOff50.0_sma_de_stddevRisingSlope;pcm_fftMag_spectralRollOff50.0_sma_de_meanFallingSlope;pcm_fftMag_spectralRollOff50.0_sma_de_stddevFallingSlope;pcm_fftMag_spectralRollOff75.0_sma_de_flatness;pcm_fftMag_spectralRollOff75.0_sma_de_posamean;pcm_fftMag_spectralRollOff75.0_sma_de_rqmean;pcm_fftMag_spectralRollOff75.0_sma_de_meanPeakDist;pcm_fftMag_spectralRollOff75.0_sma_de_peakDistStddev;pcm_fftMag_spectralRollOff75.0_sma_de_peakRangeAbs;pcm_fftMag_spectralRollOff75.0_sma_de_peakRangeRel;pcm_fftMag_spectralRollOff75.0_sma_de_peakMeanAbs;pcm_fftMag_spectralRollOff75.0_sma_de_peakMeanMeanDist;pcm_fftMag_spectralRollOff75.0_sma_de_peakMeanRel;pcm_fftMag_spectralRollOff75.0_sma_de_minRangeRel;pcm_fftMag_spectralRollOff75.0_sma_de_meanRisingSlope;pcm_fftMag_spectralRollOff75.0_sma_de_stddevRisingSlope;pcm_fftMag_spectralRollOff75.0_sma_de_meanFallingSlope;pcm_fftMag_spectralRollOff75.0_sma_de_stddevFallingSlope;pcm_fftMag_spectralRollOff90.0_sma_de_flatness;pcm_fftMag_spectralRollOff90.0_sma_de_posamean;pcm_fftMag_spectralRollOff90.0_sma_de_rqmean;pcm_fftMag_spectralRollOff90.0_sma_de_meanPeakDist;pcm_fftMag_spectralRollOff90.0_sma_de_peakDistStddev;pcm_fftMag_spectralRollOff90.0_sma_de_peakRangeAbs;pcm_fftMag_spectralRollOff90.0_sma_de_peakRangeRel;pcm_fftMag_spectralRollOff90.0_sma_de_peakMeanAbs;pcm_fftMag_spectralRollOff90.0_sma_de_peakMeanMeanDist;pcm_fftMag_spectralRollOff90.0_sma_de_peakMeanRel;pcm_fftMag_spectralRollOff90.0_sma_de_minRangeRel;pcm_fftMag_spectralRollOff90.0_sma_de_meanRisingSlope;pcm_fftMag_spectralRollOff90.0_sma_de_stddevRisingSlope;pcm_fftMag_spectralRollOff90.0_sma_de_meanFallingSlope;pcm_fftMag_spectralRollOff90.0_sma_de_stddevFallingSlope;pcm_fftMag_spectralFlux_sma_de_flatness;pcm_fftMag_spectralFlux_sma_de_posamean;pcm_fftMag_spectralFlux_sma_de_rqmean;pcm_fftMag_spectralFlux_sma_de_meanPeakDist;pcm_fftMag_spectralFlux_sma_de_peakDistStddev;pcm_fftMag_spectralFlux_sma_de_peakRangeAbs;pcm_fftMag_spectralFlux_sma_de_peakRangeRel;pcm_fftMag_spectralFlux_sma_de_peakMeanAbs;pcm_fftMag_spectralFlux_sma_de_peakMeanMeanDist;pcm_fftMag_spectralFlux_sma_de_peakMeanRel;pcm_fftMag_spectralFlux_sma_de_minRangeRel;pcm_fftMag_spectralFlux_sma_de_meanRisingSlope;pcm_fftMag_spectralFlux_sma_de_stddevRisingSlope;pcm_fftMag_spectralFlux_sma_de_meanFallingSlope;pcm_fftMag_spectralFlux_sma_de_stddevFallingSlope;pcm_fftMag_spectralCentroid_sma_de_flatness;pcm_fftMag_spectralCentroid_sma_de_posamean;pcm_fftMag_spectralCentroid_sma_de_rqmean;pcm_fftMag_spectralCentroid_sma_de_meanPeakDist;pcm_fftMag_spectralCentroid_sma_de_peakDistStddev;pcm_fftMag_spectralCentroid_sma_de_peakRangeAbs;pcm_fftMag_spectralCentroid_sma_de_peakRangeRel;pcm_fftMag_spectralCentroid_sma_de_peakMeanAbs;pcm_fftMag_spectralCentroid_sma_de_peakMeanMeanDist;pcm_fftMag_spectralCentroid_sma_de_peakMeanRel;pcm_fftMag_spectralCentroid_sma_de_minRangeRel;pcm_fftMag_spectralCentroid_sma_de_meanRisingSlope;pcm_fftMag_spectralCentroid_sma_de_stddevRisingSlope;pcm_fftMag_spectralCentroid_sma_de_meanFallingSlope;pcm_fftMag_spectralCentroid_sma_de_stddevFallingSlope;pcm_fftMag_spectralEntropy_sma_de_flatness;pcm_fftMag_spectralEntropy_sma_de_posamean;pcm_fftMag_spectralEntropy_sma_de_rqmean;pcm_fftMag_spectralEntropy_sma_de_meanPeakDist;pcm_fftMag_spectralEntropy_sma_de_peakDistStddev;pcm_fftMag_spectralEntropy_sma_de_peakRangeAbs;pcm_fftMag_spectralEntropy_sma_de_peakRangeRel;pcm_fftMag_spectralEntropy_sma_de_peakMeanAbs;pcm_fftMag_spectralEntropy_sma_de_peakMeanMeanDist;pcm_fftMag_spectralEntropy_sma_de_peakMeanRel;pcm_fftMag_spectralEntropy_sma_de_minRangeRel;pcm_fftMag_spectralEntropy_sma_de_meanRisingSlope;pcm_fftMag_spectralEntropy_sma_de_stddevRisingSlope;pcm_fftMag_spectralEntropy_sma_de_meanFallingSlope;pcm_fftMag_spectralEntropy_sma_de_stddevFallingSlope;pcm_fftMag_spectralVariance_sma_de_flatness;pcm_fftMag_spectralVariance_sma_de_posamean;pcm_fftMag_spectralVariance_sma_de_rqmean;pcm_fftMag_spectralVariance_sma_de_meanPeakDist;pcm_fftMag_spectralVariance_sma_de_peakDistStddev;pcm_fftMag_spectralVariance_sma_de_peakRangeAbs;pcm_fftMag_spectralVariance_sma_de_peakRangeRel;pcm_fftMag_spectralVariance_sma_de_peakMeanAbs;pcm_fftMag_spectralVariance_sma_de_peakMeanMeanDist;pcm_fftMag_spectralVariance_sma_de_peakMeanRel;pcm_fftMag_spectralVariance_sma_de_minRangeRel;pcm_fftMag_spectralVariance_sma_de_meanRisingSlope;pcm_fftMag_spectralVariance_sma_de_stddevRisingSlope;pcm_fftMag_spectralVariance_sma_de_meanFallingSlope;pcm_fftMag_spectralVariance_sma_de_stddevFallingSlope;pcm_fftMag_spectralSkewness_sma_de_flatness;pcm_fftMag_spectralSkewness_sma_de_posamean;pcm_fftMag_spectralSkewness_sma_de_rqmean;pcm_fftMag_spectralSkewness_sma_de_meanPeakDist;pcm_fftMag_spectralSkewness_sma_de_peakDistStddev;pcm_fftMag_spectralSkewness_sma_de_peakRangeAbs;pcm_fftMag_spectralSkewness_sma_de_peakRangeRel;pcm_fftMag_spectralSkewness_sma_de_peakMeanAbs;pcm_fftMag_spectralSkewness_sma_de_peakMeanMeanDist;pcm_fftMag_spectralSkewness_sma_de_peakMeanRel;pcm_fftMag_spectralSkewness_sma_de_minRangeRel;pcm_fftMag_spectralSkewness_sma_de_meanRisingSlope;pcm_fftMag_spectralSkewness_sma_de_stddevRisingSlope;pcm_fftMag_spectralSkewness_sma_de_meanFallingSlope;pcm_fftMag_spectralSkewness_sma_de_stddevFallingSlope;pcm_fftMag_spectralKurtosis_sma_de_flatness;pcm_fftMag_spectralKurtosis_sma_de_posamean;pcm_fftMag_spectralKurtosis_sma_de_rqmean;pcm_fftMag_spectralKurtosis_sma_de_meanPeakDist;pcm_fftMag_spectralKurtosis_sma_de_peakDistStddev;pcm_fftMag_spectralKurtosis_sma_de_peakRangeAbs;pcm_fftMag_spectralKurtosis_sma_de_peakRangeRel;pcm_fftMag_spectralKurtosis_sma_de_peakMeanAbs;pcm_fftMag_spectralKurtosis_sma_de_peakMeanMeanDist;pcm_fftMag_spectralKurtosis_sma_de_peakMeanRel;pcm_fftMag_spectralKurtosis_sma_de_minRangeRel;pcm_fftMag_spectralKurtosis_sma_de_meanRisingSlope;pcm_fftMag_spectralKurtosis_sma_de_stddevRisingSlope;pcm_fftMag_spectralKurtosis_sma_de_meanFallingSlope;pcm_fftMag_spectralKurtosis_sma_de_stddevFallingSlope;pcm_fftMag_spectralSlope_sma_de_flatness;pcm_fftMag_spectralSlope_sma_de_posamean;pcm_fftMag_spectralSlope_sma_de_rqmean;pcm_fftMag_spectralSlope_sma_de_meanPeakDist;pcm_fftMag_spectralSlope_sma_de_peakDistStddev;pcm_fftMag_spectralSlope_sma_de_peakRangeAbs;pcm_fftMag_spectralSlope_sma_de_peakRangeRel;pcm_fftMag_spectralSlope_sma_de_peakMeanAbs;pcm_fftMag_spectralSlope_sma_de_peakMeanMeanDist;pcm_fftMag_spectralSlope_sma_de_peakMeanRel;pcm_fftMag_spectralSlope_sma_de_minRangeRel;pcm_fftMag_spectralSlope_sma_de_meanRisingSlope;pcm_fftMag_spectralSlope_sma_de_stddevRisingSlope;pcm_fftMag_spectralSlope_sma_de_meanFallingSlope;pcm_fftMag_spectralSlope_sma_de_stddevFallingSlope;pcm_fftMag_psySharpness_sma_de_flatness;pcm_fftMag_psySharpness_sma_de_posamean;pcm_fftMag_psySharpness_sma_de_rqmean;pcm_fftMag_psySharpness_sma_de_meanPeakDist;pcm_fftMag_psySharpness_sma_de_peakDistStddev;pcm_fftMag_psySharpness_sma_de_peakRangeAbs;pcm_fftMag_psySharpness_sma_de_peakRangeRel;pcm_fftMag_psySharpness_sma_de_peakMeanAbs;pcm_fftMag_psySharpness_sma_de_peakMeanMeanDist;pcm_fftMag_psySharpness_sma_de_peakMeanRel;pcm_fftMag_psySharpness_sma_de_minRangeRel;pcm_fftMag_psySharpness_sma_de_meanRisingSlope;pcm_fftMag_psySharpness_sma_de_stddevRisingSlope;pcm_fftMag_psySharpness_sma_de_meanFallingSlope;pcm_fftMag_psySharpness_sma_de_stddevFallingSlope;pcm_fftMag_spectralHarmonicity_sma_de_flatness;pcm_fftMag_spectralHarmonicity_sma_de_posamean;pcm_fftMag_spectralHarmonicity_sma_de_rqmean;pcm_fftMag_spectralHarmonicity_sma_de_meanPeakDist;pcm_fftMag_spectralHarmonicity_sma_de_peakDistStddev;pcm_fftMag_spectralHarmonicity_sma_de_peakRangeAbs;pcm_fftMag_spectralHarmonicity_sma_de_peakRangeRel;pcm_fftMag_spectralHarmonicity_sma_de_peakMeanAbs;pcm_fftMag_spectralHarmonicity_sma_de_peakMeanMeanDist;pcm_fftMag_spectralHarmonicity_sma_de_peakMeanRel;pcm_fftMag_spectralHarmonicity_sma_de_minRangeRel;pcm_fftMag_spectralHarmonicity_sma_de_meanRisingSlope;pcm_fftMag_spectralHarmonicity_sma_de_stddevRisingSlope;pcm_fftMag_spectralHarmonicity_sma_de_meanFallingSlope;pcm_fftMag_spectralHarmonicity_sma_de_stddevFallingSlope;mfcc_sma_de[1]_flatness;mfcc_sma_de[1]_posamean;mfcc_sma_de[1]_rqmean;mfcc_sma_de[1]_meanPeakDist;mfcc_sma_de[1]_peakDistStddev;mfcc_sma_de[1]_peakRangeAbs;mfcc_sma_de[1]_peakRangeRel;mfcc_sma_de[1]_peakMeanAbs;mfcc_sma_de[1]_peakMeanMeanDist;mfcc_sma_de[1]_peakMeanRel;mfcc_sma_de[1]_minRangeRel;mfcc_sma_de[1]_meanRisingSlope;mfcc_sma_de[1]_stddevRisingSlope;mfcc_sma_de[1]_meanFallingSlope;mfcc_sma_de[1]_stddevFallingSlope;mfcc_sma_de[2]_flatness;mfcc_sma_de[2]_posamean;mfcc_sma_de[2]_rqmean;mfcc_sma_de[2]_meanPeakDist;mfcc_sma_de[2]_peakDistStddev;mfcc_sma_de[2]_peakRangeAbs;mfcc_sma_de[2]_peakRangeRel;mfcc_sma_de[2]_peakMeanAbs;mfcc_sma_de[2]_peakMeanMeanDist;mfcc_sma_de[2]_peakMeanRel;mfcc_sma_de[2]_minRangeRel;mfcc_sma_de[2]_meanRisingSlope;mfcc_sma_de[2]_stddevRisingSlope;mfcc_sma_de[2]_meanFallingSlope;mfcc_sma_de[2]_stddevFallingSlope;mfcc_sma_de[3]_flatness;mfcc_sma_de[3]_posamean;mfcc_sma_de[3]_rqmean;mfcc_sma_de[3]_meanPeakDist;mfcc_sma_de[3]_peakDistStddev;mfcc_sma_de[3]_peakRangeAbs;mfcc_sma_de[3]_peakRangeRel;mfcc_sma_de[3]_peakMeanAbs;mfcc_sma_de[3]_peakMeanMeanDist;mfcc_sma_de[3]_peakMeanRel;mfcc_sma_de[3]_minRangeRel;mfcc_sma_de[3]_meanRisingSlope;mfcc_sma_de[3]_stddevRisingSlope;mfcc_sma_de[3]_meanFallingSlope;mfcc_sma_de[3]_stddevFallingSlope;mfcc_sma_de[4]_flatness;mfcc_sma_de[4]_posamean;mfcc_sma_de[4]_rqmean;mfcc_sma_de[4]_meanPeakDist;mfcc_sma_de[4]_peakDistStddev;mfcc_sma_de[4]_peakRangeAbs;mfcc_sma_de[4]_peakRangeRel;mfcc_sma_de[4]_peakMeanAbs;mfcc_sma_de[4]_peakMeanMeanDist;mfcc_sma_de[4]_peakMeanRel;mfcc_sma_de[4]_minRangeRel;mfcc_sma_de[4]_meanRisingSlope;mfcc_sma_de[4]_stddevRisingSlope;mfcc_sma_de[4]_meanFallingSlope;mfcc_sma_de[4]_stddevFallingSlope;mfcc_sma_de[5]_flatness;mfcc_sma_de[5]_posamean;mfcc_sma_de[5]_rqmean;mfcc_sma_de[5]_meanPeakDist;mfcc_sma_de[5]_peakDistStddev;mfcc_sma_de[5]_peakRangeAbs;mfcc_sma_de[5]_peakRangeRel;mfcc_sma_de[5]_peakMeanAbs;mfcc_sma_de[5]_peakMeanMeanDist;mfcc_sma_de[5]_peakMeanRel;mfcc_sma_de[5]_minRangeRel;mfcc_sma_de[5]_meanRisingSlope;mfcc_sma_de[5]_stddevRisingSlope;mfcc_sma_de[5]_meanFallingSlope;mfcc_sma_de[5]_stddevFallingSlope;mfcc_sma_de[6]_flatness;mfcc_sma_de[6]_posamean;mfcc_sma_de[6]_rqmean;mfcc_sma_de[6]_meanPeakDist;mfcc_sma_de[6]_peakDistStddev;mfcc_sma_de[6]_peakRangeAbs;mfcc_sma_de[6]_peakRangeRel;mfcc_sma_de[6]_peakMeanAbs;mfcc_sma_de[6]_peakMeanMeanDist;mfcc_sma_de[6]_peakMeanRel;mfcc_sma_de[6]_minRangeRel;mfcc_sma_de[6]_meanRisingSlope;mfcc_sma_de[6]_stddevRisingSlope;mfcc_sma_de[6]_meanFallingSlope;mfcc_sma_de[6]_stddevFallingSlope;mfcc_sma_de[7]_flatness;mfcc_sma_de[7]_posamean;mfcc_sma_de[7]_rqmean;mfcc_sma_de[7]_meanPeakDist;mfcc_sma_de[7]_peakDistStddev;mfcc_sma_de[7]_peakRangeAbs;mfcc_sma_de[7]_peakRangeRel;mfcc_sma_de[7]_peakMeanAbs;mfcc_sma_de[7]_peakMeanMeanDist;mfcc_sma_de[7]_peakMeanRel;mfcc_sma_de[7]_minRangeRel;mfcc_sma_de[7]_meanRisingSlope;mfcc_sma_de[7]_stddevRisingSlope;mfcc_sma_de[7]_meanFallingSlope;mfcc_sma_de[7]_stddevFallingSlope;mfcc_sma_de[8]_flatness;mfcc_sma_de[8]_posamean;mfcc_sma_de[8]_rqmean;mfcc_sma_de[8]_meanPeakDist;mfcc_sma_de[8]_peakDistStddev;mfcc_sma_de[8]_peakRangeAbs;mfcc_sma_de[8]_peakRangeRel;mfcc_sma_de[8]_peakMeanAbs;mfcc_sma_de[8]_peakMeanMeanDist;mfcc_sma_de[8]_peakMeanRel;mfcc_sma_de[8]_minRangeRel;mfcc_sma_de[8]_meanRisingSlope;mfcc_sma_de[8]_stddevRisingSlope;mfcc_sma_de[8]_meanFallingSlope;mfcc_sma_de[8]_stddevFallingSlope;mfcc_sma_de[9]_flatness;mfcc_sma_de[9]_posamean;mfcc_sma_de[9]_rqmean;mfcc_sma_de[9]_meanPeakDist;mfcc_sma_de[9]_peakDistStddev;mfcc_sma_de[9]_peakRangeAbs;mfcc_sma_de[9]_peakRangeRel;mfcc_sma_de[9]_peakMeanAbs;mfcc_sma_de[9]_peakMeanMeanDist;mfcc_sma_de[9]_peakMeanRel;mfcc_sma_de[9]_minRangeRel;mfcc_sma_de[9]_meanRisingSlope;mfcc_sma_de[9]_stddevRisingSlope;mfcc_sma_de[9]_meanFallingSlope;mfcc_sma_de[9]_stddevFallingSlope;mfcc_sma_de[10]_flatness;mfcc_sma_de[10]_posamean;mfcc_sma_de[10]_rqmean;mfcc_sma_de[10]_meanPeakDist;mfcc_sma_de[10]_peakDistStddev;mfcc_sma_de[10]_peakRangeAbs;mfcc_sma_de[10]_peakRangeRel;mfcc_sma_de[10]_peakMeanAbs;mfcc_sma_de[10]_peakMeanMeanDist;mfcc_sma_de[10]_peakMeanRel;mfcc_sma_de[10]_minRangeRel;mfcc_sma_de[10]_meanRisingSlope;mfcc_sma_de[10]_stddevRisingSlope;mfcc_sma_de[10]_meanFallingSlope;mfcc_sma_de[10]_stddevFallingSlope;mfcc_sma_de[11]_flatness;mfcc_sma_de[11]_posamean;mfcc_sma_de[11]_rqmean;mfcc_sma_de[11]_meanPeakDist;mfcc_sma_de[11]_peakDistStddev;mfcc_sma_de[11]_peakRangeAbs;mfcc_sma_de[11]_peakRangeRel;mfcc_sma_de[11]_peakMeanAbs;mfcc_sma_de[11]_peakMeanMeanDist;mfcc_sma_de[11]_peakMeanRel;mfcc_sma_de[11]_minRangeRel;mfcc_sma_de[11]_meanRisingSlope;mfcc_sma_de[11]_stddevRisingSlope;mfcc_sma_de[11]_meanFallingSlope;mfcc_sma_de[11]_stddevFallingSlope;mfcc_sma_de[12]_flatness;mfcc_sma_de[12]_posamean;mfcc_sma_de[12]_rqmean;mfcc_sma_de[12]_meanPeakDist;mfcc_sma_de[12]_peakDistStddev;mfcc_sma_de[12]_peakRangeAbs;mfcc_sma_de[12]_peakRangeRel;mfcc_sma_de[12]_peakMeanAbs;mfcc_sma_de[12]_peakMeanMeanDist;mfcc_sma_de[12]_peakMeanRel;mfcc_sma_de[12]_minRangeRel;mfcc_sma_de[12]_meanRisingSlope;mfcc_sma_de[12]_stddevRisingSlope;mfcc_sma_de[12]_meanFallingSlope;mfcc_sma_de[12]_stddevFallingSlope;mfcc_sma_de[13]_flatness;mfcc_sma_de[13]_posamean;mfcc_sma_de[13]_rqmean;mfcc_sma_de[13]_meanPeakDist;mfcc_sma_de[13]_peakDistStddev;mfcc_sma_de[13]_peakRangeAbs;mfcc_sma_de[13]_peakRangeRel;mfcc_sma_de[13]_peakMeanAbs;mfcc_sma_de[13]_peakMeanMeanDist;mfcc_sma_de[13]_peakMeanRel;mfcc_sma_de[13]_minRangeRel;mfcc_sma_de[13]_meanRisingSlope;mfcc_sma_de[13]_stddevRisingSlope;mfcc_sma_de[13]_meanFallingSlope;mfcc_sma_de[13]_stddevFallingSlope;mfcc_sma_de[14]_flatness;mfcc_sma_de[14]_posamean;mfcc_sma_de[14]_rqmean;mfcc_sma_de[14]_meanPeakDist;mfcc_sma_de[14]_peakDistStddev;mfcc_sma_de[14]_peakRangeAbs;mfcc_sma_de[14]_peakRangeRel;mfcc_sma_de[14]_peakMeanAbs;mfcc_sma_de[14]_peakMeanMeanDist;mfcc_sma_de[14]_peakMeanRel;mfcc_sma_de[14]_minRangeRel;mfcc_sma_de[14]_meanRisingSlope;mfcc_sma_de[14]_stddevRisingSlope;mfcc_sma_de[14]_meanFallingSlope;mfcc_sma_de[14]_stddevFallingSlope
'unknown';0.000000;9.876322e-01;7.792553e-01;2.393617e-02;1.099131e-01;1.418641e-01;2.969002e-01;3.195094e-02;1.550362e-01;1.869871e-01;9.608766e-02;9.400869e-01;8.439993e-01;2.121110e-01;1.840314e+00;5.741353e+00;1.968750e-01;1.620000e+00;3.000000e-02;3.775367e-01;2.074468e-01;1.010638e-01;3.191489e-02;7.978723e-03;4.426667e-01;5.267380e-01;4.119534e-04;-2.074397e+00;1.230560e+00;2.278476e-01;-5.850475e-01;2.095475e-01;2.361452e+00;5.079787e-01;8.138298e-01;8.534504e-01;9.767879e-01;1.202340e+00;1.233376e-01;2.255520e-01;3.488895e-01;4.975026e-01;2.638314e+00;2.140812e+00;4.599842e-01;1.711674e+00;5.834428e+00;1.060000e-01;7.200000e-01;3.000000e-02;1.256874e-01;3.776596e-01;1.170213e-01;4.787234e-02;2.127660e-02;4.906667e-01;5.508021e-01;1.024360e-02;-1.622028e+00;4.924073e-01;2.426940e-01;1.038569e-02;-1.153821e-01;9.003785e-02;7.819149e-01;9.893617e-01;4.276391e-03;5.336286e-03;2.190731e-02;1.059894e-03;1.657103e-02;1.763092e-02;3.132214e-03;7.606505e-02;7.293283e-02;1.948088e-02;1.746382e+00;5.126549e+00;2.157143e-01;1.870000e+00;3.000000e-02;4.675577e-01;2.234043e-01;1.063830e-01;2.659575e-02;5.319149e-03;4.506667e-01;5.294118e-01;2.049041e-06;-2.618272e+00;2.860543e+00;-1.627355e+00;3.645356e-01;2.941171e-02;1.104167e-01;8.218085e-01;7.101064e-01;4.852431e-02;5.781250e-02;7.291666e-02;9.288199e-03;1.510416e-02;2.439236e-02;2.838541e-02;1.216146e-01;9.322917e-02;2.110592e-02;8.826006e-01;3.657778e+00;1.067647e-01;3.200000e-01;3.000000e-02;7.572087e-02;6.515958e-01;1.702128e-01;3.723404e-02;7.978723e-03;4.826667e-01;4.866310e-01;3.543435e-05;-1.438874e+00;2.712988e-01;1.764366e-01;1.277254e-01;-1.284043e-01;3.166221e-01;7.579787e-01;7.872341e-01;-4.803527e-03;-6.350223e-04;2.754866e-03;4.168505e-03;3.389889e-03;7.558393e-03;-7.846311e-02;1.113709e-01;1.898340e-01;3.351713e-02;6.632063e-01;9.120770e+00;3.775000e-01;1.880000e+00;4.000000e-02;5.960442e-01;9.680851e-01;1.755319e-01;1.861702e-02;5.319149e-03;5.520000e-01;4.973262e-01;1.489743e-05;-2.610429e+00;2.850399e+00;-1.363448e+00;-4.321337e-03;2.147716e-01;7.840549e-01;7.606383e-01;4.388298e-01;-2.584493e-02;-2.126843e-04;2.204943e-02;2.563225e-02;2.226212e-02;4.789436e-02;-2.742566e-01;3.146806e-01;5.889372e-01;1.052942e-01;5.841827e-01;6.135992e+00;1.772222e-01;1.130000e+00;3.000000e-02;2.576131e-01;8.882979e-01;1.356383e-01;2.393617e-02;5.319149e-03;5.600000e-01;5.347593e-01;3.753428e-05;-3.450819e+00;5.400704e+00;-4.728560e+00;2.302159e+00;-4.856145e-01;3.306296e-02;7.579787e-01;7.872341e-01;-4.358035e-04;-4.719384e-05;2.835433e-04;3.886097e-04;3.307372e-04;7.193468e-04;-1.035200e-02;9.681064e-03;2.003306e-02;3.019262e-03;3.936723e-01;1.281331e+01;4.285714e-01;1.880000e+00;3.000000e-02;6.568632e-01;9.840425e-01;1.968085e-01;1.861702e-02;5.319149e-03;5.520000e-01;4.893048e-01;1.024679e-07;-3.050945e+00;4.333433e+00;-3.481883e+00;1.536132e+00;-2.809944e-01;3.229167e-02;1.010638e-01;5.478724e-01;-2.795138e-03;6.944445e-05;2.690971e-03;2.864583e-03;2.621527e-03;5.486110e-03;-1.191840e-02;1.439236e-02;2.631077e-02;4.880220e-03;2.468116e-01;4.351011e+00;2.407143e-01;1.590000e+00;3.000000e-02;4.074216e-01;9.654256e-01;5.159575e-01;5.053192e-02;1.861702e-02;5.280000e-01;4.786096e-01;5.150087e-07;-2.204390e+00;1.758065e+00;-2.340753e-01;-4.424553e-01;2.415851e-01;2.063545e-01;4.710526e-01;7.342106e-01;1.120800e-01;1.293050e-01;1.511323e-01;1.722505e-02;2.182730e-02;3.905234e-02;6.687234e-02;2.376675e-01;1.707952e-01;3.460371e-02;7.387772e-01;3.907071e+00;1.461539e-01;9.700000e-01;3.000000e-02;2.027138e-01;7.868421e-01;1.868421e-01;2.894737e-02;7.894737e-03;4.854881e-01;4.947090e-01;1.646134e-04;-1.439293e+00;4.307998e-01;1.765592e-01;-8.124293e-02;-8.129502e-02;4.575382e-01;5.500000e-01;7.342106e-01;2.362995e-01;2.752000e-01;3.097252e-01;3.890052e-02;3.452519e-02;7.342571e-02;1.220503e-01;4.949270e-01;3.728767e-01;7.231712e-02;6.247184e-01;4.250398e+00;1.643478e-01;9.000000e-01;3.000000e-02;2.028884e-01;8.368421e-01;1.921053e-01;2.105263e-02;5.263158e-03;5.039578e-01;5.026455e-01;6.298228e-04;-1.491190e+00;4.976254e-01;1.760854e-01;-1.072902e-01;-7.021753e-02;8.839234e-01;4.921053e-01;7.421052e-01;3.649712e-01;4.239883e-01;4.870187e-01;5.901712e-02;6.303036e-02;1.220475e-01;1.891732e-01;1.003679e+00;8.145062e-01;1.520383e-01;1.389465e+00;6.277236e+00;1.148485e-01;3.800000e-01;3.000000e-02;8.665926e-02;6.263158e-01;1.052632e-01;3.157895e-02;1.842105e-02;4.406332e-01;5.026455e-01;1.856328e-03;-1.566528e+00;5.627442e-01;1.920525e-01;-1.104079e-01;-7.149974e-02;1.503089e+00;4.947369e-01;7.421052e-01;4.864447e-01;5.544473e-01;6.446012e-01;6.800264e-02;9.015387e-02;1.581565e-01;2.350282e-01;1.534384e+00;1.299356e+00;2.333778e-01;1.922207e+00;8.391522e+00;9.475000e-02;6.800000e-01;3.000000e-02;1.051425e-01;3.842105e-01;7.894737e-02;2.105263e-02;1.052632e-02;4.828496e-01;5.634921e-01;3.604319e-03;-1.605592e+00;5.259336e-01;2.608959e-01;-3.279527e-02;-1.410971e-01;2.494456e+00;4.973684e-01;7.157895e-01;5.795851e-01;6.545711e-01;7.468613e-01;7.498604e-02;9.229016e-02;1.672762e-01;2.899923e-01;2.561208e+00;2.271215e+00;4.035045e-01;2.570601e+00;1.081899e+01;1.993333e-01;1.100000e+00;3.000000e-02;2.748446e-01;1.684211e-01;6.842105e-02;2.368421e-02;1.315789e-02;4.696570e-01;5.396826e-01;6.269966e-03;-1.775763e+00;7.362243e-01;2.521086e-01;-1.208301e-01;-8.157264e-02;4.019309e+00;5.026316e-01;7.184210e-01;6.072501e-01;7.165484e-01;9.193186e-01;1.092983e-01;2.027702e-01;3.120685e-01;2.457658e-01;3.791476e+00;3.545710e+00;6.816664e-01;2.634359e+00;1.043134e+01;1.764706e-01;1.080000e+00;3.000000e-02;2.561925e-01;1.526316e-01;5.789474e-02;2.631579e-02;7.894737e-03;4.986807e-01;5.317460e-01;1.002402e-02;-1.978254e+00;1.067880e+00;1.966986e-01;-3.134441e-01;3.982100e-02;6.094474e+00;5.026316e-01;8.473684e-01;6.311839e-01;8.186499e-01;1.003623e+00;1.874660e-01;1.849726e-01;3.724387e-01;2.750030e-01;4.905928e+00;4.630925e+00;8.978878e-01;3.079321e+00;1.415716e+01;2.307692e-01;1.570000e+00;3.000000e-02;3.996433e-01;1.263158e-01;3.947368e-02;1.052632e-02;5.263158e-03;5.092348e-01;5.529100e-01;1.589862e-02;-2.090185e+00;1.305879e+00;9.463939e-02;-3.975561e-01;1.025902e-01;4.784521e+00;5.026316e-01;7.131579e-01;7.089600e-01;8.875098e-01;1.074642e+00;1.785498e-01;1.871320e-01;3.656818e-01;3.064785e-01;4.068777e+00;3.762298e+00;7.800974e-01;2.539201e+00;1.006594e+01;2.013333e-01;1.570000e+00;3.000000e-02;3.774982e-01;1.552632e-01;5.263158e-02;1.842105e-02;7.894737e-03;4.696570e-01;5.423281e-01;1.284524e-02;-1.927230e+00;9.551607e-01;2.271864e-01;-2.442725e-01;8.752898e-04;5.879046e+00;5.026316e-01;8.078948e-01;7.548218e-01;9.775879e-01;1.125217e+00;2.227662e-01;1.476295e-01;3.703957e-01;3.514938e-01;5.250507e+00;4.899013e+00;8.937095e-01;3.035861e+00;1.354068e+01;2.315385e-01;1.160000e+00;3.000000e-02;3.003804e-01;1.315790e-01;3.947368e-02;1.315789e-02;7.894737e-03;4.828496e-01;5.529100e-01;1.474748e-02;-1.872109e+00;7.971327e-01;2.630386e-01;-8.204710e-02;-9.393948e-02;4.750332e+00;4.973684e-01;8.447368e-01;7.841413e-01;1.043099e+00;1.329021e+00;2.589581e-01;2.859216e-01;5.448797e-01;3.275765e-01;4.580070e+00;4.252493e+00;8.958435e-01;2.175982e+00;7.574489e+00;1.589474e-01;8.100000e-01;3.000000e-02;1.882858e-01;2.026316e-01;9.210526e-02;3.947368e-02;1.052632e-02;4.722955e-01;5.767196e-01;1.930898e-02;-2.035339e+00;1.243886e+00;8.810093e-02;-4.173550e-01;1.347326e-01;4.718243e+00;4.289474e-01;8.473684e-01;8.444591e-01;1.078514e+00;1.359496e+00;2.340550e-01;2.809818e-01;5.150368e-01;3.828467e-01;4.783634e+00;4.400787e+00;9.113316e-01;2.167373e+00;7.560448e+00;1.372727e-01;6.000000e-01;3.000000e-02;1.418444e-01;2.105263e-01;9.736842e-02;3.421053e-02;1.842105e-02;4.670185e-01;5.952381e-01;2.054416e-02;-1.986917e+00;1.104591e+00;1.558300e-01;-3.010857e-01;4.041858e-02;3.494357e+00;4.263158e-01;8.052632e-01;9.207313e-01;1.115504e+00;1.380979e+00;1.947722e-01;2.654756e-01;4.602479e-01;4.843412e-01;3.341403e+00;2.857062e+00;6.496295e-01;1.559261e+00;5.079977e+00;1.090323e-01;6.400000e-01;3.000000e-02;1.128903e-01;3.236842e-01;1.368421e-01;3.157895e-02;7.894737e-03;4.538259e-01;5.529100e-01;1.606328e-02;-1.765970e+00;7.033030e-01;2.357726e-01;-8.596861e-02;-7.713407e-02;4.409674e+00;8.210526e-01;8.000000e-01;9.645083e-01;1.174964e+00;1.497687e+00;2.104558e-01;3.227232e-01;5.331789e-01;5.126395e-01;3.640889e+00;3.128250e+00;6.754651e-01;1.954547e+00;7.724241e+00;1.595000e-01;7.900000e-01;3.000000e-02;1.728142e-01;2.236842e-01;5.526316e-02;7.894737e-03;5.263158e-03;4.854881e-01;5.846561e-01;2.228970e-02;-1.854882e+00;9.322122e-01;1.652251e-01;-2.244826e-01;-6.555347e-03;4.792944e+00;8.210526e-01;8.000000e-01;1.029494e+00;1.248930e+00;1.618846e+00;2.194360e-01;3.699161e-01;5.893521e-01;6.096230e-01;3.948576e+00;3.338953e+00;6.744862e-01;2.285890e+00;1.056018e+01;1.772222e-01;1.050000e+00;3.000000e-02;2.366855e-01;1.947368e-01;3.947368e-02;7.894737e-03;5.263158e-03;4.670185e-01;5.793651e-01;2.544899e-02;-1.837993e+00;9.338821e-01;1.508724e-01;-2.201716e-01;-1.544978e-02;3.037784e+00;5.184211e-01;5.684211e-01;1.079972e+00;1.296093e+00;1.617124e+00;2.161204e-01;3.210316e-01;5.371519e-01;6.189546e-01;3.360905e+00;2.741951e+00;6.024820e-01;1.463321e+00;4.898268e+00;9.589744e-02;3.800000e-01;3.000000e-02;7.833910e-02;5.026316e-01;1.421053e-01;6.052632e-02;1.578947e-02;4.828496e-01;5.661376e-01;2.207802e-02;-1.644098e+00;5.419863e-01;2.494174e-01;1.736212e-02;-1.558885e-01;3.881083e+00;4.263158e-01;8.473684e-01;1.112344e+00;1.342802e+00;1.648176e+00;2.304578e-01;3.053737e-01;5.358315e-01;6.145144e-01;4.264737e+00;3.650222e+00;7.117308e-01;1.940897e+00;7.046714e+00;1.056667e-01;6.600000e-01;3.000000e-02;1.235498e-01;3.236842e-01;1.000000e-01;2.894737e-02;1.842105e-02;4.907652e-01;5.211640e-01;2.399797e-02;-1.653809e+00;5.459551e-01;2.552719e-01;-2.886054e-02;-1.092215e-01;4.610693e+00;7.578948e-01;8.052632e-01;1.134871e+00;1.367658e+00;1.725584e+00;2.327874e-01;3.579257e-01;5.907130e-01;5.536276e-01;4.234273e+00;3.680646e+00;7.506059e-01;1.926414e+00;7.267813e+00;1.509524e-01;9.500000e-01;3.000000e-02;1.933885e-01;2.815790e-01;8.157895e-02;1.842105e-02;5.263158e-03;4.511873e-01;5.343915e-01;2.605150e-02;-1.721785e+00;6.720383e-01;2.464459e-01;-1.091948e-01;-7.814156e-02;5.612451e+00;6.263158e-01;8.052632e-01;1.137534e+00;1.408794e+00;1.774259e+00;2.712601e-01;3.654647e-01;6.367248e-01;5.998012e-01;4.736047e+00;4.136246e+00;8.631956e-01;2.157406e+00;8.763493e+00;1.981250e-01;9.700000e-01;3.000000e-02;2.253114e-01;2.210526e-01;5.263158e-02;7.894737e-03;7.894737e-03;4.591029e-01;5.608466e-01;3.280677e-02;-1.828572e+00;8.827319e-01;1.978706e-01;-2.269118e-01;-1.419526e-02;5.188907e+00;6.263158e-01;8.052632e-01;1.151601e+00;1.375408e+00;1.804675e+00;2.238067e-01;4.292674e-01;6.530741e-01;5.581777e-01;4.874416e+00;4.316238e+00;8.719846e-01;1.942901e+00;7.065212e+00;1.585000e-01;9.300000e-01;3.000000e-02;2.006309e-01;2.578947e-01;8.684210e-02;1.842105e-02;5.263158e-03;4.617414e-01;5.714286e-01;3.043207e-02;-1.787477e+00;7.904077e-01;2.188034e-01;-1.607016e-01;-5.104426e-02;3.832158e+00;1.131579e-01;8.052632e-01;1.183376e+00;1.396353e+00;1.572833e+00;2.129773e-01;1.764803e-01;3.894576e-01;6.702317e-01;3.490579e+00;2.820347e+00;5.944726e-01;1.807128e+00;6.711961e+00;1.445455e-01;7.300000e-01;3.000000e-02;1.546176e-01;2.631579e-01;8.684210e-02;1.315789e-02;5.263158e-03;4.881266e-01;5.634921e-01;2.405701e-02;-1.658085e+00;6.153132e-01;2.230017e-01;-5.313537e-02;-1.191888e-01;2.946007e+00;7.631579e-01;8.000000e-01;1.126842e+00;1.329957e+00;1.606895e+00;2.031150e-01;2.769384e-01;4.800534e-01;6.989494e-01;3.177708e+00;2.478759e+00;5.455089e-01;1.408081e+00;4.956789e+00;1.046875e-01;4.500000e-01;3.000000e-02;8.562215e-02;4.342105e-01;1.184211e-01;2.894737e-02;7.894737e-03;4.802111e-01;5.714286e-01;2.142122e-02;-1.580396e+00;4.915445e-01;2.086097e-01;-1.134311e-02;-9.981158e-02;2.116825e+00;4.815789e-01;8.394737e-01;1.035912e+00;1.217348e+00;1.458772e+00;1.814362e-01;2.414241e-01;4.228603e-01;6.250800e-01;2.598538e+00;1.973458e+00;4.425797e-01;1.192814e+00;4.219539e+00;1.159375e-01;7.000000e-01;3.000000e-02;1.396840e-01;6.605263e-01;1.868421e-01;7.368421e-02;2.894737e-02;4.802111e-01;5.370370e-01;1.456464e-02;-1.550793e+00;4.395749e-01;2.093481e-01;2.780306e-02;-1.186569e-01;1.819274e+00;4.815789e-01;8.026316e-01;9.607061e-01;1.060936e+00;1.163338e+00;1.002303e-01;1.024011e-01;2.026315e-01;6.285774e-01;2.227062e+00;1.598485e+00;3.018571e-01;1.401271e+00;5.767218e+00;9.175000e-02;3.500000e-01;3.000000e-02;7.165498e-02;6.105263e-01;1.210526e-01;2.105263e-02;1.315789e-02;4.960422e-01;5.343915e-01;1.004846e-02;-1.487767e+00;3.684181e-01;2.189269e-01;6.466360e-02;-1.581860e-01;1.242718e+00;4.815789e-01;5.684211e-01;8.128393e-01;8.839734e-01;9.844928e-01;7.113409e-02;1.005194e-01;1.716535e-01;5.723490e-01;1.555066e+00;9.827169e-01;1.989092e-01;1.316501e+00;5.606986e+00;1.018919e-01;6.600000e-01;3.000000e-02;1.109623e-01;5.578948e-01;1.000000e-01;2.368421e-02;5.263158e-03;5.065963e-01;5.238096e-01;6.776713e-03;-1.410269e+00;2.881648e-01;2.156105e-01;8.128390e-02;-1.693949e-01;1.121975e+00;5.131579e-01;5.657895e-01;6.585765e-01;7.205259e-01;7.991112e-01;6.194931e-02;7.858539e-02;1.405347e-01;4.150863e-01;1.445045e+00;1.029958e+00;2.021614e-01;1.416618e+00;5.322963e+00;1.091176e-01;7.400000e-01;3.000000e-02;1.366268e-01;6.657895e-01;1.447368e-01;4.473684e-02;1.578947e-02;4.854881e-01;5.238096e-01;5.055089e-03;-1.493131e+00;3.794335e-01;2.346545e-01;4.690051e-02;-1.615898e-01;9.525768e-01;5.052631e-01;8.052632e-01;5.344789e-01;5.900695e-01;6.497258e-01;5.559057e-02;5.965632e-02;1.152469e-01;3.364334e-01;1.168562e+00;8.321285e-01;1.724493e-01;1.337880e+00;5.125154e+00;1.279310e-01;6.800000e-01;3.000000e-02;1.448990e-01;6.736842e-01;1.342105e-01;5.000000e-02;1.052632e-02;4.854881e-01;5.555556e-01;3.434970e-03;-1.471059e+00;3.639132e-01;2.135287e-01;2.945656e-02;-1.292297e-01;4.623201e-01;7.684211e-01;2.368421e-02;5.087381e-04;8.189892e-04;2.445873e-02;3.102511e-04;2.363974e-02;2.394999e-02;2.659737e-04;4.412588e-01;4.409928e-01;1.080387e-01;2.449321e+00;7.836216e+00;2.475000e-01;1.880000e+00;3.000000e-02;4.973115e-01;1.342105e-01;9.736842e-02;5.263158e-02;1.578947e-02;4.591029e-01;5.291005e-01;2.452371e-04;-1.956772e+00;1.159571e+00;3.154624e-01;-8.955562e-01;4.101001e-01;1.135435e-01;7.736842e-01;5.263158e-03;2.074888e-05;7.954232e-05;7.126870e-04;5.879343e-05;6.331447e-04;6.919382e-04;1.143874e-05;6.122247e-02;6.121103e-02;1.201364e-02;5.637192e+00;4.090380e+01;5.940000e-01;1.930000e+00;4.000000e-02;7.020142e-01;3.421053e-02;1.315789e-02;5.263158e-03;2.631579e-03;4.538259e-01;6.111111e-01;5.189608e-06;-2.186992e+00;1.933969e+00;-6.503701e-01;-2.338236e-01;2.059720e-01;5.312500e+02;7.736842e-01;3.684210e-02;1.119792e+02;1.354167e+02;1.875000e+02;2.343751e+01;5.208333e+01;7.552084e+01;6.250000e+01;5.542709e+02;4.917709e+02;1.034681e+02;2.068402e+00;7.280176e+00;1.975000e-01;1.610000e+00;3.000000e-02;3.739401e-01;2.447368e-01;7.894737e-02;4.210526e-02;2.105263e-02;3.984169e-01;4.656085e-01;8.976363e+02;-1.464539e+00;4.256052e-01;3.947436e-01;-5.085571e-01;1.706332e-01;8.645833e+02;8.157895e-01;4.131579e-01;1.666667e+02;1.979167e+02;2.812500e+02;3.125000e+01;8.333333e+01;1.145833e+02;125;6.792708e+02;5.542708e+02;1.375380e+02;2.027124e+00;7.341918e+00;2.113333e-01;1.150000e+00;3.000000e-02;2.755810e-01;1.921053e-01;7.631579e-02;5.263158e-03;5.263158e-03;3.957784e-01;4.708995e-01;1.926642e+03;-1.575020e+00;7.709184e-01;4.441552e-02;-3.817575e-01;1.596485e-01;1.604167e+03;8.131579e-01;7.052631e-01;2.395833e+02;2.812500e+02;3.854167e+02;4.166667e+01;1.041667e+02;1.458333e+02;1.875000e+02;1.248333e+03;1.060833e+03;2.147684e+02;2.880503e+00;1.451897e+01;2.120000e-01;1.160000e+00;3.000000e-02;2.858251e-01;1.447368e-01;2.368421e-02;5.263158e-03;5.263158e-03;4.063325e-01;4.470899e-01;6.854667e+03;-1.295080e+00;2.074433e-01;4.980201e-01;-5.372624e-01;1.510236e-01;2.760417e+03;5.368421e-01;7.052631e-01;3.437500e+02;4.166667e+02;6.692708e+02;7.291666e+01;2.526042e+02;3.255208e+02;2.395833e+02;2.237292e+03;1.997708e+03;4.426998e+02;2.628643e+00;1.056040e+01;2.120000e-01;1.400000e+00;3.000000e-02;3.436510e-01;1.263158e-01;5.789474e-02;1.052632e-02;5.263158e-03;4.300792e-01;4.867725e-01;2.969488e+04;-1.398931e+00;3.134253e-01;6.783680e-01;-8.324262e-01;2.794539e-01;5.034625e-01;7.763158e-01;0;2.878771e-02;3.579743e-02;1.034277e-01;7.009726e-03;6.763031e-02;7.464004e-02;1.813971e-02;3.945393e-01;3.763995e-01;8.365700e-02;2.144959e+00;7.922162e+00;2.164286e-01;1.870000e+00;3.000000e-02;4.638135e-01;1.894737e-01;4.210526e-02;1.315789e-02;2.631579e-03;4.643799e-01;5.264550e-01;2.963895e-04;-1.496621e+00;3.057447e-01;6.865551e-01;-5.518281e-01;7.307984e-02;9.769420e+02;8.131579e-01;5.684211e-01;2.471608e+02;2.873763e+02;3.983327e+02;4.021555e+01;1.109564e+02;1.511720e+02;1.753622e+02;8.969948e+02;7.216326e+02;1.592124e+02;1.839412e+00;7.015468e+00;1.445455e-01;9.600000e-01;3.000000e-02;1.995160e-01;2.447368e-01;6.052632e-02;1.052632e-02;5.263158e-03;4.591029e-01;5.211640e-01;3.148110e+03;-1.496415e+00;5.043929e-01;3.749715e-01;-5.702968e-01;2.041647e-01;2.875123e+00;8.131579e-01;7.078947e-01;3.395753e+00;3.646263e+00;3.943242e+00;2.505097e-01;2.969787e-01;5.474885e-01;2.743504e+00;5.190816e+00;2.447312e+00;4.833689e-01;8.149369e-01;4.396492e+00;1.604348e-01;6.400000e-01;3.000000e-02;1.618232e-01;8.342105e-01;2.236842e-01;3.947368e-02;1.315789e-02;4.696570e-01;4.947090e-01;1.079680e-01;-1.133398e+00;1.208072e-01;1.128123e-01;-9.846044e-02;2.386179e-03;1.861724e+06;7.289473e-01;5.605263e-01;1.104018e+05;2.405621e+05;3.924993e+05;1.301603e+05;1.519372e+05;2.820976e+05;2.162545e+04;1.640269e+06;1.618644e+06;3.303534e+05;2.211443e+00;8.352250e+00;2.094444e-01;7.700000e-01;3.000000e-02;2.136059e-01;1.684211e-01;6.578948e-02;1.578947e-02;7.894737e-03;4.696570e-01;5.158730e-01;13730690048;-1.500012e+00;4.875805e-01;5.406005e-01;-7.487850e-01;2.792986e-01;2.012105e+01;5.657895e-01;8.131579e-01;7.127348e+00;9.461245e+00;1.182027e+01;2.333896e+00;2.359023e+00;4.692919e+00;2.466524e+00;2.135827e+01;1.889175e+01;4.077155e+00;6.927685e-01;3.616124e+00;1.251852e-01;6.100000e-01;3.000000e-02;1.331212e-01;7.684211e-01;2.447368e-01;6.052632e-02;2.894737e-02;5.277045e-01;5.026455e-01;2.247879e+00;-1.382881e+00;3.179950e-01;3.718843e-01;-3.698319e-01;7.673585e-02;9.661795e+02;5.605263e-01;8.131579e-01;7.858902e+01;1.256881e+02;1.825229e+02;4.709904e+01;5.683487e+01;1.039339e+02;1.090557e+01;7.788483e+02;7.679427e+02;1.565480e+02;2.442137e+00;9.788884e+00;2.446667e-01;1.290000e+00;3.000000e-02;3.517171e-01;1.552632e-01;5.789474e-02;1.315789e-02;7.894737e-03;5.277045e-01;5.343915e-01;2.062137e+03;-1.558236e+00;5.665692e-01;3.687784e-01;-4.994105e-01;1.587216e-01;1.812966e-01;9.763158e-01;7.736842e-01;-1.099204e-02;-6.541113e-04;-4.072166e-04;1.033792e-02;2.468946e-04;1.058482e-02;-1.196709e-01;-1.894676e-04;1.194814e-01;2.874486e-02;-2.752462e+00;1.103560e+01;3.300000e-01;1.890000e+00;3.000000e-02;5.565369e-01;9.921052e-01;9.605263e-01;8.815789e-01;7.973684e-01;5.593668e-01;4.576720e-01;1.910734e-05;-2.028239e+00;1.372747e+00;6.686467e-02;-7.356430e-01;3.590398e-01;7.005456e-01;8.157895e-01;5.684211e-01;2.462340e-01;2.835659e-01;3.945310e-01;3.733188e-02;1.109652e-01;1.482970e-01;1.859563e-01;7.008346e-01;5.148783e-01;1.318305e-01;1.407278e+00;4.457320e+00;1.860000e-01;9.700000e-01;3.000000e-02;2.220000e-01;3.000000e-01;1.289474e-01;1.315789e-02;5.263158e-03;4.802111e-01;5.079365e-01;1.990475e-03;-1.463212e+00;4.848214e-01;2.560187e-01;-4.065495e-01;1.406250e-01;3.743414e-01;7.736842e-01;3.921053e-01;4.345882e-04;7.009059e-04;1.475521e-02;2.663177e-04;1.405430e-02;1.432062e-02;1.653866e-04;2.668357e-01;2.666703e-01;6.055914e-02;2.933782e+00;1.205863e+01;3.300000e-01;1.890000e+00;3.000000e-02;5.626919e-01;1.105263e-01;3.421053e-02;7.894737e-03;5.263158e-03;4.538259e-01;5.343915e-01;7.979087e-05;-2.109135e+00;1.528629e+00;1.902783e-02;-7.931901e-01;3.901738e-01;3.261421e+01;6.894737e-01;5.368421e-01;1.970165e+01;2.194045e+01;2.882846e+01;2.238800e+00;6.888006e+00;9.126806e+00;1.103330e+01;3.970657e+01;2.867327e+01;6.932199e+00;5.892096e-01;2.659433e+00;1.436364e-01;1.020000e+00;3.000000e-02;2.135957e-01;8.815789e-01;3.236842e-01;1.368421e-01;2.894737e-02;5.329815e-01;5.079365e-01;4.643560e+00;-1.361728e+00;2.757652e-01;2.988261e-01;-1.857255e-01;-2.221713e-02;3.799116e+01;5.631579e-01;8.157895e-01;1.249410e+01;2.043346e+01;2.414439e+01;7.939353e+00;3.710938e+00;1.165029e+01;-2.191413e+00;2.962827e+01;3.181969e+01;8.009087e+00;-8.150973e-01;2.825182e+00;1.400000e-01;5.300000e-01;3.000000e-02;1.259630e-01;9.078947e-01;7.210526e-01;2.736842e-01;1.052632e-02;4.960422e-01;5.158730e-01;7.040579e+00;-1.353680e+00;2.488392e-01;2.803248e-01;-1.739386e-01;1.208016e-02;6.420999e+01;5.736842e-01;7.763158e-01;7.570839e+00;1.059013e+01;1.518596e+01;3.019291e+00;4.595824e+00;7.615116e+00;-1.657100e+01;3.547630e+01;5.204730e+01;9.956359e+00;-3.933663e-01;4.495342e+00;3.837500e-01;1.900000e+00;6.000000e-02;5.784881e-01;9.131579e-01;5.500000e-01;5.263158e-02;1.052632e-02;5.171504e-01;4.841270e-01;4.901460e+00;-1.525743e+00;4.730521e-01;3.561866e-01;-4.237315e-01;1.441982e-01;8.458060e+01;5.842105e-01;6.526316e-01;-1.662300e+00;4.477547e+00;7.655427e+00;6.139847e+00;3.177881e+00;9.317728e+00;-4.872721e+01;2.561950e+01;7.434670e+01;1.459137e+01;-1.598408e+00;5.430814e+00;1.490000e-01;8.000000e-01;3.000000e-02;1.874807e-01;9.315789e-01;8.315790e-01;1.052632e-01;1.315789e-02;5.013193e-01;5.052910e-01;6.382035e+00;-1.675524e+00;5.971457e-01;6.358974e-01;-8.320658e-01;3.155068e-01;4.492913e+01;8.684211e-01;7.552631e-01;-4.564624e+00;-8.195710e-02;4.335723e+00;4.482667e+00;4.417680e+00;8.900347e+00;-2.322539e+01;1.806823e+01;4.129362e+01;8.384442e+00;-5.550650e-01;3.564421e+00;1.794737e-01;7.900000e-01;3.000000e-02;1.919560e-01;8.868421e-01;6.210526e-01;6.578948e-02;2.105263e-02;4.802111e-01;5.238096e-01;7.204081e+00;-1.340408e+00;3.329940e-01;4.212669e-01;-5.487252e-01;2.236536e-01;6.059436e+01;7.894737e-01;5.842105e-01;-3.401400e+00;8.289757e-01;5.659252e+00;4.230375e+00;4.830276e+00;9.060652e+00;-2.569449e+01;2.480087e+01;5.049536e+01;9.822639e+00;-4.525189e-01;4.278970e+00;1.864706e-01;1.770000e+00;3.000000e-02;4.004547e-01;9.263158e-01;7.157895e-01;9.473684e-02;2.368421e-02;5.303430e-01;5.079365e-01;8.248522e+00;-1.458574e+00;4.172774e-01;5.992157e-01;-7.861623e-01;3.194510e-01;4.963377e+01;7.842105e-01;6.236842e-01;-1.356077e+01;-6.372566e+00;-1.332470e+00;7.188200e+00;5.040096e+00;1.222830e+01;-3.331976e+01;1.181983e+01;4.513959e+01;9.463490e+00;-5.407285e-01;3.396724e+00;1.200000e-01;6.600000e-01;3.000000e-02;1.316153e-01;9.473684e-01;7.184210e-01;1.868421e-01;4.210526e-02;5.118734e-01;5.026455e-01;1.113648e+01;-1.424695e+00;4.707031e-01;3.396335e-01;-5.055734e-01;1.828561e-01;5.397700e+01;8.342105e-01;4.868421e-01;-7.113850e+00;-1.323186e+00;2.675216e+00;5.790664e+00;3.998402e+00;9.789066e+00;-2.562002e+01;1.694366e+01;4.256368e+01;8.429899e+00;-3.762524e-01;4.083846e+00;2.314286e-01;6.300000e-01;3.000000e-02;1.957351e-01;9.657895e-01;7.026316e-01;9.473684e-02;2.368421e-02;4.854881e-01;4.920635e-01;9.835676e+00;-1.289677e+00;2.482063e-01;5.661453e-01;-6.089284e-01;1.840727e-01;4.236946e+01;4.078947e-01;6.026316e-01;-6.918903e+00;-2.927612e+00;2.120089e+00;3.991291e+00;5.047700e+00;9.038992e+00;-2.306514e+01;1.379808e+01;3.686323e+01;7.787790e+00;-2.862712e-01;3.255717e+00;1.609524e-01;6.900000e-01;3.000000e-02;1.643719e-01;9.236842e-01;6.236842e-01;1.289474e-01;2.631579e-02;5.171504e-01;5.185185e-01;9.331309e+00;-1.242630e+00;2.183770e-01;5.250636e-01;-6.012218e-01;1.985497e-01;5.045067e+01;4.947369e-01;6.447368e-01;-7.624389e+00;-3.414214e+00;1.614766e+00;4.210175e+00;5.028980e+00;9.239155e+00;-2.077926e+01;1.924616e+01;4.002542e+01;8.920399e+00;3.514165e-01;3.250433e+00;1.481818e-01;7.200000e-01;3.000000e-02;1.849235e-01;9.157895e-01;3.894737e-01;9.736842e-02;1.315789e-02;4.881266e-01;4.894180e-01;9.863355e+00;-1.265391e+00;2.410934e-01;4.746652e-01;-6.207290e-01;2.649605e-01;4.131948e+01;6.210526e-01;6.868421e-01;-6.924307e+00;-3.100565e+00;1.948244e+00;3.823741e+00;5.048810e+00;8.872551e+00;-2.121969e+01;1.548301e+01;3.670270e+01;7.386413e+00;-3.942453e-02;3.322310e+00;1.773684e-01;9.300000e-01;3.000000e-02;2.408285e-01;9.263158e-01;5.184211e-01;8.947369e-02;2.368421e-02;4.934037e-01;4.973545e-01;8.309049e+00;-1.307637e+00;2.780465e-01;6.586698e-01;-7.482587e-01;2.192607e-01;5.447725e+01;6.526316e-01;4.315789e-01;-6.158561e+00;-1.946529e+00;1.927308e+00;4.212032e+00;3.873837e+00;8.085869e+00;-1.851983e+01;1.823274e+01;3.675257e+01;7.379025e+00;5.234476e-01;4.898673e+00;1.952631e-01;6.600000e-01;3.000000e-02;1.742463e-01;8.552632e-01;1.605263e-01;1.052632e-02;5.263158e-03;4.854881e-01;5.079365e-01;8.331137e+00;-1.305928e+00;2.907445e-01;5.959600e-01;-6.667873e-01;1.981014e-01;4.032682e+01;8.789474e-01;6.789474e-01;-1.138825e+01;-5.313551e+00;-1.329474e+00;6.074699e+00;3.984077e+00;1.005878e+01;-2.948463e+01;6.393535e+00;3.587817e+01;7.667574e+00;-9.030994e-01;3.630044e+00;8.042553e-02;2.800000e-01;3.000000e-02;5.924911e-02;9.657895e-01;7.947369e-01;3.578947e-01;5.000000e-02;5.197889e-01;4.841270e-01;7.308603e+00;-1.378432e+00;4.030472e-01;4.889115e-01;-6.598468e-01;1.919359e-01;2.891312e+01;4.684210e-01;8.157895e-01;-4.702231e+00;-2.300855e+00;1.172279e+00;2.401376e+00;3.473134e+00;5.874510e+00;-1.360431e+01;7.009458e+00;2.061376e+01;4.568099e+00;-2.894204e-01;3.197989e+00;1.776191e-01;6.400000e-01;3.000000e-02;1.643719e-01;9.473684e-01;6.131579e-01;8.684210e-02;5.263158e-03;4.749340e-01;5.264550e-01;6.095124e+00;-1.133339e+00;2.709436e-01;3.930890e-01;-5.025342e-01;1.186472e-01;6.237267e-02;5.447369e-01;7.973684e-01;-4.363997e-03;-2.497774e-04;4.971890e-03;4.114219e-03;5.221667e-03;9.335887e-03;-2.156800e-02;2.538538e-02;4.695338e-02;8.959080e-03;1.498682e-01;4.374123e+00;2.473333e-01;1.170000e+00;3.000000e-02;3.153509e-01;9.210526e-01;3.657895e-01;3.421053e-02;5.263158e-03;5.092348e-01;5.079365e-01;1.502421e-06;-2.788928e+00;3.662000e+00;-2.648628e+00;1.020632e+00;-1.399129e-01;1.336075e-01;5.447369e-01;4.736842e-01;-1.055725e-02;-1.445234e-04;1.010350e-02;1.041272e-02;1.024803e-02;2.066075e-02;-4.034901e-02;4.966967e-02;9.001867e-02;1.833076e-02;5.021139e-01;4.908659e+00;1.102941e-01;3.800000e-01;3.000000e-02;8.020140e-02;7.868421e-01;1.026316e-01;7.894737e-03;5.263158e-03;4.722955e-01;5.132275e-01;6.819114e-06;-2.739951e+00;3.515452e+00;-2.449093e+00;8.712149e-01;-9.070975e-02;2.799117e-01;4.605263e-01;4.710526e-01;-1.981916e-02;-8.115604e-04;1.569535e-02;1.900760e-02;1.650691e-02;3.551451e-02;-7.697447e-02;1.155098e-01;1.924842e-01;3.590495e-02;7.611476e-01;6.101878e+00;2.635714e-01;1.760000e+00;3.000000e-02;4.506441e-01;9.342105e-01;1.657895e-01;2.631579e-02;7.894737e-03;5.065963e-01;5.423281e-01;1.850243e-05;-2.915460e+00;4.020494e+00;-3.113194e+00;1.328942e+00;-2.209332e-01;4.804936e-01;4.894737e-01;4.736842e-01;-2.724318e-02;-2.394617e-03;2.206267e-02;2.484856e-02;2.445729e-02;4.930585e-02;-1.414824e-01;2.045050e-01;3.459874e-01;5.825661e-02;7.998751e-01;7.342565e+00;3.222222e-01;1.750000e+00;3.000000e-02;5.554733e-01;9.763158e-01;3.894737e-01;3.684210e-02;1.052632e-02;5.277045e-01;5.026455e-01;3.435103e-05;-2.894021e+00;3.816637e+00;-2.681934e+00;9.518769e-01;-8.539568e-02;8.571215e-01;7.526316e-01;7.657894e-01;-3.025508e-02;-1.710975e-03;2.136230e-02;2.854411e-02;2.307328e-02;5.161738e-02;-2.340356e-01;4.581060e-01;6.921417e-01;9.804746e-02;1.622228e+00;1.196125e+01;2.736363e-01;1.660000e+00;3.000000e-02;4.562550e-01;9.000000e-01;5.789474e-02;1.578947e-02;1.052632e-02;5.672823e-01;5.000000e-01;9.541096e-05;-2.834341e+00;3.540129e+00;-2.258022e+00;6.402361e-01;5.280338e-03;1.400271e+00;7.526316e-01;5.105263e-01;-3.151450e-02;-2.647668e-04;2.677971e-02;3.124973e-02;2.704448e-02;5.829421e-02;-4.512457e-01;6.919145e-01;1.143160e+00;1.552632e-01;1.347571e+00;1.181462e+01;3.344444e-01;1.660000e+00;3.000000e-02;5.326477e-01;9.447368e-01;7.368421e-02;2.105263e-02;1.052632e-02;5.461742e-01;5.158730e-01;1.252371e-04;-3.266462e+00;4.813434e+00;-3.919572e+00;1.744173e+00;-3.247181e-01;2.317357e+00;4.973684e-01;5.105263e-01;-3.819182e-02;2.385011e-03;3.040307e-02;4.057683e-02;2.801806e-02;6.859489e-02;-5.927563e-01;8.802518e-01;1.473008e+00;2.137327e-01;6.989558e-01;1.587196e+01;5.800000e-01;1.880000e+00;3.000000e-02;7.257823e-01;9.894737e-01;5.500000e-01;2.368421e-02;7.894737e-03;5.540897e-01;5.132275e-01;1.858098e-04;-3.437303e+00;5.397791e+00;-4.772868e+00;2.370538e+00;-5.223106e-01;1.719339e+00;4.947369e-01;5.105263e-01;-3.676008e-02;2.462864e-05;3.900992e-02;3.678471e-02;3.898529e-02;7.577001e-02;-5.619087e-01;6.690183e-01;1.230927e+00;1.720405e-01;3.820076e-01;1.214685e+01;3.762500e-01;1.670000e+00;3.000000e-02;5.558988e-01;9.736842e-01;2.868421e-01;2.631579e-02;7.894737e-03;5.488127e-01;5.000000e-01;1.003337e-04;-3.448943e+00;5.352881e+00;-4.610015e+00;2.186930e+00;-4.465744e-01;2.049791e+00;4.947369e-01;5.131579e-01;-3.796237e-02;5.694032e-05;3.868902e-02;3.801931e-02;3.863208e-02;7.665139e-02;-6.468270e-01;7.763900e-01;1.423217e+00;1.966098e-01;3.493530e-01;1.399477e+01;3.750000e-01;1.880000e+00;3.000000e-02;6.318821e-01;9.789473e-01;2.578947e-01;1.842105e-02;5.263158e-03;5.699208e-01;4.682540e-01;1.070782e-04;-3.437473e+00;5.275753e+00;-4.496379e+00;2.127959e+00;-4.385900e-01;1.627659e+00;4.894737e-01;6.263158e-01;-4.850269e-02;-1.494050e-04;4.566097e-02;4.835328e-02;4.581037e-02;9.416366e-02;-6.004443e-01;7.948323e-01;1.395277e+00;2.083734e-01;6.193286e-01;8.260121e+00;1.893750e-01;1.610000e+00;3.000000e-02;3.764218e-01;9.342105e-01;1.236842e-01;3.157895e-02;1.578947e-02;5.989446e-01;5.000000e-01;2.549135e-04;-3.301609e+00;5.013427e+00;-4.296824e+00;2.053877e+00;-4.234488e-01;1.704716e+00;4.210526e-01;6.842105e-01;-5.459239e-02;-5.949500e-03;4.501174e-02;4.864289e-02;5.096124e-02;9.960414e-02;-6.637339e-01;6.989309e-01;1.362665e+00;2.201466e-01;3.649770e-01;7.307312e+00;1.887500e-01;1.610000e+00;3.000000e-02;3.788284e-01;9.447368e-01;2.026316e-01;3.947368e-02;5.263158e-03;5.857520e-01;5.264550e-01;2.455991e-04;-3.311289e+00;4.989427e+00;-4.198669e+00;1.958097e+00;-3.917103e-01;1.100104e+00;4.210526e-01;4.368421e-01;-5.785878e-02;-2.949333e-03;4.784274e-02;5.490945e-02;5.079207e-02;1.057015e-01;-4.018245e-01;4.811367e-01;8.829612e-01;1.586338e-01;3.120906e-01;5.012532e+00;1.678947e-01;1.020000e+00;3.000000e-02;2.519519e-01;9.078947e-01;2.342105e-01;3.684210e-02;7.894737e-03;5.382586e-01;5.423281e-01;2.453570e-04;-2.796725e+00;3.417804e+00;-2.118357e+00;5.497032e-01;3.596846e-02;1.817877e+00;8.131579e-01;8.263158e-01;-6.407394e-02;9.760171e-04;5.084049e-02;6.504995e-02;4.986447e-02;1.149144e-01;-5.447711e-01;5.535626e-01;1.098334e+00;1.878026e-01;7.647337e-01;9.744916e+00;4.000000e-01;1.180000e+00;3.000000e-02;4.153914e-01;9.552631e-01;1.263158e-01;7.894737e-03;5.263158e-03;5.910290e-01;5.105820e-01;3.138278e-04;-3.039161e+00;4.261957e+00;-3.318208e+00;1.407053e+00;-2.291660e-01;2.033682e+00;8.131579e-01;8.263158e-01;-6.694511e-02;-9.747266e-04;4.338241e-02;6.597038e-02;4.435713e-02;1.103275e-01;-5.488682e-01;5.652891e-01;1.114157e+00;1.930632e-01;9.447333e-01;1.200574e+01;6.400000e-01;2;3.000000e-02;7.878579e-01;9.789473e-01;1.131579e-01;7.894737e-03;5.263158e-03;5.699208e-01;5.026455e-01;2.377418e-04;-3.275411e+00;5.029202e+00;-4.402544e+00;2.194020e+00;-4.838759e-01;1.120407e+00;8.131579e-01;5.236842e-01;-6.420312e-02;-4.209578e-04;5.410620e-02;6.378216e-02;5.452716e-02;1.183093e-01;-4.207262e-01;4.289879e-01;8.497140e-01;1.595888e-01;1.761623e-01;5.074275e+00;1.777778e-01;1.160000e+00;3.000000e-02;2.961147e-01;9.421052e-01;3.421053e-01;5.526316e-02;7.894737e-03;5.514512e-01;4.841270e-01;2.942976e-04;-2.678897e+00;3.057151e+00;-1.594298e+00;1.886072e-01;1.383357e-01;1.385080e+00;7.526316e-01;4.342105e-01;-6.172154e-02;3.897309e-03;5.350611e-02;6.561886e-02;4.960880e-02;1.152277e-01;-5.119121e-01;5.778631e-01;1.089775e+00;1.669004e-01;1.528620e-01;7.293080e+00;2.736363e-01;1.600000e+00;4.000000e-02;4.429093e-01;9.605263e-01;5.394737e-01;3.684210e-02;1.315789e-02;5.277045e-01;5.026455e-01;2.415560e-04;-2.839947e+00;3.452143e+00;-2.028732e+00;4.146871e-01;8.289642e-02;1.463310e+00;7.526316e-01;7.657894e-01;-5.270496e-02;-1.253933e-03;4.531777e-02;5.145103e-02;4.657170e-02;9.802273e-02;-4.121617e-01;5.945293e-01;1.006691e+00;1.820738e-01;1.097624e+00;8.250031e+00;1.882353e-01;1.130000e+00;3.000000e-02;2.594844e-01;8.500000e-01;7.105263e-02;1.052632e-02;5.263158e-03;5.435356e-01;5.158730e-01;2.262057e-04;-3.168730e+00;4.581847e+00;-3.674416e+00;1.612997e+00;-2.902242e-01;1.925102e+00;6.184211e-01;6.315789e-01;-5.868614e-02;-4.323971e-03;4.584847e-02;5.436217e-02;5.017244e-02;1.045346e-01;-5.830183e-01;7.699957e-01;1.353014e+00;2.215605e-01;9.128144e-01;8.776622e+00;2.257143e-01;1.140000e+00;3.000000e-02;2.914916e-01;9.368421e-01;1.026316e-01;1.578947e-02;5.263158e-03;5.329815e-01;5.211640e-01;4.194486e-04;-3.083385e+00;4.377342e+00;-3.449564e+00;1.487095e+00;-2.568246e-01;1.657739e+00;6.210526e-01;6.342105e-01;-6.617625e-02;-2.517986e-03;4.697283e-02;6.365827e-02;4.949081e-02;1.131491e-01;-5.673851e-01;7.224211e-01;1.289806e+00;2.101484e-01;9.173732e-01;7.383727e+00;1.772222e-01;1.140000e+00;3.000000e-02;2.590539e-01;8.921053e-01;1.026316e-01;2.368421e-02;5.263158e-03;5.593668e-01;5.158730e-01;3.359845e-04;-3.127022e+00;4.465011e+00;-3.532962e+00;1.533164e+00;-2.745793e-01;1.277978e+00;1.078947e-01;1.184211e-01;-4.224569e-02;-1.894116e-03;3.385190e-02;4.035158e-02;3.574602e-02;7.609759e-02;-4.141905e-01;4.911666e-01;9.053571e-01;1.588843e-01;4.111212e-01;6.715902e+00;1.876471e-01;1.150000e+00;3.000000e-02;2.960232e-01;9.236842e-01;1.368421e-01;2.631579e-02;5.263158e-03;5.646438e-01;5.105820e-01;1.828106e-04;-3.177920e+00;4.676601e+00;-3.865165e+00;1.793164e+00;-3.601209e-01;1.001126e+00;7.526316e-01;8.263158e-01;-4.881981e-02;9.018183e-06;3.752394e-02;4.882883e-02;3.751493e-02;8.634376e-02;-3.484043e-01;4.687788e-01;8.171831e-01;1.367448e-01;5.703759e-01;5.941070e+00;1.876471e-01;1.180000e+00;3.000000e-02;3.029372e-01;9.236842e-01;2.000000e-01;2.631579e-02;1.052632e-02;5.567282e-01;5.052910e-01;2.199708e-04;-2.831110e+00;3.602917e+00;-2.438043e+00;8.116503e-01;-5.462305e-02;7.390435e-01;7.526316e-01;5.210527e-01;-3.921396e-02;-1.465172e-03;4.152688e-02;3.774878e-02;4.299205e-02;8.074084e-02;-2.798047e-01;3.330753e-01;6.128800e-01;1.087902e-01;2.347168e-01;5.019436e+00;1.600000e-01;1.610000e+00;3.000000e-02;3.466987e-01;9.210526e-01;3.473684e-01;5.000000e-02;1.315789e-02;5.329815e-01;4.814815e-01;7.815972e-05;-3.190269e+00;4.709500e+00;-3.956905e+00;1.891516e+00;-3.948941e-01;5.716962e-01;4.763158e-01;5.184211e-01;-3.184383e-02;4.031241e-04;3.167097e-02;3.224695e-02;3.126784e-02;6.351480e-02;-2.253068e-01;2.486908e-01;4.739976e-01;8.136914e-02;4.904385e-02;5.284173e+00;1.668421e-01;1.810000e+00;3.000000e-02;4.003164e-01;9.421052e-01;4.789474e-01;4.736842e-02;1.315789e-02;5.382586e-01;5.185185e-01;7.531243e-05;-2.767136e+00;3.411309e+00;-2.134555e+00;5.807785e-01;2.527633e-02;4.273178e-01;8.157895e-01;8.263158e-01;-1.963191e-02;2.803624e-04;1.873846e-02;1.991227e-02;1.845810e-02;3.837037e-02;-1.773643e-01;2.000892e-01;3.774535e-01;5.914361e-02;2.036337e-01;6.776689e+00;1.993750e-01;1.660000e+00;3.000000e-02;4.012398e-01;9.368421e-01;3.394737e-01;3.421053e-02;2.105263e-02;5.277045e-01;5.052910e-01;2.162937e-05;-3.174997e+00;4.651597e+00;-3.788598e+00;1.712363e+00;-3.236105e-01;4.119166e-01;7.236842e-01;7.368421e-01;-1.392826e-02;9.130359e-04;1.786677e-02;1.484130e-02;1.695373e-02;3.179503e-02;-1.858463e-01;1.808524e-01;3.666986e-01;5.848148e-02;-1.371441e-01;6.265887e+00;2.278571e-01;1.820000e+00;3.000000e-02;4.647761e-01;9.552631e-01;5.500000e-01;4.736842e-02;1.578947e-02;5.408971e-01;5.105820e-01;2.628914e-05;-3.040940e+00;4.289385e+00;-3.363029e+00;1.458243e+00;-2.493485e-01;3.168977e-01;7.236842e-01;7.368421e-01;-1.286779e-02;8.846968e-05;1.295994e-02;1.295626e-02;1.287147e-02;2.582773e-02;-1.310047e-01;1.366917e-01;2.676964e-01;4.563421e-02;3.196358e-02;5.514817e+00;1.987500e-01;1.660000e+00;3.000000e-02;4.076438e-01;9.368421e-01;4.105263e-01;3.947368e-02;1.578947e-02;5.356200e-01;5.079365e-01;2.253727e-05;-2.833988e+00;3.587079e+00;-2.342162e+00;7.007539e-01;-9.179168e-03;2.243526e-01;7.500000e-01;7.763158e-01;-2.113718e-04;-6.612619e-06;9.339042e-05;2.047592e-04;1.000030e-04;3.047622e-04;-7.256370e-02;7.337399e-02;1.459377e-01;2.086475e-02;2.821506e-01;1.339516e+01;2.990000e-01;1.870000e+00;3.000000e-02;5.428526e-01;9.789473e-01;3.184211e-01;3.157895e-02;5.263158e-03;5.751979e-01;5.052910e-01;1.559696e-05;-2.252178e+00;2.132478e+00;-6.810901e-01;-3.958661e-01;3.419921e-01;5.240473e-02;7.684211e-01;7.789474e-01;-1.627266e-05;-4.756381e-07;3.396241e-06;1.579703e-05;3.871879e-06;1.966891e-05;-1.233633e-02;1.171779e-02;2.405412e-02;3.482143e-03;-1.092003e+00;3.217984e+01;7.500000e-01;2.560000e+00;3.000000e-02;1.053921e+00;9.921052e-01;9.394737e-01;1.052632e-02;5.263158e-03;6.015831e-01;4.682540e-01;3.261336e-07;-2.632895e+00;3.349882e+00;-2.354211e+00;8.730617e-01;-9.478060e-02;2.093750e+02;4.184211e-01;7.868421e-01;-9.375000e+00;-1.041666e+00;9.374998e+00;8.333334e+00;1.041666e+01;1.875000e+01;-6.145833e+01;7.850000e+01;1.399583e+02;2.297200e+01;4.099761e-01;8.291913e+00;3.787500e-01;1.600000e+00;3.000000e-02;5.386891e-01;9.684210e-01;3.842105e-01;2.368421e-02;1.052632e-02;5.039578e-01;5.026455e-01;4.409699e+01;-1.840752e+00;1.314018e+00;3.581333e-02;-6.534984e-01;3.665282e-01;3.739583e+02;8.105263e-01;8.184211e-01;-1.171875e+01;-2.083332e+00;9.375000e+00;9.635417e+00;1.145833e+01;2.109375e+01;-9.171875e+01;1.277396e+02;2.194583e+02;3.423957e+01;9.957790e-01;1.227604e+01;3.962500e-01;1.670000e+00;3.000000e-02;5.816343e-01;9.657895e-01;9.736842e-02;1.315789e-02;2.631579e-03;4.960422e-01;4.841270e-01;8.434376e+01;-2.002105e+00;1.842038e+00;-6.301284e-01;-2.311173e-01;2.726859e-01;6.197917e+02;8.105263e-01;5.421053e-01;-1.354167e+01;-1.041668e+00;1.250000e+01;1.250000e+01;1.354167e+01;2.604167e+01;-2.108542e+02;1.977917e+02;4.086458e+02;5.538882e+01;5.191462e-01;1.524931e+01;6.360000e-01;2.070000e+00;3.000000e-02;8.059180e-01;9.763158e-01;1.078947e-01;1.315789e-02;5.263158e-03;5.065963e-01;4.682540e-01;4.046550e+02;-1.603538e+00;9.894270e-01;2.161531e-01;-6.501424e-01;3.626811e-01;1400;1.026316e-01;5.421053e-01;-2.317708e+01;-5.208328e-01;2.604167e+01;2.265625e+01;2.656250e+01;4.921875e+01;-4.924271e+02;4.557812e+02;9.482084e+02;1.310212e+02;9.587920e-02;1.231904e+01;3.500000e-01;1.560000e+00;3.000000e-02;5.573150e-01;9.842106e-01;7.894737e-01;2.894737e-02;7.894737e-03;5.224274e-01;5.158730e-01;1.776726e+03;-1.717623e+00;1.253296e+00;1.669386e-02;-5.521794e-01;3.489774e-01;1.728882e-01;7.473684e-01;7.815790e-01;-3.436324e-03;-7.668305e-05;2.615379e-03;3.359641e-03;2.692062e-03;6.051703e-03;-5.070941e-02;5.826538e-02;1.089748e-01;1.564375e-02;1.207066e-01;1.349086e+01;3.775000e-01;1.870000e+00;3.000000e-02;6.102408e-01;9.868421e-01;8.447368e-01;2.631579e-02;7.894737e-03;5.435356e-01;5.158730e-01;2.082204e-05;-1.757281e+00;1.029062e+00;3.427969e-01;-6.873453e-01;2.418809e-01;4.197431e+02;8.105263e-01;5.421053e-01;-1.510349e+01;-2.091692e+00;1.228544e+01;1.301180e+01;1.437713e+01;2.738893e+01;-1.245231e+02;1.510806e+02;2.756037e+02;4.316577e+01;5.715920e-01;9.204778e+00;3.975000e-01;1.610000e+00;3.000000e-02;5.130728e-01;9.710526e-01;2.710526e-01;2.368421e-02;5.263158e-03;5.145119e-01;4.947090e-01;1.442833e+02;-1.891876e+00;1.545518e+00;-2.703273e-01;-4.383312e-01;3.315541e-01;9.772421e-01;7.184210e-01;1.210526e-01;-7.745848e-02;-1.764476e-03;7.638797e-02;7.569400e-02;7.815245e-02;1.538464e-01;-3.743723e-01;3.791181e-01;7.534903e-01;1.307439e-01;1.897682e-02;5.011170e+00;3.433333e-01;1.540000e+00;3.000000e-02;4.724640e-01;9.842106e-01;6.105263e-01;3.684210e-02;1.315789e-02;5.039578e-01;4.761905e-01;2.228767e-03;-1.639070e+00;1.081445e+00;4.668227e-02;-4.558260e-01;2.528625e-01;9.425007e+05;5.315790e-01;5.421053e-01;-2.945459e+04;-1.614793e+03;2.296434e+04;2.783980e+04;2.457913e+04;5.241893e+04;-3.178750e+05;3.941495e+05;7.120245e+05;9.812319e+04;5.996903e-01;1.073838e+01;3.433333e-01;1.600000e+00;3.000000e-02;4.904873e-01;9.868421e-01;6.631579e-01;3.157895e-02;1.315789e-02;5.778364e-01;5.132275e-01;858962688;-1.816202e+00;1.413821e+00;-1.569543e-01;-4.481513e-01;3.077691e-01;7.441432e+00;5.421053e-01;7.184210e-01;-5.912071e-01;9.460278e-02;6.435999e-01;6.858099e-01;5.489971e-01;1.234807e+00;-2.820180e+00;2.398528e+00;5.218709e+00;1.035614e+00;-5.039894e-01;4.571886e+00;1.910526e-01;6.800000e-01;3.000000e-02;1.685197e-01;9.868421e-01;8.315790e-01;1.342105e-01;1.842105e-02;5.435356e-01;4.735450e-01;1.211401e-01;-1.697228e+00;1.101545e+00;9.997237e-02;-5.411510e-01;2.822412e-01;3.407405e+02;5.552632e-01;7.184210e-01;-1.424666e+01;1.446907e+00;1.477480e+01;1.569357e+01;1.332789e+01;2.902146e+01;-1.295401e+02;1.189987e+02;2.485388e+02;3.982860e+01;-1.726102e-01;7.580842e+00;2.518182e-01;1.810000e+00;3.000000e-02;4.999421e-01;9.500000e-01;2.578947e-01;1.842105e-02;5.263158e-03;5.831134e-01;4.761905e-01;1.499932e+02;-1.764140e+00;1.198976e+00;7.957146e-02;-5.988439e-01;3.365854e-01;7.220504e-02;7.789474e-01;7.500000e-01;-7.647307e-05;5.775618e-06;1.194520e-04;8.224869e-05;1.136763e-04;1.959250e-04;-1.989317e-02;2.325888e-02;4.315205e-02;6.000933e-03;9.693152e-01;1.913095e+01;4.285714e-01;1.880000e+00;3.000000e-02;6.696358e-01;9.684210e-01;5.263158e-02;7.894737e-03;5.263158e-03;4.432718e-01;4.947090e-01;1.016388e-06;-2.484176e+00;2.769626e+00;-1.477648e+00;1.657035e-01;1.454601e-01;2.720286e-01;8.105263e-01;5.421053e-01;-1.355009e-02;-2.044449e-03;1.155572e-02;1.150564e-02;1.360017e-02;2.510581e-02;-8.730668e-02;9.708993e-02;1.843966e-01;3.231262e-02;4.867299e-01;6.468335e+00;2.453846e-01;1.130000e+00;3.000000e-02;3.223380e-01;9.500000e-01;2.131579e-01;2.368421e-02;5.263158e-03;5.145119e-01;5.052910e-01;7.689193e-05;-1.916758e+00;1.560016e+00;-2.733890e-01;-4.510400e-01;3.327881e-01;1.587363e-01;7.500000e-01;7.763158e-01;-1.652678e-04;-1.363300e-05;8.583746e-05;1.516348e-04;9.947045e-05;2.511053e-04;-5.182983e-02;4.937967e-02;1.012095e-01;1.342224e-02;-5.745547e-01;1.870962e+01;3.750000e-01;1.880000e+00;3.000000e-02;6.368870e-01;9.868421e-01;9.078947e-01;2.368421e-02;5.263158e-03;5.725594e-01;5.264550e-01;4.477358e-06;-2.562266e+00;2.994642e+00;-1.742057e+00;3.265200e-01;1.011558e-01;1.104038e+01;4.815789e-01;5.315790e-01;-4.945234e-01;8.666687e-02;6.690742e-01;5.811903e-01;5.824073e-01;1.163598e+00;-4.735631e+00;3.785439e+00;8.521070e+00;1.379187e+00;-8.903940e-01;7.540325e+00;2.120000e-01;1.800000e+00;3.000000e-02;4.377548e-01;9.736842e-01;8.421053e-01;6.315789e-02;1.315789e-02;4.749340e-01;4.656085e-01;1.098819e-01;-1.999665e+00;1.616218e+00;-2.066970e-01;-5.213146e-01;3.312148e-01;1.098454e+01;8.368421e-01;8.105263e-01;-8.428638e-01;-2.141409e-02;9.367876e-01;8.214497e-01;9.582017e-01;1.779651e+00;-5.090055e+00;3.805446e+00;8.895502e+00;1.744275e+00;-6.105852e-01;4.546453e+00;1.113793e-01;6.800000e-01;3.000000e-02;1.314567e-01;9.684210e-01;8.447368e-01;1.868421e-01;3.684210e-02;4.881266e-01;4.894180e-01;2.004413e-01;-1.908335e+00;1.362330e+00;4.608387e-02;-6.974199e-01;3.884261e-01;1.153160e+01;5.105263e-01;4.894737e-01;-1.019244e+00;7.304764e-02;1.089595e+00;1.092291e+00;1.016547e+00;2.108838e+00;-5.305981e+00;4.542045e+00;9.848026e+00;1.885987e+00;-3.883127e-01;3.918496e+00;1.352174e-01;6.500000e-01;3.000000e-02;1.529385e-01;9.578947e-01;6.684210e-01;1.052632e-01;2.105263e-02;5.118734e-01;5.000000e-01;2.545591e-01;-1.890680e+00;1.305748e+00;7.195571e-02;-6.472499e-01;3.144316e-01;2.242645e+01;5.078948e-01;7.473684e-01;-1.114838e+00;4.836154e-02;1.544159e+00;1.163200e+00;1.495798e+00;2.658998e+00;-8.781681e+00;6.181368e+00;1.496305e+01;2.697896e+00;-6.710857e-01;6.768078e+00;2.800000e-01;1.860000e+00;3.000000e-02;5.134907e-01;9.763158e-01;7.315789e-01;3.684210e-02;5.263158e-03;4.749340e-01;5.052910e-01;5.314146e-01;-1.894304e+00;1.345796e+00;-8.398592e-03;-5.578468e-01;2.809151e-01;1.157569e+01;6.657895e-01;7.447369e-01;-1.175675e+00;-1.642140e-02;1.430302e+00;1.159253e+00;1.446724e+00;2.605977e+00;-4.508067e+00;4.791396e+00;9.299462e+00;1.989148e+00;2.933662e-02;3.073822e+00;1.660000e-01;8.300000e-01;3.000000e-02;1.946381e-01;9.315789e-01;5.026316e-01;7.105263e-02;1.315789e-02;5.039578e-01;5.026455e-01;5.569239e-01;-1.594896e+00;9.859242e-01;1.124276e-01;-4.739654e-01;2.452394e-01;1.598217e+01;5.631579e-01;4.552632e-01;-1.126604e+00;2.502963e-01;1.508867e+00;1.376900e+00;1.258570e+00;2.635470e+00;-7.626525e+00;4.720641e+00;1.234717e+01;2.435079e+00;-8.282788e-01;4.714524e+00;1.170968e-01;6.600000e-01;3.000000e-02;1.395891e-01;9.631579e-01;8.315790e-01;1.342105e-01;1.315789e-02;5.118734e-01;4.788360e-01;5.435594e-01;-1.791140e+00;1.268421e+00;6.582850e-02;-6.739637e-01;3.934774e-01;1.511388e+01;6.473684e-01;5.815790e-01;-1.407792e+00;1.096367e-01;1.655764e+00;1.517428e+00;1.546127e+00;3.063556e+00;-7.217212e+00;5.273746e+00;1.249096e+01;2.557317e+00;-4.391297e-01;3.610806e+00;1.230000e-01;9.899999e-01;3.000000e-02;1.884348e-01;9.526316e-01;7.184210e-01;1.289474e-01;2.368421e-02;5.118734e-01;4.947090e-01;6.910200e-01;-1.756761e+00;1.305133e+00;-9.999791e-02;-4.535356e-01;2.916147e-01;1.537667e+01;6.447368e-01;4.815789e-01;-1.597922e+00;-2.203940e-02;1.599469e+00;1.575883e+00;1.621508e+00;3.197391e+00;-4.823362e+00;5.109686e+00;9.933048e+00;2.280898e+00;8.521510e-02;3.199623e+00;3.433333e-01;1.430000e+00;3.000000e-02;4.261194e-01;9.657895e-01;4.842105e-01;4.473684e-02;7.894737e-03;5.118734e-01;4.947090e-01;6.227201e-01;-1.656365e+00;1.052949e+00;2.366903e-01;-6.843565e-01;3.437271e-01;1.326431e+01;6.421053e-01;4.815789e-01;-1.297542e+00;-3.453954e-02;1.252172e+00;1.263002e+00;1.286712e+00;2.549714e+00;-4.759584e+00;4.880437e+00;9.640021e+00;2.065856e+00;2.520303e-01;3.553558e+00;1.770000e-01;1.280000e+00;3.000000e-02;2.754469e-01;8.894737e-01;3.210526e-01;3.421053e-02;5.263158e-03;4.986807e-01;4.841270e-01;5.824742e-01;-1.578375e+00;9.872794e-01;2.330035e-01;-6.531476e-01;3.674814e-01;1.480552e+01;7.394737e-01;6.236842e-01;-1.391760e+00;-2.024790e-02;1.478832e+00;1.371512e+00;1.499079e+00;2.870591e+00;-4.561009e+00;5.430039e+00;9.991049e+00;2.142242e+00;4.255145e-02;3.609213e+00;2.609091e-01;1.850000e+00;3.000000e-02;5.076408e-01;9.710526e-01;5.342105e-01;5.000000e-02;5.263158e-03;4.907652e-01;5.264550e-01;5.818814e-01;-1.643234e+00;1.065272e+00;1.327354e-01;-6.124689e-01;3.510105e-01;1.179641e+01;6.947368e-01;8.605263e-01;-1.633691e+00;-1.578674e-02;1.483889e+00;1.617905e+00;1.499676e+00;3.117580e+00;-5.045459e+00;4.490084e+00;9.535543e+00;2.156580e+00;-3.217878e-02;2.757380e+00;1.695455e-01;7.000000e-01;3.000000e-02;1.953430e-01;9.394737e-01;5.605263e-01;1.026316e-01;1.578947e-02;5.197889e-01;5.105820e-01;5.746953e-01;-1.627738e+00;1.111579e+00;1.463182e-01;-5.919341e-01;3.169990e-01;1.753889e+01;6.500000e-01;6.605263e-01;-1.265743e+00;-5.536000e-02;1.155580e+00;1.210384e+00;1.210940e+00;2.421324e+00;-5.498727e+00;5.092963e+00;1.059169e+01;2.171996e+00;3.602042e-02;5.069035e+00;6.375000e-01;2.290000e+00;3.000000e-02;9.561740e-01;9.868421e-01;5.526316e-01;2.894737e-02;5.263158e-03;4.907652e-01;4.814815e-01;6.712174e-01;-1.574595e+00;1.023003e+00;1.552190e-01;-5.398757e-01;2.823802e-01;1.156961e+01;6.842105e-01;6.105263e-01;-1.209868e+00;6.084435e-02;1.377588e+00;1.270713e+00;1.316744e+00;2.587457e+00;-5.305013e+00;4.620538e+00;9.925550e+00;1.994036e+00;-2.640972e-01;3.285392e+00;1.565000e-01;5.600000e-01;3.000000e-02;1.630115e-01;9.342105e-01;5.473684e-01;6.842105e-02;1.315789e-02;4.986807e-01;5.052910e-01;4.856992e-01;-1.660966e+00;1.237912e+00;-5.073643e-02;-4.376394e-01;2.807840e-01;9.861259e+00;8.210526e-01;8.105263e-01;-9.005257e-01;-3.079905e-02;9.270060e-01;8.697267e-01;9.578050e-01;1.827532e+00;-3.884458e+00;3.696244e+00;7.580702e+00;1.552167e+00;1.101115e-01;3.185496e+00;2.430769e-01;1.320000e+00;3.000000e-02;3.387848e-01;9.447368e-01;4.736842e-01;6.052632e-02;7.894737e-03;4.828496e-01;4.761905e-01;4.158286e-01;-1.459673e+00;9.553906e-01;1.932866e-01;-5.706292e-01;3.189393e-01;1.295949e+02;9.964911e-01;1.295949e+02;1.300506e+02;3.815941e+01;7.700000e-01;2.300000e-01;1.337644e-03;4.553986e-01;7.977751e-02;-1.756361e-04;1.872561e-02;1.713951e-01;6.264828e-02;4.982819e-01;1.188852e+02;1.310617e+02;1.371537e+02;1.217652e+01;6.091919e+00;1.826844e+01;1.100700e+02;1.475960e+02;3.752594e+01;1.087834e+01;1.587505e-01;1.900945e+00;7.300000e-01;5.500000e-01;2.300000e-01;1.900000e-01;5.858586e-01;4.795918e-01;2.976064e+02;-9.960667e-01;9.777223e-03;4.149081e-04;-1.250954e-03;-4.119419e-03;6.748426e-01;9.967600e-01;6.748426e-01;6.771246e-01;2.487524e-01;6.791444e-01;8.155080e-01;4.684399e-04;3.479413e-01;4.730206e-02;-8.961959e-06;3.811251e-03;1.406870e-01;3.857225e-02;5.040447e-01;6.380724e-01;6.553903e-01;7.055009e-01;1.731795e-02;5.011058e-02;6.742853e-02;5.817166e-01;8.087713e-01;2.270547e-01;5.554471e-02;9.313096e-01;2.976138e+00;8.609626e-01;2.780749e-01;1.390374e-01;5.882353e-02;5.174263e-01;4.865592e-01;2.404237e-03;-1.037678e+00;2.865263e-02;1.919348e-02;1.677615e-04;-7.608959e-03;2.291698e-02;5.972456e-01;2.291698e-02;3.945070e-02;1.837001e-01;8.064516e-01;6.881720e-01;-2.211952e-04;1.285753e-01;3.052180e-02;6.497329e-05;-6.198738e-03;2.192347e-01;2.876842e-02;4.808839e-01;6.809045e-03;1.248769e-02;2.496926e-02;5.678647e-03;1.248156e-02;1.816021e-02;1.879850e-03;1.682836e-01;1.664038e-01;3.211183e-02;3.466608e+00;1.585629e+01;9.677419e-02;4.301075e-02;3.225806e-02;2.150538e-02;4.130435e-01;5.164835e-01;6.152398e-04;-8.339912e-01;3.508854e-02;1.693368e-01;-7.807240e-02;-8.132431e-02;2.211012e-02;5.029564e-01;2.211012e-02;4.631106e-02;2.809222e-01;8.089887e-01;8.988764e-02;5.677191e-05;7.115882e-02;2.098006e-02;3.926645e-05;-3.398676e-03;1.212628e-01;2.044296e-02;4.997311e-01;4.629747e-03;1.190314e-02;2.207898e-02;7.273389e-03;1.017584e-02;1.744923e-02;1.943052e-03;2.323518e-01;2.304087e-01;4.069222e-02;4.624204e+00;2.648365e+01;5.617978e-02;2.247191e-02;2.247191e-02;1.123596e-02;4.886364e-01;5.862069e-01;1.077822e-03;-8.387282e-01;3.048472e-01;-1.337191e-01;4.171603e-02;-7.161143e-02;2.099698e-01;7.776621e-01;2.099698e-01;2.610031e-01;7.612697e-01;8.181818e-01;6.262626e-01;-2.418300e-04;2.441172e-01;4.142591e-02;1.222456e-04;-1.222190e-02;4.377950e-01;3.345491e-02;4.877168e-01;9.417406e-02;1.595169e-01;2.890916e-01;6.534280e-02;1.295748e-01;1.949176e-01;3.824160e-02;7.173394e-01;6.790978e-01;1.550332e-01;1.436683e+00;4.980566e+00;3.636364e-01;1.010101e-01;2.020202e-02;1.010101e-02;4.693878e-01;4.948454e-01;8.782414e-03;-1.133610e+00;1.371857e-01;3.436422e-01;-2.899781e-01;1.363417e-02;-7.053793e+01;7.244413e-01;1.064735e+01;8.516685e+01;1.172369e+02;6.906667e-01;0;1.121123e-03;4.165363e-02;1.509946e-01;-1.748612e-05;7.660932e-03;-3.649045e-01;1.174036e-01;4.543695e-01;-100;-100;-2.674804e+01;0;7.325197e+01;7.325197e+01;-100;1.565842e+01;1.156584e+02;4.772624e+01;1.061393e+00;2.191128e+00;2.880000e-01;2.666667e-01;2.453333e-01;2.293333e-01;1.577540e-01;1.447721e-01;1.116914e+02;-1.379669e+00;2.958031e-01;2.093521e-01;-1.406819e-01;2.822349e-02;9.381603e-04;4.860522e-01;3.083684e-03;4.692421e-03;2.839069e-02;2.391304e-01;3.043478e-01;-6.584594e-04;4.799334e-01;2.591984e-02;-7.646152e-05;6.299539e-03;3.755634e-01;2.359438e-02;3.985323e-01;-6.744399e-04;6.645915e-04;2.484809e-03;1.339031e-03;1.820218e-03;3.159249e-03;-1.181259e-02;1.530747e-02;2.712006e-02;4.597681e-03;4.979090e-01;5.760425e+00;9.347826e-01;2.608696e-01;5.434782e-02;3.260870e-02;4.945055e-01;5.000000e-01;2.097011e-06;-1.626589e+00;1.040115e+00;-4.443690e-01;3.171792e-01;-9.300446e-02;1.243329e-05;2.735890e-01;9.310688e-05;2.185637e-04;2.835097e-03;0;2.666667e-02;-6.722518e-05;4.416208e-01;5.871009e-03;8.382178e-07;-3.807186e-04;4.611096e-01;5.793821e-03;1.763204e-01;-2.187258e-05;2.944948e-07;2.642079e-05;2.216707e-05;2.612629e-05;4.829336e-05;-6.335643e-04;9.547126e-04;1.588277e-03;2.182098e-04;1.796248e+00;2.809440e+01;9.866667e-01;3.466666e-02;1.600000e-02;5.333333e-03;4.866310e-01;5.147453e-01;1.129952e-08;-1.192064e+00;4.298028e-01;7.993480e-02;-8.128797e-02;9.949064e-02;-7.728031e-06;3.966416e-01;5.861046e-06;2.428974e-05;1.313718e-04;2.117647e-01;8.235294e-01;5.220948e-04;7.691831e-01;3.056089e-02;-8.137186e-05;7.357331e-03;6.746290e-01;2.864200e-02;4.479386e-01;-7.838260e-06;-1.899423e-06;2.411883e-06;5.938837e-06;4.311305e-06;1.025014e-05;-1.105962e-04;1.538489e-05;1.259811e-04;2.302757e-05;-2.836406e+00;1.185448e+01;9.647059e-01;9.411765e-01;8.117647e-01;1.647059e-01;5.119048e-01;4.337350e-01;2.620826e-10;-8.877715e-01;1.396651e-01;2.935213e-01;-2.130706e-01;8.488589e-03;-6.099345e-06;3.541415e-01;7.161358e-06;2.750174e-05;2.114512e-04;2.962963e-01;8.271605e-01;-7.553461e-04;8.276378e-01;1.577214e-02;-2.359798e-05;1.132492e-03;8.027813e-01;1.563907e-02;5.367767e-01;-6.206928e-06;-2.837251e-07;3.687041e-06;5.923203e-06;3.970766e-06;9.893969e-06;-1.355945e-04;2.874150e-05;1.643360e-04;2.681685e-05;-4.168610e+00;2.453239e+01;9.753087e-01;9.753087e-01;8.518519e-01;3.703704e-02;5.375000e-01;4.430380e-01;2.771043e-10;-1.126347e+00;6.419581e-01;-2.205643e-01;1.228413e-01;-5.967733e-02;-2.265006e-05;5.516047e-01;8.896127e-05;1.389261e-04;8.318633e-04;3.406594e-01;1.098901e-02;6.826347e-04;4.550228e-01;2.682807e-02;-2.595841e-05;3.018891e-03;4.203684e-01;2.657151e-02;4.162807e-01;-7.735772e-05;-1.546891e-05;3.778137e-05;6.188881e-05;5.325028e-05;1.151391e-04;-3.647906e-04;3.358508e-04;7.006413e-04;1.370672e-04;-7.716966e-02;4.537815e+00;8.901099e-01;4.615385e-01;4.395605e-02;2.197802e-02;5.333334e-01;4.943820e-01;6.872095e-09;-1.077233e+00;5.589088e-01;9.596326e-02;-2.398811e-01;2.183989e-01;2.821914e-03;2.558594e-01;3.323416e-02;5.328386e-02;3.246335e-01;1.612903e-02;7.258064e-02;-8.189666e-04;5.564966e-01;2.600553e-02;8.827895e-06;-1.904798e-03;5.785751e-01;2.590321e-02;3.048160e-01;-4.301579e-03;-2.519030e-04;4.771425e-03;4.049676e-03;5.023329e-03;9.073004e-03;-1.505531e-01;1.615813e-01;3.121344e-01;5.320909e-02;3.223114e-01;5.694111e+00;9.516129e-01;4.596774e-01;8.064516e-02;3.225806e-02;4.552846e-01;5.163934e-01;1.414717e-04;-1.838102e+00;1.196309e+00;3.240645e-02;-3.544773e-01;1.817447e-01;2.652520e-01;2.400000e-01;5.600000e-01;5.000000e-02;1.919635e-01;2.466497e-01;7.692535e-01;3.251113e-01;3.337500e-01;2.342708e-01;8.560922e-01;8.668127e-01;5.885506e-01;3.419009e-01;2.386180e+00;3.088646e-01;3.583343e+00;2.245386e+00;3.212854e+00;2.125909e+00;5.734700e-02;4.646807e-02;4.207610e-02;-8.221542e-02;3.672991e-01;-1.477686e-01;3.440979e-02;5.710096e-01;1.102567e+00;9.327310e-01;1.194277e+00;3.611111e-01;2.940794e-01;1.826316e+00;7.733870e-01;1.922361e+00;8.197939e-01;1.743532e+00;2.149364e-01;1.100740e+01;9.558743e+00;1.059523e+01;4.530277e+00;-1.563346e-02;3.140678e-01;3.748278e-02;-4.513793e-02;1.545366e-01;2.074280e-01;3.517197e-02;4.881301e-01;1.604760e-02;5.667855e-01;2.521632e-02;2.216666e-01;1.374874e-01;7.698046e-02;8.549789e-01;5.390797e-02;3.786037e-02;3.359255e+00;4.124865e-01;3.731408e-01;2.262081e-01;2.778181e-01;1.811348e-01;5.629722e-02;3.947539e-02;4.289534e-02;-8.799047e-02;3.880213e-01;-1.684050e-01;3.411421e-02;5.981742e-01;6.228230e-02;9.466698e-01;6.574586e-02;2.047059e-01;1.089602e-01;7.916667e-02;7.169812e-01;8.643904e-02;2.415675e-02;1.387859e+00;5.251573e-01;4.431971e-01;2.989241e-01;4.162023e-01;2.293451e-01;2.644171e-02;2.878084e-01;3.553887e-02;2.623879e-02;-7.247851e-02;3.497984e-01;3.475802e-02;5.134434e-01;1.340706e-01;9.676647e-01;1.384844e-01;1.730000e-01;1.106571e-01;1.485420e-01;7.198392e-01;1.681421e-01;3.407152e-02;1.254131e+00;4.559661e-01;9.707543e-01;5.467768e-01;8.142508e-01;4.083816e-01;-2.883780e-02;4.288860e-01;2.726138e-02;-3.859514e-02;1.166659e-01;3.377036e-01;2.557194e-02;4.846959e-01;2.813608e-01;9.666967e-01;2.905301e-01;1.768421e-01;1.041440e-01;3.575373e-01;7.814372e-01;3.587928e-01;7.743201e-02;1.275205e+00;4.946994e-01;2.056093e+00;1.746948e+00;1.840895e+00;8.967370e-01;-1.992293e-02;4.227362e-01;2.457661e-02;-4.463514e-02;1.483516e-01;3.172841e-01;2.231700e-02;4.884720e-01;4.448537e-01;9.475291e-01;4.702356e-01;2.041176e-01;1.266469e-01;5.996811e-01;6.784311e-01;6.205633e-01;1.757096e-01;1.394983e+00;3.507893e-01;3.831780e+00;3.373859e+00;3.514950e+00;2.175522e+00;-2.141352e-02;3.438900e-01;2.918151e-02;-4.998086e-02;1.670143e-01;2.258085e-01;2.634825e-02;4.852746e-01;5.953742e-01;9.375558e-01;6.397045e-01;2.000000e-01;1.503953e-01;1.243675e+00;8.274127e-01;8.712519e-01;2.758778e-01;1.463369e+00;2.667898e-01;6.512957e+00;5.570269e+00;5.048793e+00;4.018799e+00;-1.969410e-02;2.962562e-01;2.377222e-02;-5.017779e-02;1.694762e-01;1.777095e-01;2.091658e-02;4.830156e-01;7.447184e-01;9.026390e-01;8.475060e-01;3.020000e-01;2.875274e-01;2.023633e+00;8.112519e-01;1.414075e+00;6.693569e-01;1.898805e+00;1.589334e-01;1.023495e+01;9.449103e+00;8.250751e+00;5.303545e+00;-7.668873e-03;2.156810e-01;2.623223e-02;-4.270051e-02;1.533120e-01;1.147996e-01;2.416425e-02;4.905859e-01;9.167633e-01;8.372799e-01;1.143383e+00;4.600000e-01;3.094234e-01;3.490176e+00;8.683523e-01;2.349028e+00;1.432265e+00;2.562306e+00;1.604544e-01;1.433884e+01;1.245676e+01;1.164090e+01;6.895933e+00;-9.959526e-04;1.731076e-01;2.889845e-02;-4.442934e-02;1.665027e-01;6.814178e-02;2.665963e-02;4.973018e-01;1.057036e+00;8.098882e-01;1.388336e+00;4.180000e-01;2.398750e-01;5.426442e+00;8.903873e-01;3.400397e+00;2.343361e+00;3.216917e+00;1.168364e-01;1.539276e+01;1.216077e+01;1.497928e+01;7.279101e+00;7.630251e-04;1.311500e-01;2.181123e-02;-3.581760e-02;1.357954e-01;4.652968e-02;2.035620e-02;5.000630e-01;1.094524e+00;8.461872e-01;1.345089e+00;4.100000e-01;2.197271e-01;3.883721e+00;8.117262e-01;3.064213e+00;1.969689e+00;2.799585e+00;1.915051e-01;1.126914e+01;9.672206e+00;2.056050e+01;1.096130e+01;4.785877e-03;1.638713e-01;2.667596e-02;-3.937951e-02;1.532466e-01;7.083585e-02;2.491714e-02;5.052672e-01;1.182937e+00;8.445841e-01;1.483916e+00;5.383333e-01;3.661094e-01;5.064100e+00;8.613813e-01;3.036247e+00;1.853310e+00;2.566702e+00;1.336651e-01;1.709303e+01;2.178945e+01;1.627421e+01;1.409528e+01;-1.510584e-03;1.541290e-01;2.322044e-02;-3.250945e-02;1.210500e-01;7.732438e-02;2.202177e-02;4.963124e-01;1.276778e+00;8.394968e-01;1.560752e+00;3.611111e-01;2.639234e-01;3.998188e+00;8.416651e-01;3.086214e+00;1.809436e+00;2.417189e+00;6.527424e-01;2.178801e+01;1.771042e+01;1.392012e+01;8.209564e+00;-5.243167e-03;2.150259e-01;3.567570e-02;-4.317336e-02;1.575204e-01;1.130274e-01;3.356167e-02;4.925324e-01;1.330367e+00;8.470219e-01;1.613703e+00;2.400000e-01;1.612452e-01;3.910479e+00;8.287998e-01;2.807221e+00;1.476854e+00;2.110111e+00;5.986420e-01;2.024200e+01;1.529510e+01;1.581128e+01;8.609253e+00;-8.993958e-03;2.259876e-01;3.737424e-02;-4.235525e-02;1.506853e-01;1.259220e-01;3.533957e-02;4.886295e-01;1.305884e+00;9.032675e-01;1.459080e+00;2.683333e-01;2.476501e-01;2.900005e+00;8.299109e-01;2.269845e+00;9.639601e-01;1.738166e+00;1.965200e-01;1.612713e+01;1.077255e+01;1.428259e+01;8.069388e+00;-1.784496e-02;2.949646e-01;3.431065e-02;-3.329303e-02;1.076698e-01;2.163087e-01;3.305350e-02;4.836360e-01;1.361907e+00;9.082968e-01;1.520864e+00;2.223077e-01;1.360560e-01;3.809123e+00;8.638105e-01;2.447674e+00;1.085766e+00;1.797239e+00;1.790283e-01;1.669561e+01;1.276814e+01;1.583875e+01;1.142069e+01;-1.298380e-02;2.270268e-01;2.336474e-02;-2.103554e-02;6.632020e-02;1.773296e-01;2.286288e-02;4.854348e-01;1.412159e+00;9.167659e-01;1.565681e+00;3.245454e-01;2.391479e-01;4.050685e+00;8.451350e-01;2.762645e+00;1.350486e+00;1.956327e+00;2.261855e-01;2.011230e+01;1.510084e+01;1.722630e+01;1.259864e+01;-1.272420e-02;1.979199e-01;1.970783e-02;-1.977933e-02;6.184386e-02;1.511906e-01;1.926412e-02;4.850736e-01;1.444154e+00;9.286935e-01;1.565344e+00;2.708333e-01;1.835699e-01;2.218288e+00;7.302322e-01;2.508704e+00;1.064551e+00;1.737145e+00;3.969515e-01;1.557679e+01;1.103402e+01;1.677671e+01;1.151859e+01;-2.309086e-02;3.437350e-01;3.888798e-02;-3.461491e-02;1.074073e-01;2.619562e-01;3.752902e-02;4.833773e-01;1.523937e+00;9.190537e-01;1.682709e+00;3.250000e-01;2.317865e-01;3.074592e+00;7.921995e-01;2.621891e+00;1.097954e+00;1.720472e+00;1.540533e-01;1.552593e+01;1.076622e+01;1.402017e+01;8.683176e+00;-2.103346e-02;2.898676e-01;3.327340e-02;-2.788393e-02;8.408895e-02;2.239909e-01;3.239156e-02;4.818038e-01;1.567927e+00;9.139780e-01;1.739146e+00;3.622222e-01;2.710952e-01;3.672675e+00;7.965560e-01;2.974821e+00;1.406894e+00;1.897296e+00;1.816023e-01;1.646348e+01;1.434054e+01;1.659544e+01;7.002587e+00;-1.443378e-02;2.630131e-01;2.638765e-02;-2.731446e-02;8.854174e-02;1.984818e-01;2.554147e-02;4.853074e-01;1.630975e+00;8.999490e-01;1.846340e+00;3.612500e-01;2.920536e-01;4.630474e+00;8.250360e-01;3.609813e+00;1.978839e+00;2.213286e+00;2.418947e-01;2.123962e+01;1.665816e+01;2.208140e+01;1.274883e+01;-1.430272e-02;2.196669e-01;2.353113e-02;-2.741991e-02;8.907034e-02;1.548865e-01;2.267840e-02;4.831737e-01;1.640343e+00;8.972281e-01;1.858692e+00;3.588889e-01;2.528480e-01;4.215097e+00;8.123285e-01;3.444265e+00;1.803922e+00;2.099723e+00;2.970176e-01;2.322247e+01;1.705361e+01;1.867436e+01;6.538761e+00;-1.886937e-02;2.639303e-01;2.795192e-02;-2.533698e-02;7.665106e-02;2.040708e-01;2.722383e-02;4.798751e-01;1.538864e+00;9.415744e-01;1.650203e+00;3.222222e-01;2.937581e-01;2.915241e+00;7.607309e-01;2.857265e+00;1.318401e+00;1.856737e+00;3.629104e-01;1.942317e+01;1.377583e+01;1.536223e+01;6.471543e+00;-1.690107e-02;2.808634e-01;2.383821e-02;-2.004063e-02;5.865210e-02;2.335167e-01;2.338270e-02;4.854196e-01;1.456142e+00;9.410224e-01;1.555449e+00;2.600000e-01;1.843909e-01;2.249320e+00;7.635146e-01;2.260117e+00;8.039752e-01;1.552127e+00;2.208044e-01;1.500250e+01;1.253722e+01;1.197992e+01;6.680400e+00;-1.705466e-02;3.125391e-01;3.411308e-02;-3.286587e-02;1.068496e-01;2.348924e-01;3.288799e-02;4.878085e-01;1.308575e+00;9.496218e-01;1.381710e+00;2.350000e-01;1.787156e-01;1.656562e+00;7.825690e-01;1.907946e+00;5.993712e-01;1.458033e+00;8.075981e-01;1.100623e+01;8.218945e+00;1.035963e+01;5.470366e+00;-1.970574e-02;3.772123e-01;4.344657e-02;-4.046945e-02;1.328641e-01;2.816018e-01;4.158905e-02;4.886360e-01;1.113347e+00;9.677059e-01;1.153733e+00;2.220000e-01;1.613774e-01;1.269184e+00;6.976320e-01;1.537832e+00;4.244853e-01;1.381270e+00;5.577490e-01;8.235948e+00;6.109637e+00;7.597483e+00;5.498333e+00;-1.443108e-02;3.294639e-01;2.741525e-02;-2.968637e-02;9.748654e-02;2.593288e-01;2.641573e-02;4.912492e-01;9.216709e-01;9.790608e-01;9.429963e-01;2.314286e-01;1.677036e-01;8.813285e-01;7.091944e-01;1.247338e+00;3.256675e-01;1.353345e+00;4.628466e-01;6.394105e+00;4.946644e+00;5.945692e+00;4.682090e+00;-2.155037e-02;3.389525e-01;2.519563e-02;-2.510929e-02;7.311165e-02;2.796309e-01;2.448056e-02;4.895244e-01;7.633848e-01;9.694773e-01;7.898316e-01;2.675000e-01;1.749941e-01;7.636953e-01;6.806707e-01;1.122735e+00;3.593500e-01;1.470732e+00;5.482177e-01;5.984080e+00;5.324412e+00;6.396430e+00;4.363154e+00;-2.149714e-02;3.686541e-01;3.208137e-02;-2.854387e-02;8.611324e-02;3.012182e-01;3.115730e-02;4.887249e-01;6.186955e-01;9.659105e-01;6.424006e-01;3.009091e-01;2.759896e-01;6.377144e-01;6.694624e-01;9.242687e-01;3.055732e-01;1.493899e+00;5.654052e-01;5.224775e+00;3.339921e+00;5.315640e+00;2.586838e+00;-1.413568e-02;3.463139e-01;3.270716e-02;-3.195289e-02;1.063267e-01;2.708241e-01;3.154918e-02;4.918216e-01;4.934582e-02;6.604544e-02;1.189813e-01;1.471429e-01;9.662679e-02;3.882320e-01;8.397473e-01;3.346808e-01;2.853350e-01;6.782353e+00;7.379066e-01;3.249163e+00;2.178656e+00;3.218422e+00;2.209127e+00;4.869819e-02;1.444964e-02;5.201646e-02;-7.125860e-02;3.173431e-01;-1.539012e-01;4.625737e-02;6.423957e-01;3.559050e-03;4.656287e-02;1.255755e-02;3.433333e-01;2.040152e-01;9.264704e-02;8.159610e-01;5.683576e-02;5.327671e-02;1.316714e+01;5.416949e-03;3.222845e-01;3.402392e-01;1.960243e-01;3.702857e-02;1.845041e-02;-3.525727e-03;1.084380e-02;-1.431147e-02;7.240465e-02;-3.733705e-02;1.061150e-02;6.840909e-01;1.726466e+02;8.783490e-01;2.013867e+02;3.200000e-01;2.291883e-01;4.375000e+02;8.235294e-01;2.751736e+02;1.025270e+02;1.593855e+00;1.568627e-01;2.401051e+03;1.359766e+03;1.221927e+03;1.256661e+03;4.825248e-02;1.163789e-01;3.531687e-02;-5.117799e-02;2.411935e-01;-4.530845e-03;3.234626e-02;5.454473e-01;2.535273e+02;8.992599e-01;2.885508e+02;3.270000e-01;2.571011e-01;7.395833e+02;8.554217e-01;4.640151e+02;2.104878e+02;1.830237e+00;1.566265e-01;5.057749e+03;5.781776e+03;2.317216e+03;1.286559e+03;4.099417e-02;9.548051e-02;2.339748e-02;-3.629921e-02;1.778422e-01;9.722408e-03;2.190305e-02;5.427136e-01;3.669808e+02;8.955616e-01;4.254419e+02;5.360000e-01;3.579944e-01;1.281250e+03;7.987013e-01;9.097222e+02;5.427414e+02;2.478937e+00;1.818182e-01;8.028227e+03;1.427331e+04;2.516515e+03;1.232743e+03;3.142626e-02;5.913917e-02;1.682621e-02;-2.135073e-02;1.119185e-01;8.697359e-03;1.630920e-02;5.419492e-01;5.923170e+02;8.421990e-01;7.401063e+02;2.910000e-01;2.575053e-01;2.302083e+03;8.339623e-01;1.695076e+03;1.102759e+03;2.861771e+00;6.905661e-01;2.849282e+04;2.497006e+04;2.099801e+04;2.354887e+04;8.296949e-03;1.159166e-01;2.576063e-02;-2.257734e-03;1.680861e-02;1.105826e-01;2.575484e-02;5.108572e-01;7.954290e-02;6.748111e-01;1.155417e-01;1.666667e-01;1.060922e-01;4.326634e-01;8.593755e-01;2.516717e-01;1.721288e-01;3.163975e+00;5.317205e-01;2.235749e+00;1.798606e+00;2.387859e+00;1.667009e+00;4.360917e-02;5.664032e-02;2.544182e-02;-6.474696e-02;2.877052e-01;-9.632654e-02;2.068717e-02;5.856235e-01;3.504880e+02;9.226179e-01;3.851144e+02;2.200000e-01;1.476934e-01;8.145682e+02;8.337938e-01;5.974449e+02;2.469569e+02;1.704609e+00;1.789952e-01;6.122918e+03;7.029850e+03;3.991430e+03;2.542710e+03;2.819126e-02;1.393348e-01;2.574150e-02;-1.302861e-02;7.730912e-02;1.085543e-01;2.554898e-02;5.234297e-01;3.695951e+00;9.917747e-01;3.727583e+00;1.210000e-01;7.453635e-02;2.129947e+00;7.408196e-01;4.090018e+00;3.940663e-01;1.106621e+00;4.925792e-01;1.687639e+01;9.227600e+00;1.365370e+01;5.918018e+00;2.251435e-02;3.523757e-01;2.780272e-02;1.041865e-02;-1.676396e-02;3.769901e-01;2.767960e-02;5.041942e-01;3.260603e+05;6.439660e-01;4.647155e+05;1.905263e-01;1.635064e-01;1.561963e+06;8.389874e-01;817464;4.914037e+05;2.507094e+00;2.474820e-01;10592941;12522361;9207809;5973234;-1.499734e-02;1.936479e-01;3.136655e-02;3.972002e-02;-1.647418e-01;2.874877e-01;2.957718e-02;4.717037e-01;9.705182e+00;9.078595e-01;1.053081e+01;1.151613e-01;6.224636e-02;1.557667e+01;7.741479e-01;1.344576e+01;3.740578e+00;1.385421e+00;7.385036e-01;1.087284e+02;5.815748e+01;1.262823e+02;6.590977e+01;-1.113719e-02;4.096519e-01;4.111966e-02;-2.658930e-02;8.910448e-02;3.468338e-01;4.031781e-02;4.914040e-01;1.670129e+02;7.053334e-01;2.291476e+02;1.964706e-01;1.577239e-01;8.387938e+02;8.681552e-01;3.942079e+02;2.271950e+02;2.360344e+00;4.813086e-01;4.592649e+03;3.857515e+03;4.736613e+03;2.838397e+03;1.002602e-02;1.454788e-01;2.624906e-02;-4.400001e-02;1.759061e-01;4.152731e-02;2.405330e-02;5.169475e-01;-1.386705e-02;1.310810e-01;3.196817e-02;3.340000e-01;2.805922e-01;9.617507e-02;5.304847e-01;-2.341749e-02;-9.550442e-03;1.688715e+00;7.087265e-01;6.717436e-01;4.633349e-01;1.026484e+00;7.301952e-01;-3.576105e-02;9.917576e-01;2.371939e-02;4.696509e-02;-2.128195e-01;1.102714e+00;2.121772e-02;6.459503e-01;3.355442e-01;9.377055e-01;3.606220e-01;1.938889e-01;1.314743e-01;5.885421e-01;8.401196e-01;4.838862e-01;1.483420e-01;1.442094e+00;2.661826e-01;4.271342e+00;4.043816e+00;2.831198e+00;1.728481e+00;4.429783e-02;1.500858e-01;3.323735e-02;-2.987612e-02;1.569308e-01;7.950244e-02;3.222501e-02;5.278097e-01;2.703004e-02;8.606559e-02;6.643523e-02;1.716667e-01;1.207500e-01;2.974615e-01;7.946261e-01;2.177409e-01;1.907108e-01;8.055513e+00;4.611717e-01;1.977984e+00;1.619789e+00;1.896794e+00;1.128444e+00;3.496457e-02;5.929715e-03;2.482694e-02;-4.417726e-02;2.015128e-01;-9.844054e-02;2.261345e-02;6.512078e-01;2.382697e+01;9.587863e-01;2.481770e+01;1.917647e-01;1.186662e-01;2.495798e+01;7.652487e-01;2.799274e+01;4.165775e+00;1.174834e+00;7.157062e-01;1.277445e+02;7.688211e+01;1.710732e+02;1.942420e+02;5.915589e-02;3.463365e-01;4.114152e-02;-8.777915e-02;3.900833e-01;1.389553e-01;3.240251e-02;5.241833e-01;1.812860e+01;8.256165e-01;1.982685e+01;1.665000e-01;9.308464e-02;2.000411e+01;5.265465e-01;2.422261e+01;6.094006e+00;1.336154e+00;7.526969e-01;1.821690e+02;9.333600e+01;1.815142e+02;1.094212e+02;-4.656581e-02;6.866233e-01;4.207703e-02;3.074666e-02;-1.624807e-01;7.592633e-01;4.100483e-02;4.699932e-01;1.019539e+01;8.359244e-01;1.426882e+01;2.575000e-01;1.711785e-01;2.887036e+01;4.496241e-01;2.201511e+01;1.181972e+01;2.159320e+00;7.696900e-01;1.991454e+02;1.141645e+02;1.950562e+02;1.091193e+02;-4.451405e-02;5.853363e-01;2.181121e-02;5.278838e-03;-6.441527e-02;5.978077e-01;2.177960e-02;4.624546e-01;-2.618047e-01;6.185998e-01;1.462955e+01;2.990909e-01;1.700073e-01;5.289964e+01;6.254346e-01;1.080249e+01;1.106430e+01;-1.733373e+01;6.274480e-01;1.962695e+02;1.115863e+02;2.738809e+02;1.925873e+02;-3.863626e-02;6.894290e-01;2.813014e-02;3.242420e-02;-1.608755e-01;7.660322e-01;2.693775e-02;5.625332e-01;-1.091310e+00;6.139176e-01;8.475697e+00;1.190000e-01;7.352776e-02;3.391230e+01;7.547954e-01;6.579849e+00;7.671160e+00;-6.029311e+00;7.305341e-01;2.663049e+02;1.122032e+02;2.258069e+02;1.366170e+02;-1.870475e-02;5.549757e-01;3.458071e-02;5.981385e-02;-2.442030e-01;6.962879e-01;3.052298e-02;5.548533e-01;7.157996e-01;5.495337e-01;9.873918e+00;1.604348e-01;9.038878e-02;2.825642e+01;4.663209e-01;9.414865e+00;8.699065e+00;1.204644e+01;7.089319e-01;2.536024e+02;1.073472e+02;2.893006e+02;2.184739e+02;5.482235e-03;5.447194e-01;2.637772e-02;9.175994e-03;-2.911126e-02;5.663980e-01;2.628223e-02;5.719037e-01;-7.466192e+00;6.583848e-01;1.207016e+01;1.329630e-01;7.645704e-02;4.189127e+01;8.440075e-01;3.899176e-01;7.856110e+00;-5.222443e-02;6.340239e-01;3.058984e+02;1.147632e+02;3.091301e+02;1.690747e+02;-5.822741e-03;5.931991e-01;3.647041e-02;3.464763e-02;-1.364443e-01;6.750553e-01;3.510888e-02;5.320378e-01;-2.175271e+00;5.859070e-01;8.727402e+00;1.134375e-01;7.158160e-02;3.737099e+01;6.923502e-01;5.280910e+00;7.456181e+00;-2.427703e+00;7.954118e-01;3.122437e+02;1.308893e+02;3.252350e+02;1.617486e+02;-1.670714e-02;6.008984e-01;2.418638e-02;2.698880e-02;-1.184549e-01;6.646603e-01;2.336025e-02;5.568761e-01;-2.848773e+00;6.715083e-01;8.302736e+00;1.094118e-01;6.098386e-02;2.247165e+01;5.303737e-01;3.164590e+00;6.013363e+00;-1.110861e+00;7.783412e-01;2.710052e+02;1.300782e+02;2.715908e+02;1.443573e+02;-4.053389e-03;5.580245e-01;3.386017e-02;2.062079e-02;-8.179379e-02;6.067418e-01;3.337790e-02;5.204290e-01;-2.529268e+00;6.705335e-01;9.294097e+00;1.137500e-01;6.885787e-02;3.511475e+01;6.960214e-01;4.036087e+00;6.565354e+00;-1.595753e+00;7.341791e-01;3.064719e+02;1.348652e+02;2.699073e+02;1.092709e+02;9.731869e-03;4.623192e-01;3.131142e-02;-4.201307e-02;1.681211e-01;3.630619e-01;2.930949e-02;5.170287e-01;-2.622349e+00;6.810338e-01;7.855993e+00;9.500000e-02;5.280301e-02;3.113131e+01;7.534294e-01;4.006017e+00;6.628366e+00;-1.527645e+00;6.256801e-01;2.967785e+02;1.297875e+02;3.035454e+02;1.426854e+02;-2.549318e-02;5.646991e-01;3.134702e-02;-3.085718e-02;9.083838e-02;4.917980e-01;3.026710e-02;5.550091e-01;-1.880593e+00;6.266018e-01;7.632809e+00;1.380769e-01;8.768978e-02;4.088830e+01;7.505574e-01;4.592383e+00;6.472977e+00;-2.441987e+00;3.989658e-01;3.077648e+02;2.064195e+02;2.326890e+02;1.275222e+02;3.782944e-03;3.766090e-01;1.842210e-02;-2.008459e-03;1.135483e-02;3.718640e-01;1.841752e-02;5.446507e-01;-6.696126e+00;6.097485e-01;1.017513e+01;1.044118e-01;6.184099e-02;2.290655e+01;5.680226e-01;-5.100474e-01;6.186079e+00;7.617052e-02;7.541525e-01;2.684639e+02;1.005993e+02;3.041899e+02;1.480018e+02;-2.964654e-02;7.088088e-01;3.504575e-02;5.828695e-02;-2.493883e-01;8.465136e-01;3.119255e-02;5.489334e-01;-2.282276e+00;6.754447e-01;5.107860e+00;8.021739e-02;4.808476e-02;1.518880e+01;5.253255e-01;2.364458e+00;4.646734e+00;-1.036009e+00;6.793818e-01;2.845133e+02;1.383049e+02;2.325157e+02;1.033306e+02;-9.321922e-03;5.583900e-01;2.487527e-02;7.939483e-03;-3.925377e-02;5.771473e-01;2.480378e-02;5.170541e-01;2.636186e-01;2.138490e-02;3.351713e-02;1.700000e-01;7.628892e-02;1.631013e-01;5.151293e-01;6.556211e-02;6.556351e-02;-20;4.052731e-01;1.211230e+00;7.043241e-01;1.634000e+00;6.582499e-01;3.927257e-01;6.587061e-02;1.052944e-01;2.627273e-01;3.074609e-01;4.000726e-01;5.102609e-01;2.199317e-01;2.201411e-01;-1.999993e+01;3.705813e-01;3.262495e+00;2.101905e+00;6.437677e+00;3.651089e+00;2.857051e-01;1.659320e-03;3.019262e-03;1.687500e-01;8.802520e-02;1.561196e-02;4.721889e-01;6.545588e-03;6.546727e-03;-20;4.573610e-01;1.446889e-01;8.016942e-02;2.337835e-01;1.807852e-01;6.383772e-01;3.612196e-03;4.880502e-03;1.695238e-01;8.610757e-02;1.510417e-02;4.677420e-01;6.549874e-03;6.497329e-03;1.960384e+01;4.752688e-01;1.385923e-01;6.065356e-02;1.951479e-01;1.249331e-01;6.003991e-01;6.870491e-03;8.977845e-03;1.100000e-01;5.997311e-02;3.305965e-02;5.300342e-01;1.092257e-02;1.100533e-02;-1.965273e+01;4.441891e-01;4.164200e-01;2.551759e-01;4.470304e-01;2.987900e-01;6.526926e-01;1.386851e-02;1.841232e-02;1.081250e-01;6.438106e-02;9.788299e-02;7.326158e-01;2.184494e-02;2.200003e-02;-1.970253e+01;4.235839e-01;9.114771e-01;5.037473e-01;8.463979e-01;5.179200e-01;5.682757e-01;2.651820e-02;3.607678e-02;1.260714e-01;7.572018e-02;1.823706e-01;6.515292e-01;4.607490e-02;4.618118e-02;-1.999214e+01;4.148386e-01;1.477042e+00;9.329682e-01;1.636560e+00;1.222772e+00;5.625948e-01;4.066313e-02;5.854587e-02;1.560870e-01;8.439824e-02;2.234840e-01;4.651133e-01;7.829978e-02;7.831332e-02;-20;4.479145e-01;1.985891e+00;1.562009e+00;2.609319e+00;2.204460e+00;4.238216e-01;5.906679e-02;9.854527e-02;2.476923e-01;1.645758e-01;5.161015e-01;6.021335e-01;1.666376e-01;1.665673e-01;20;3.167332e-01;2.543072e+00;2.871507e+00;5.478633e+00;4.771198e+00;3.972712e-01;8.376511e-02;1.560835e-01;2.977778e-01;1.901818e-01;7.661767e-01;5.471631e-01;3.240070e-01;3.242844e-01;-1.999996e+01;3.841955e-01;4.730208e+00;4.378251e+00;8.794908e+00;5.852800e+00;3.621856e-01;9.812698e-02;2.148102e-01;2.257143e-01;1.397666e-01;1.292502e+00;5.577485e-01;4.534413e-01;4.539917e-01;-1.999967e+01;4.521453e-01;6.680305e+00;5.151818e+00;1.620936e+01;1.294214e+01;4.108723e-01;9.179191e-02;1.729272e-01;3.516667e-01;2.285036e-01;7.974088e-01;4.637881e-01;4.293079e-01;4.299498e-01;-1.999897e+01;4.373817e-01;5.228031e+00;4.830865e+00;1.167354e+01;8.567208e+00;4.019524e-01;9.979283e-02;1.976241e-01;4.466667e-01;3.551682e-01;9.940655e-01;4.849594e-01;4.178276e-01;4.182362e-01;-1.999991e+01;3.981747e-01;4.466145e+00;4.202670e+00;1.098210e+01;7.715561e+00;4.300125e-01;1.199929e-01;2.093939e-01;2.061538e-01;1.211508e-01;8.757777e-01;5.380597e-01;3.383297e-01;3.383069e-01;20;3.824323e-01;6.214164e+00;5.388172e+00;1.284493e+01;1.077975e+01;4.195349e-01;1.376044e-01;2.212677e-01;2.215385e-01;1.478004e-01;8.204073e-01;4.812573e-01;3.729557e-01;3.729594e-01;-20;4.016139e-01;6.093566e+00;4.203701e+00;1.337286e+01;8.639612e+00;4.959585e-01;1.104785e-01;1.594528e-01;1.931250e-01;1.087590e-01;5.711530e-01;5.191810e-01;2.594821e-01;2.600894e-01;-1.999165e+01;5.279790e-01;5.064588e+00;2.484943e+00;6.928623e+00;5.166709e+00;4.663633e-01;1.154892e-01;1.887830e-01;2.215385e-01;1.905551e-01;9.969018e-01;5.483880e-01;3.354623e-01;3.359338e-01;-1.999926e+01;3.639658e-01;5.198205e+00;3.151775e+00;1.207232e+01;9.067076e+00;4.440080e-01;1.180817e-01;1.940831e-01;2.954545e-01;3.117373e-01;1.066625e+00;5.244795e-01;4.014178e-01;4.015734e-01;-20;3.769016e-01;5.333188e+00;3.635821e+00;1.455041e+01;9.823531e+00;4.798583e-01;1.079898e-01;1.603539e-01;1.630000e-01;8.510581e-02;6.133556e-01;5.474401e-01;2.148073e-01;2.151527e-01;-1.999851e+01;4.239823e-01;4.590274e+00;3.399491e+00;7.811562e+00;5.722928e+00;5.055886e-01;1.013938e-01;1.676820e-01;2.307143e-01;1.520489e-01;6.162359e-01;4.449099e-01;2.679040e-01;2.683218e-01;-1.999872e+01;4.599434e-01;5.546466e+00;4.156800e+00;7.660638e+00;6.555811e+00;4.542441e-01;1.164582e-01;1.830263e-01;2.314286e-01;1.589346e-01;9.115139e-01;6.229123e-01;3.270553e-01;3.271357e-01;-20;3.220500e-01;5.473433e+00;4.776519e+00;1.124135e+01;8.396199e+00;4.013792e-01;1.397861e-01;2.227168e-01;2.223077e-01;2.903303e-01;1.095956e+00;5.692975e-01;4.176751e-01;4.176917e-01;-20;3.910663e-01;8.151428e+00;5.126596e+00;1.449259e+01;1.054478e+01;4.045283e-01;1.331725e-01;2.112375e-01;2.064286e-01;1.675895e-01;1.038997e+00;6.267554e-01;3.626287e-01;3.630379e-01;-1.999979e+01;3.326805e-01;6.875398e+00;4.551142e+00;1.324810e+01;9.175349e+00;4.140279e-01;1.005381e-01;1.597145e-01;2.080000e-01;1.088118e-01;6.894742e-01;5.395039e-01;2.678042e-01;2.681731e-01;-1.999933e+01;3.902604e-01;5.116644e+00;4.655598e+00;8.914454e+00;8.149195e+00;4.602688e-01;8.960678e-02;1.373513e-01;2.080000e-01;1.618106e-01;5.094957e-01;5.089225e-01;2.324922e-01;2.329593e-01;-1.999570e+01;4.033093e-01;4.386877e+00;3.300488e+00;6.770995e+00;5.530684e+00;4.925335e-01;7.623024e-02;1.093661e-01;1.720000e-01;9.016652e-02;3.443277e-01;4.659099e-01;1.569802e-01;1.572065e-01;-1.999915e+01;5.355437e-01;3.529386e+00;2.484555e+00;4.658779e+00;3.778635e+00;5.103944e-01;5.346717e-02;8.169404e-02;1.670000e-01;8.966047e-02;2.544407e-01;4.450628e-01;1.179103e-01;1.177056e-01;1.999782e+01;4.555633e-01;2.667022e+00;1.891732e+00;3.761520e+00;3.406729e+00;4.753598e-01;3.712841e-02;5.945367e-02;1.716667e-01;9.069178e-02;2.108908e-01;4.935222e-01;8.782154e-02;8.783766e-02;-20;4.172195e-01;2.024086e+00;1.483748e+00;3.175915e+00;3.040843e+00;4.711147e-01;3.538799e-02;5.878752e-02;2.193333e-01;1.643587e-01;1.870794e-01;4.541682e-01;9.636979e-02;9.639555e-02;-20;4.719077e-01;1.986183e+00;1.718688e+00;3.502138e+00;2.807498e+00;4.788348e-01;2.912636e-02;4.586457e-02;1.941176e-01;1.199466e-01;1.590379e-01;5.018588e-01;7.214139e-02;7.203508e-02;1.999905e+01;4.917862e-01;1.825585e+00;1.481545e+00;2.207113e+00;1.876286e+00;4.800251e-02;9.197185e-03;2.097544e-02;1.537500e-01;8.917153e-02;1.108149e-01;4.939317e-01;4.615931e-02;4.616105e-02;-20;4.397600e-01;1.186941e+00;8.964721e-01;2.037618e+00;1.006506e+00;1.979325e-02;1.221749e-03;3.500616e-03;1.875000e-01;8.926785e-02;2.259237e-02;4.311131e-01;1.043501e-02;1.043499e-02;20;5.505480e-01;2.096036e-01;2.033973e-01;3.808559e-01;4.241000e-01;3.850405e-01;1.633358e+01;2.307742e+01;1.826316e-01;1.101799e-01;9.895833e+01;4.726368e-01;3.119792e+01;3.130873e+01;-1.995963e+01;4.427860e-01;8.894323e+02;8.052931e+02;1.062674e+03;9.008386e+02;5.219469e-01;2.286086e+01;3.440135e+01;2.186667e-01;1.314281e-01;2.031250e+02;5.431755e-01;5.787760e+01;5.803828e+01;-1.998345e+01;3.732591e-01;1.384253e+03;1.119886e+03;2.089120e+03;2.816386e+03;4.759253e-01;3.033495e+01;5.566819e+01;3.666667e-01;3.364796e-01;3.177083e+02;5.126051e-01;1.315625e+02;1.316567e+02;-1.999999e+01;3.815126e-01;1.760371e+03;1.483844e+03;5.245278e+03;6.611986e+03;3.760872e-01;7.087362e+01;1.317000e+02;3.000000e-01;2.659289e-01;6.239584e+02;4.456846e-01;2.482639e+02;2.482307e+02;20;4.672619e-01;6.675566e+03;8.552145e+03;8.386487e+03;8.533938e+03;3.590254e-01;8.367592e-03;1.572203e-02;1.064286e-01;6.473257e-02;7.259188e-02;4.198776e-01;2.764956e-02;2.762304e-02;1.999992e+01;4.901480e-01;9.059143e-01;6.186821e-01;1.375020e+00;8.360465e-01;5.050090e-01;2.868479e+01;4.337382e+01;1.941176e-01;1.830924e-01;1.974064e+02;4.703029e-01;7.593793e+01;7.590058e+01;20;4.290780e-01;1.869631e+03;1.551002e+03;2.812139e+03;2.711571e+03;5.974988e-01;9.684278e-02;1.309178e-01;1.031429e-01;6.044123e-02;4.250307e-01;4.349287e-01;1.609027e-01;1.599811e-01;1.982798e+01;5.277049e-01;6.711826e+00;2.869088e+00;6.475042e+00;3.789119e+00;4.204791e-01;5.813154e+04;9.857289e+04;2.193750e-01;1.657405e-01;3.970591e+05;4.212826e-01;1.745763e+05;1.739180e+05;1.995067e+01;4.727592e-01;3.547392e+06;3.644507e+06;6.992754e+06;5660608;6.642889e-01;7.573992e-01;1.037618e+00;1.112500e-01;6.184658e-02;2.819895e+00;3.789452e-01;1.140247e+00;1.149451e+00;-1.959826e+01;5.821151e-01;4.914367e+01;3.056265e+01;5.830684e+01;2.703690e+01;5.144663e-01;2.437700e+01;3.995492e+01;1.388000e-01;1.192376e-01;1.766144e+02;5.183253e-01;4.815951e+01;4.836953e+01;-1.992155e+01;4.212137e-01;1.702129e+03;1.125291e+03;2.581351e+03;1.900229e+03;8.553969e-02;2.298829e-03;6.032766e-03;1.700000e-01;1.284523e-01;3.837874e-02;5.315244e-01;1.487045e-02;1.487015e-02;20;4.169730e-01;6.395519e-01;3.836472e-01;3.158649e-01;2.536025e-01;5.297924e-01;2.254784e-02;3.245856e-02;1.671428e-01;8.671635e-02;1.359003e-01;4.995811e-01;5.125024e-02;5.127144e-02;-20;4.175113e-01;1.246566e+00;1.008709e+00;1.821040e+00;1.487087e+00;5.771437e-02;5.747086e-03;1.349344e-02;1.728572e-01;1.047251e-01;7.099080e-02;4.472246e-01;3.309538e-02;3.309609e-02;-20;4.596082e-01;8.219877e-01;7.623394e-01;1.636715e+00;1.244519e+00;5.513779e-01;8.509863e-01;1.386192e+00;1.292593e-01;7.871220e-02;5.235118e+00;4.741790e-01;1.382085e+00;1.389040e+00;-1.987995e+01;5.598673e-01;6.408434e+01;6.222881e+01;5.335979e+01;4.495372e+01;5.974746e-01;1.267781e+00;1.751480e+00;1.078788e-01;6.245365e-02;4.394126e+00;4.000281e-01;1.751726e+00;1.763423e+00;-1.974403e+01;7.065467e-01;7.256708e+01;3.434124e+01;7.344724e+01;3.634351e+01;5.909261e-01;1.339295e+00;1.895082e+00;9.324324e-02;5.283421e-02;5.062482e+00;4.390095e-01;1.912711e+00;1.918071e+00;-1.998285e+01;6.458689e-01;7.997625e+01;3.381144e+01;8.704490e+01;3.587362e+01;6.094167e-01;1.880167e+00;2.707217e+00;1.277778e-01;8.084431e-02;9.153084e+00;4.081378e-01;3.147918e+00;3.135414e+00;1.994155e+01;5.999369e-01;1.244008e+02;7.884605e+01;1.065312e+02;8.351816e+01;6.262877e-01;1.598753e+00;1.987938e+00;9.864865e-02;5.471956e-02;5.709213e+00;4.932073e-01;2.213042e+00;2.197464e+00;1.970864e+01;5.137697e-01;1.030673e+02;3.366750e+01;1.032864e+02;5.584041e+01;6.129234e-01;1.660047e+00;2.446213e+00;9.205128e-02;5.076729e-02;5.972914e+00;3.737235e-01;2.486063e+00;2.471092e+00;1.980352e+01;6.552878e-01;1.201876e+02;5.168195e+01;1.282769e+02;6.805885e+01;6.015990e-01;1.847623e+00;2.560880e+00;1.013889e-01;5.286470e-02;8.069508e+00;5.339139e-01;2.813418e+00;2.795278e+00;1.976561e+01;6.773466e-01;1.260594e+02;7.242445e+01;1.444967e+02;7.231465e+01;6.463178e-01;1.881107e+00;2.280862e+00;8.925000e-02;4.850967e-02;8.539223e+00;5.553362e-01;2.647492e+00;2.637994e+00;1.995824e+01;5.865275e-01;1.284246e+02;5.307984e+01;1.315452e+02;5.274617e+01;6.114569e-01;1.618140e+00;2.073968e+00;8.950000e-02;4.865696e-02;7.828847e+00;5.902190e-01;2.367359e+00;2.361534e+00;1.998973e+01;4.423382e-01;1.123522e+02;5.891620e+01;1.117370e+02;5.229562e+01;6.533575e-01;1.737411e+00;2.151507e+00;1.011111e-01;5.510372e-02;7.011065e+00;4.735438e-01;2.569675e+00;2.547243e+00;1.952196e+01;5.077639e-01;1.191928e+02;6.309016e+01;1.119545e+02;4.922980e+01;6.740193e-01;1.744866e+00;2.165972e+00;8.902439e-02;4.851084e-02;6.246368e+00;5.295142e-01;2.622615e+00;2.627795e+00;-1.999601e+01;6.973642e-01;1.297061e+02;5.418257e+01;1.334097e+02;5.861864e+01;5.963251e-01;1.652243e+00;2.166278e+00;9.124999e-02;5.395310e-02;8.529838e+00;4.863386e-01;2.517786e+00;2.520010e+00;-1.999995e+01;6.463735e-01;1.304915e+02;6.906982e+01;1.116736e+02;7.263957e+01;6.582837e-01;1.530558e+00;1.999726e+00;8.452381e-02;4.736659e-02;5.325852e+00;4.603310e-01;2.304822e+00;2.306906e+00;-1.999995e+01;5.327002e-01;1.244230e+02;6.201078e+01;1.162889e+02;5.380858e+01;6.472952e-01;1.251019e+00;1.555468e+00;8.181818e-02;4.626773e-02;5.632275e+00;5.711517e-01;1.989328e+00;1.979256e+00;1.987783e+01;4.650687e-01;1.009578e+02;5.073021e+01;1.023993e+02;4.351370e+01
