LLD_0,LLD_1,LLD_2,LLD_3,LLD_4,LLD_5,LLD_6,LLD_7,LLD_8,LLD_9,LLD_10,LLD_11,LLD_12,LLD_13,LLD_14,LLD_15,LLD_16,LLD_17,LLD_18,LLD_19,LLD_20,LLD_21,LLD_22,LLD_23,LLD_24,LLD_25,LLD_26,LLD_27,LLD_28,LLD_29,LLD_30,LLD_31,LLD_32,LLD_33,LLD_34,LLD_35,LLD_36,LLD_37,LLD_38,LLD_39,LLD_40,LLD_41,LLD_42,LLD_43,LLD_44,LLD_45,LLD_46,LLD_47,LLD_48,LLD_49,LLD_50,LLD_51,LLD_52,LLD_53,LLD_54,LLD_55,LLD_56,LLD_57,LLD_58,LLD_59,LLD_60,LLD_61,LLD_62,LLD_63,LLD_64
0.0,0.0008971039205789566,0.5310962796211243,0.3348416,0.0,0.1140584945678711,0.21537061035633087,0.33174389600753784,0.056673772633075714,0.05295041,0.1098577,0.09897716343402863,0.6695836,0.479361,0.09806840866804123,0.8498289,4.884601,0.2133333,0.62,0.05,0.1651935,0.7058824,0.1131222,0.0361991,0.022259723395109177,0.5136364,0.5000048875808716,0.00098208,-1.5763980150222778,0.1021853,0.1192458,0.001038488,-6.715453e-05,0.8300949,0.3348416,0.7647059,0.9747317,1.002654790878296,1.182587,0.07531792,0.20417866110801697,0.33413273096084595,0.7501915,1.536376,0.786185,0.1790157,0.2957678,6.94814395904541,0.1683333,0.74,0.03,0.21519878506660461,0.45617660880088806,0.2760181,0.05429864,0.01357466,0.4136364,0.5322276949882507,0.01067741,-1.114504,0.04085067,0.04874419,-0.022339969873428345,-0.002701922,0.07288998
0.0,0.001102249138057232,0.0042426083236932755,0.0,0.0,0.0008122238796204329,0.0002799229696393013,-0.0002904767170548439,0.001421986147761345,0.0,0.0,0.0001906510442495346,0.0,0.0,-0.0021982849575579166,0.0,0.0,0.0,0.0,0.0,0.0,0.0,0.0,0.0,0.0008618375286459923,0.0,0.0005023516714572906,0.0,0.003509875852614641,0.0,0.0,0.0,0.0,0.0,0.0,0.0,0.0,-0.000507080927491188,0.0,0.0,0.00012042373418807983,0.0011926349252462387,0.0,0.0,0.0,0.0,0.0,0.02925015240907669,0.0,0.0,0.0,-0.0008787096012383699,-0.0005569746717810631,0.0,0.0,0.0,0.0,4.9937982112169266e-05,0.0,0.0,0.0,0.0,4.361942410469055e-05,0.0,0.0
0.0,0.0011392789892852306,0.0021669771522283554,0.0,0.0,0.00032185367308557034,0.00024308194406330585,-0.00035989750176668167,0.0012191049754619598,0.0,0.0,0.0001097600907087326,0.0,0.0,-0.0015534423291683197,0.0,0.0,0.0,0.0,0.0,0.0,0.0,0.0,0.0,0.0010120589286088943,0.0,1.78460031747818e-05,0.0,0.0005830666050314903,0.0,0.0,0.0,0.0,0.0,0.0,0.0,0.0,-0.0004206746816635132,0.0,0.0,9.201467037200928e-06,4.19076532125473e-05,0.0,0.0,0.0,0.0,0.0,0.0407247319817543,0.0,0.0,0.0,9.47567168623209e-05,-0.0019273594953119755,0.0,0.0,0.0,0.0,2.5645364075899124e-05,0.0,0.0,0.0,0.0,-0.0004956088960170746,0.0,0.0
0.0,0.001214579213410616,0.000894816592335701,0.0,0.0,0.0001732294913381338,4.7182897105813026e-05,-0.0002969382330775261,0.0008609239012002945,0.0,0.0,0.00026478804647922516,0.0,0.0,-0.0008913343772292137,0.0,0.0,0.0,0.0,0.0,0.0,0.0,0.0,0.0,0.0006768815219402313,0.0,8.064694702625275e-05,0.0,-2.7441419661045074e-05,0.0,0.0,0.0,0.0,0.0,0.0,0.0,0.0,-0.00029088743031024933,0.0,0.0,0.00014344323426485062,0.00017949752509593964,0.0,0.0,0.0,0.0,0.0,0.03800997883081436,0.0,0.0,0.0,0.00010796054266393185,-0.0011418405920267105,0.0,0.0,0.0,0.0,0.00021283375099301338,0.0,0.0,0.0,0.0,-0.00043937191367149353,0.0,0.0
0.0,0.0012487559579312801,0.0006872676312923431,0.0,0.0,0.00029531284235417843,2.514803782105446e-05,-0.0001896033063530922,0.0003431197255849838,0.0,0.0,0.00026177428662776947,0.0,0.0,-0.00037712324410676956,0.0,0.0,0.0,0.0,0.0,0.0,0.0,0.0,0.0,0.00021612178534269333,0.0,-0.0003760196268558502,0.0,-0.00011289771646261215,0.0,0.0,0.0,0.0,0.0,0.0,0.0,0.0,2.8271228075027466e-05,0.0,0.0,3.971252590417862e-05,0.0003858208656311035,0.0,0.0,0.0,0.0,0.0,0.03509301692247391,0.0,0.0,0.0,-7.248856127262115e-05,-0.00015656743198633194,0.0,0.0,0.0,0.0,-0.00017426954582333565,0.0,0.0,0.0,0.0,-0.0003100614994764328,0.0,0.0
0.0,0.0012449710629880428,0.0006680749356746674,0.0,0.0,0.00016589299775660038,-7.391907274723053e-06,-0.0001580873504281044,9.56077128648758e-05,0.0,0.0,0.00012109614908695221,0.0,0.0,-0.0001123351976275444,0.0,0.0,0.0,0.0,0.0,0.0,0.0,0.0,0.0,-0.00014834385365247726,0.0,-0.00032499246299266815,0.0,6.623659282922745e-05,0.0,0.0,0.0,0.0,0.0,0.0,0.0,0.0,2.9942020773887634e-05,0.0,0.0,4.7110021114349365e-05,0.0003647375851869583,0.0,0.0,0.0,0.0,0.0,0.029325760900974274,0.0,0.0,0.0,-4.125572741031647e-05,-0.00022893864661455154,0.0,0.0,0.0,0.0,-0.0001330026425421238,0.0,0.0,0.0,0.0,-0.00010555610060691833,0.0,0.0
0.0,0.0012300708331167698,0.0006224196404218674,0.0,0.0,0.00015221512876451015,-1.7780112102627754e-05,-0.00016001425683498383,3.176741302013397e-05,0.0,0.0,6.495602428913116e-05,0.0,0.0,-2.127978950738907e-05,0.0,0.0,0.0,0.0,0.0,0.0,0.0,0.0,0.0,-0.0003767898306250572,0.0,-0.0002279188483953476,0.0,0.000208304263651371,0.0,0.0,0.0,0.0,0.0,0.0,0.0,0.0,6.465241312980652e-06,0.0,0.0,-9.509501978754997e-05,0.0002571139484643936,0.0,0.0,0.0,0.0,0.0,0.02410004287958145,0.0,0.0,0.0,-4.37186099588871e-06,-0.00011149048805236816,0.0,0.0,0.0,0.0,-5.8238860219717026e-05,0.0,0.0,0.0,0.0,-7.644668221473694e-05,0.0,0.0
0.0,0.0012197052128612995,0.0005842801183462143,0.0,0.0,0.00016196584329009056,-2.07582488656044e-05,-0.00017177965492010117,1.839175820350647e-05,0.0,0.0,6.61257654428482e-05,0.0,0.0,-4.9425289034843445e-06,0.0,0.0,0.0,0.0,0.0,0.0,0.0,0.0,0.0,-0.0005028434097766876,0.0,-0.00016727671027183533,0.0,0.00030149705708026886,0.0,0.0,0.0,0.0,0.0,0.0,0.0,0.0,9.620562195777893e-06,0.0,0.0,-0.00012966804206371307,0.0002825595438480377,0.0,0.0,0.0,0.0,0.0,0.02026284486055374,0.0,0.0,0.0,1.34957954287529e-05,-0.00011096801608800888,0.0,0.0,0.0,0.0,-2.0899344235658646e-05,0.0,0.0,0.0,0.0,-6.450340151786804e-05,0.0,0.0
0.0,0.0012170551344752312,0.000567147508263588,0.0,0.0,0.00016205618157982826,-2.429378218948841e-05,-0.00018151570111513138,1.1414289474487305e-05,0.0,0.0,8.20700079202652e-05,0.0,0.0,-6.138347089290619e-06,0.0,0.0,0.0,0.0,0.0,0.0,0.0,0.0,0.0,-0.0005678432062268257,0.0,-0.0001225098967552185,0.0,0.0003793332725763321,0.0,0.0,0.0,0.0,0.0,0.0,0.0,0.0,1.8922612071037292e-05,0.0,0.0,-0.0001010596752166748,0.000339604914188385,0.0,0.0,0.0,0.0,0.0,0.017844505608081818,0.0,0.0,0.0,1.8483493477106094e-05,-0.00018681585788726807,0.0,0.0,0.0,0.0,-1.8174760043621063e-06,0.0,0.0,0.0,0.0,-5.805864930152893e-05,0.0,0.0
0.0,0.0012196660973131657,0.0005597341805696487,0.0,0.0,0.00015779049135744572,-2.8354348614811897e-05,-0.00018597673624753952,5.329027771949768e-06,0.0,0.0,9.597279131412506e-05,0.0,0.0,-4.981644451618195e-06,0.0,0.0,0.0,0.0,0.0,0.0,0.0,0.0,0.0,-0.000600879080593586,0.0,-8.729659020900726e-05,0.0,0.0004359818994998932,0.0,0.0,0.0,0.0,0.0,0.0,0.0,0.0,1.9101426005363464e-05,0.0,0.0,-7.304921746253967e-05,0.00036968477070331573,0.0,0.0,0.0,0.0,0.0,0.01649586111307144,0.0,0.0,0.0,1.767883077263832e-05,-0.00023733079433441162,0.0,0.0,0.0,0.0,7.895287126302719e-06,0.0,0.0,0.0,0.0,-5.313195288181305e-05,0.0,0.0
0.0,0.0012242896482348442,0.0005539283156394958,0.0,0.0,0.00015292130410671234,-3.168918192386627e-05,-0.0001864451915025711,2.2351741790771484e-07,0.0,0.0,0.00010442174971103668,0.0,0.0,5.103647708892822e-07,0.0,0.0,0.0,0.0,0.0,0.0,0.0,0.0,0.0,-0.0006184559315443039,0.0,-5.9233978390693665e-05,0.0,0.000460759736597538,0.0,0.0,0.0,0.0,0.0,0.0,0.0,0.0,6.774440407752991e-06,0.0,0.0,-5.868729203939438e-05,0.0003752727061510086,0.0,0.0,0.0,0.0,0.0,0.0158141627907753,0.0,0.0,0.0,1.5508383512496948e-05,-0.0002602832391858101,0.0,0.0,0.0,0.0,1.406809315085411e-05,0.0,0.0,0.0,0.0,-4.970282316207886e-05,0.0,0.0
0.0,0.0012287367135286331,0.000548025593161583,0.0,0.0,0.00014853151515126228,-3.3793505281209946e-05,-0.00018507055938243866,-4.244968295097351e-06,0.0,0.0,0.00010842829942703247,0.0,0.0,7.511116564273834e-06,0.0,0.0,0.0,0.0,0.0,0.0,0.0,0.0,0.0,-0.0006287954747676849,0.0,-3.72081995010376e-05,0.0,0.00045558158308267593,0.0,0.0,0.0,0.0,0.0,0.0,0.0,0.0,-1.3718381524085999e-05,0.0,0.0,-5.3043942898511887e-05,0.00037104450166225433,0.0,0.0,0.0,0.0,0.0,0.01548440009355545,0.0,0.0,0.0,1.3504410162568092e-05,-0.0002717399038374424,0.0,0.0,0.0,0.0,1.9466038793325424e-05,0.0,0.0,0.0,0.0,-4.7184526920318604e-05,0.0,0.0
0.0,0.0012320410460233688,0.0005425009876489639,0.0,0.0,0.0001449908595532179,-3.476114943623543e-05,-0.00018331315368413925,-8.171424269676208e-06,0.0,0.0,0.0001097116619348526,0.0,0.0,1.361500471830368e-05,0.0,0.0,0.0,0.0,0.0,0.0,0.0,0.0,0.0,-0.0006356285884976387,0.0,-2.0721927285194397e-05,0.0,0.00043079908937215805,0.0,0.0,0.0,0.0,0.0,0.0,0.0,0.0,-3.60589474439621e-05,0.0,0.0,-5.096523091197014e-05,0.0003651585429906845,0.0,0.0,0.0,0.0,0.0,0.015306062996387482,0.0,0.0,0.0,1.2012198567390442e-05,-0.00027838535606861115,0.0,0.0,0.0,0.0,2.4615321308374405e-05,0.0,0.0,0.0,0.0,-4.542060196399689e-05,0.0,0.0
0.0,0.0012340573593974113,0.0005378294736146927,0.0,0.0,0.00014235335402190685,-3.490690141916275e-05,-0.00018181372433900833,-1.1371448636054993e-05,0.0,0.0,0.00010961294174194336,0.0,0.0,1.789908856153488e-05,0.0,0.0,0.0,0.0,0.0,0.0,0.0,0.0,0.0,-0.000640559010207653,0.0,-9.085983037948608e-06,0.0,0.00039780326187610626,0.0,0.0,0.0,0.0,0.0,0.0,0.0,0.0,-5.552731454372406e-05,0.0,0.0,-5.02229668200016e-05,0.0003600846976041794,0.0,0.0,0.0,0.0,0.0,0.015172220766544342,0.0,0.0,0.0,1.101987436413765e-05,-0.0002823173999786377,0.0,0.0,0.0,0.0,2.9262620955705643e-05,0.0,0.0,0.0,0.0,-4.425458610057831e-05,0.0,0.0
0.0,0.0012350166216492653,0.0005341805517673492,0.0,0.0,0.00014052260667085648,-3.460072912275791e-05,-0.00018073245882987976,-1.3750046491622925e-05,0.0,0.0,0.00010893680155277252,0.0,0.0,2.040807157754898e-05,0.0,0.0,0.0,0.0,0.0,0.0,0.0,0.0,0.0,-0.0006442666053771973,0.0,-1.3764947652816772e-06,0.0,0.0003650141879916191,0.0,0.0,0.0,0.0,0.0,0.0,0.0,0.0,-6.996281445026398e-05,0.0,0.0,-5.011074244976044e-05,0.0003562476485967636,0.0,0.0,0.0,0.0,0.0,0.015039660036563873,0.0,0.0,0.0,1.0419171303510666e-05,-0.00028462987393140793,0.0,0.0,0.0,0.0,3.3142510801553726e-05,0.0,0.0,0.0,0.0,-4.353374242782593e-05,0.0,0.0
0.0,0.0012352685444056988,0.0005315151065587997,0.0,0.0,0.00013931328430771828,-3.410619683563709e-05,-0.00018002744764089584,-1.5387311577796936e-05,0.0,0.0,0.0001081228256225586,0.0,0.0,2.161320298910141e-05,0.0,0.0,0.0,0.0,0.0,0.0,0.0,0.0,0.0,-0.0006470801308751106,0.0,3.4030526876449585e-06,0.0,0.00033708009868860245,0.0,0.0,0.0,0.0,0.0,0.0,0.0,0.0,-7.920153439044952e-05,0.0,0.0,-5.029607564210892e-05,0.00035357289016246796,0.0,0.0,0.0,0.0,0.0,0.014897145330905914,0.0,0.0,0.0,1.0095303878188133e-05,-0.0002860613167285919,0.0,0.0,0.0,0.0,3.615347668528557e-05,0.0,0.0,0.0,0.0,-4.312768578529358e-05,0.0,0.0
0.0,0.0012351158075034618,0.0005296710878610611,0.0,0.0,0.00013856031000614166,-3.3589545637369156e-05,-0.00017958786338567734,-1.6437843441963196e-05,0.0,0.0,0.00010735541582107544,0.0,0.0,2.201925963163376e-05,0.0,0.0,0.0,0.0,0.0,0.0,0.0,0.0,0.0,-0.0006491886451840401,0.0,6.15045428276062e-06,0.0,0.000315631739795208,0.0,0.0,0.0,0.0,0.0,0.0,0.0,0.0,-8.422881364822388e-05,0.0,0.0,-5.05596399307251e-05,0.0003518369048833847,0.0,0.0,0.0,0.0,0.0,0.014749802649021149,0.0,0.0,0.0,9.934185072779655e-06,-0.00028700754046440125,0.0,0.0,0.0,0.0,3.834208473563194e-05,0.0,0.0,0.0,0.0,-4.290230572223663e-05,0.0,0.0
0.0,0.0012347828596830368,0.0005284640938043594,0.0,0.0,0.00013810954988002777,-3.313319757580757e-05,-0.00017932243645191193,-1.7074868083000183e-05,0.0,0.0,0.00010671280324459076,0.0,0.0,2.2008083760738373e-05,0.0,0.0,0.0,0.0,0.0,0.0,0.0,0.0,0.0,-0.0006507430225610733,0.0,7.586553692817688e-06,0.0,0.0003004269674420357,0.0,0.0,0.0,0.0,0.0,0.0,0.0,0.0,-8.633919060230255e-05,0.0,0.0,-5.079619586467743e-05,0.0003507714718580246,0.0,0.0,0.0,0.0,0.0,0.01460418850183487,0.0,0.0,0.0,9.86526720225811e-06,-0.0002876557409763336,0.0,0.0,0.0,0.0,3.986014053225517e-05,0.0,0.0,0.0,0.0,-4.280358552932739e-05,0.0,0.0
0.0,0.001234397292137146,0.0005277115851640701,0.0,0.0,0.0001378520391881466,-3.2757408916950226e-05,-0.00017916318029165268,-1.743994653224945e-05,0.0,0.0,0.00010620057582855225,0.0,0.0,2.180691808462143e-05,0.0,0.0,0.0,0.0,0.0,0.0,0.0,0.0,0.0,-0.000651865266263485,0.0,8.229166269302368e-06,0.0,0.00029035378247499466,0.0,0.0,0.0,0.0,0.0,0.0,0.0,0.0,-8.674152195453644e-05,0.0,0.0,-5.0974078476428986e-05,0.00035013817250728607,0.0,0.0,0.0,0.0,0.0,0.014466799795627594,0.0,0.0,0.0,9.842682629823685e-06,-0.00028810417279601097,0.0,0.0,0.0,0.0,4.086317494511604e-05,0.0,0.0,0.0,0.0,-4.276260733604431e-05,0.0,0.0
0.0,0.0012340424582362175,0.0005272757261991501,0.0,0.0,0.00013770302757620811,-3.2464275136590004e-05,-0.00017906725406646729,-1.76355242729187e-05,0.0,0.0,0.00010581500828266144,0.0,0.0,2.1581538021564484e-05,0.0,0.0,0.0,0.0,0.0,0.0,0.0,0.0,0.0,-0.0006526624783873558,0.0,8.430331945419312e-06,0.0,0.0002840859815478325,0.0,0.0,0.0,0.0,0.0,0.0,0.0,0.0,-8.630938827991486e-05,0.0,0.0,-5.109328776597977e-05,0.00034977681934833527,0.0,0.0,0.0,0.0,0.0,0.014340497553348541,0.0,0.0,0.0,9.840819984674454e-06,-0.0002884138375520706,0.0,0.0,0.0,0.0,4.15104441344738e-05,0.0,0.0,0.0,0.0,-4.2743980884552e-05,0.0,0.0
0.0,0.0012337439693510532,0.0005270224064588547,0.0,0.0,0.0001376213040202856,-3.225565887987614e-05,-0.00017901044338941574,-1.7726793885231018e-05,0.0,0.0,0.00010553374886512756,0.0,0.0,2.138223499059677e-05,0.0,0.0,0.0,0.0,0.0,0.0,0.0,0.0,0.0,-0.0006532175466418266,0.0,8.406117558479309e-06,0.0,0.0002804175019264221,0.0,0.0,0.0,0.0,0.0,0.0,0.0,0.0,-8.559226989746094e-05,0.0,0.0,-5.117477849125862e-05,0.00034957192838191986,0.0,0.0,0.0,0.0,0.0,0.014225699007511139,0.0,0.0,0.0,9.846407920122147e-06,-0.0002886243164539337,0.0,0.0,0.0,0.0,4.191650077700615e-05,0.0,0.0,0.0,0.0,-4.2747706174850464e-05,0.0,0.0
0.0,0.001233512070029974,0.0005268938839435577,0.0,0.0,0.00013757986016571522,-3.21089755743742e-05,-0.0001789713278412819,-1.7764046788215637e-05,0.0,0.0,0.00010532885789871216,0.0,0.0,2.1220184862613678e-05,0.0,0.0,0.0,0.0,0.0,0.0,0.0,0.0,0.0,-0.0006536003202199936,0.0,8.29249620437622e-06,0.0,0.00027839187532663345,0.0,0.0,0.0,0.0,0.0,0.0,0.0,0.0,-8.486397564411163e-05,0.0,0.0,-5.1223672926425934e-05,0.00034945085644721985,0.0,0.0,0.0,0.0,0.0,0.014122135937213898,0.0,0.0,0.0,9.85385850071907e-06,-0.0002887602895498276,0.0,0.0,0.0,0.0,4.215678200125694e-05,0.0,0.0,0.0,0.0,-4.275888204574585e-05,0.0,0.0
0.0,0.0012333439663052559,0.0005268324166536331,0.0,0.0,0.00013756565749645233,-3.200932405889034e-05,-0.00017894897609949112,-1.7775222659111023e-05,0.0,0.0,0.00010518170893192291,0.0,0.0,2.1102838218212128e-05,0.0,0.0,0.0,0.0,0.0,0.0,0.0,0.0,0.0,-0.0006538573652505875,0.0,8.143484592437744e-06,0.0,0.0002773599699139595,0.0,0.0,0.0,0.0,0.0,0.0,0.0,0.0,-8.42660665512085e-05,0.0,0.0,-5.124881863594055e-05,0.0003493819385766983,0.0,0.0,0.0,0.0,0.0,0.014027364552021027,0.0,0.0,0.0,9.860144928097725e-06,-0.00028884783387184143,0.0,0.0,0.0,0.0,4.230299964547157e-05,0.0,0.0,0.0,0.0,-4.276074469089508e-05,0.0,0.0
0.0,0.001233221497386694,0.0005268063396215439,0.0,0.0,0.00013755098916590214,-3.194110468029976e-05,-0.0001789350062608719,-1.777149736881256e-05,0.0,0.0,0.00010508112609386444,0.0,0.0,2.1015293896198273e-05,0.0,0.0,0.0,0.0,0.0,0.0,0.0,0.0,0.0,-0.0006540259346365929,0.0,8.013099431991577e-06,0.0,0.00027687009423971176,0.0,0.0,0.0,0.0,0.0,0.0,0.0,0.0,-8.38208943605423e-05,0.0,0.0,-5.12637197971344e-05,0.00034934282302856445,0.0,0.0,0.0,0.0,0.0,0.013940341770648956,0.0,0.0,0.0,9.861309081315994e-06,-0.0002889009192585945,0.0,0.0,0.0,0.0,4.2384956032037735e-05,0.0,0.0,0.0,0.0,-4.275888204574585e-05,0.0,0.0
0.0,0.0012331390753388405,0.0005268007516860962,0.0,0.0,0.00013754679821431637,-3.1895702704787254e-05,-0.00017892289906740189,-1.7765909433364868e-05,0.0,0.0,0.00010500848293304443,0.0,0.0,2.0961277186870575e-05,0.0,0.0,0.0,0.0,0.0,0.0,0.0,0.0,0.0,-0.0006541451439261436,0.0,7.888302206993103e-06,0.0,0.0002766633406281471,0.0,0.0,0.0,0.0,0.0,0.0,0.0,0.0,-8.353404700756073e-05,0.0,0.0,-5.1273033022880554e-05,0.0003493223339319229,0.0,0.0,0.0,0.0,0.0,0.013858862221240997,0.0,0.0,0.0,9.865500032901764e-06,-0.0002889353781938553,0.0,0.0,0.0,0.0,4.243338480591774e-05,0.0,0.0,0.0,0.0,-4.2766332626342773e-05,0.0,0.0
0.0,0.001233082264661789,0.0005267951637506485,0.0,0.0,0.0001375421416014433,-3.186101093888283e-05,-0.00017891265451908112,-1.7762184143066406e-05,0.0,0.0,0.00010496377944946289,0.0,0.0,2.0930543541908264e-05,0.0,0.0,0.0,0.0,0.0,0.0,0.0,0.0,0.0,-0.0006542177870869637,0.0,7.793307304382324e-06,0.0,0.0002765953540802002,0.0,0.0,0.0,0.0,0.0,0.0,0.0,0.0,-8.33459198474884e-05,0.0,0.0,-5.127349868416786e-05,0.00034930743277072906,0.0,0.0,0.0,0.0,0.0,0.01378149539232254,0.0,0.0,0.0,9.867828339338303e-06,-0.00028895866125822067,0.0,0.0,0.0,0.0,4.245946183800697e-05,0.0,0.0,0.0,0.0,-4.276260733604431e-05,0.0,0.0
0.0,0.0012330440804362297,0.0005268026143312454,0.0,0.0,0.00013754353858530521,-3.1847041100263596e-05,-0.0001789052039384842,-1.7756596207618713e-05,0.0,0.0,0.00010493025183677673,0.0,0.0,2.091284841299057e-05,0.0,0.0,0.0,0.0,0.0,0.0,0.0,0.0,0.0,-0.0006542662158608437,0.0,7.724389433860779e-06,0.0,0.0002765730023384094,0.0,0.0,0.0,0.0,0.0,0.0,0.0,0.0,-8.32434743642807e-05,0.0,0.0,-5.127396434545517e-05,0.0003492981195449829,0.0,0.0,0.0,0.0,0.0,0.013706840574741364,0.0,0.0,0.0,9.868992492556572e-06,-0.00028896890580654144,0.0,0.0,0.0,0.0,4.247808828949928e-05,0.0,0.0,0.0,0.0,-4.275888204574585e-05,0.0,0.0
0.0,0.0012330194003880024,0.0005268100649118423,0.0,0.0,0.00013754586689174175,-3.183283843100071e-05,-0.0001789052039384842,-1.775100827217102e-05,0.0,0.0,0.00010490976274013519,0.0,0.0,2.0901672542095184e-05,0.0,0.0,0.0,0.0,0.0,0.0,0.0,0.0,0.0,-0.0006542997434735298,0.0,7.679685950279236e-06,0.0,0.00027658138424158096,0.0,0.0,0.0,0.0,0.0,0.0,0.0,0.0,-8.317269384860992e-05,0.0,0.0,-5.1273033022880554e-05,0.0003492962568998337,0.0,0.0,0.0,0.0,0.0,0.013633675873279572,0.0,0.0,0.0,9.870855137705803e-06,-0.000288977287709713,0.0,0.0,0.0,0.0,4.248274490237236e-05,0.0,0.0,0.0,0.0,-4.276260733604431e-05,0.0,0.0
0.0,0.0012330040335655212,0.0005268100649118423,0.0,0.0,0.00013754540123045444,-3.182678483426571e-05,-0.00017890054732561111,-1.774728298187256e-05,0.0,0.0,0.00010489486157894135,0.0,0.0,2.089422196149826e-05,0.0,0.0,0.0,0.0,0.0,0.0,0.0,0.0,0.0,-0.0006543183699250221,0.0,7.636845111846924e-06,0.0,0.0002765823155641556,0.0,0.0,0.0,0.0,0.0,0.0,0.0,0.0,-8.313171565532684e-05,0.0,0.0,-5.127443000674248e-05,0.00034928880631923676,0.0,0.0,0.0,0.0,0.0,0.01356140524148941,0.0,0.0,0.0,9.871553629636765e-06,-0.00028898147866129875,0.0,0.0,0.0,0.0,4.2483676224946976e-05,0.0,0.0,0.0,0.0,-4.2766332626342773e-05,0.0,0.0
0.0,0.001232994720339775,0.0005268137902021408,0.0,0.0,0.0001375460997223854,-3.182259388267994e-05,-0.00017889868468046188,-1.7745420336723328e-05,0.0,0.0,0.00010488741099834442,0.0,0.0,2.089422196149826e-05,0.0,0.0,0.0,0.0,0.0,0.0,0.0,0.0,0.0,-0.0006543314084410667,0.0,7.6051801443099976e-06,0.0,0.0002765776589512825,0.0,0.0,0.0,0.0,0.0,0.0,0.0,0.0,-8.312053978443146e-05,0.0,0.0,-5.127117037773132e-05,0.0003492869436740875,0.0,0.0,0.0,0.0,0.0,0.013489313423633575,0.0,0.0,0.0,9.870156645774841e-06,-0.00028898753225803375,0.0,0.0,0.0,0.0,4.248553887009621e-05,0.0,0.0,0.0,0.0,-4.2770057916641235e-05,0.0,0.0
0.0,0.0012329905293881893,0.0005268175154924393,0.0,0.0,0.00013754353858530521,-3.182282671332359e-05,-0.00017889868468046188,-1.7745420336723328e-05,0.0,0.0,0.00010487623512744904,0.0,0.0,2.0889565348625183e-05,0.0,0.0,0.0,0.0,0.0,0.0,0.0,0.0,0.0,-0.0006543425843119621,0.0,7.59027898311615e-06,0.0,0.0002765785902738571,0.0,0.0,0.0,0.0,0.0,0.0,0.0,0.0,-8.311495184898376e-05,0.0,0.0,-5.127023905515671e-05,0.0003492869436740875,0.0,0.0,0.0,0.0,0.0,0.013416953384876251,0.0,0.0,0.0,9.869225323200226e-06,-0.0002889842726290226,0.0,0.0,0.0,0.0,4.248460754752159e-05,0.0,0.0,0.0,0.0,-4.2766332626342773e-05,0.0,0.0
0.0,0.0012329895980656147,0.0005268175154924393,0.0,0.0,0.00013754796236753464,-3.181770443916321e-05,-0.00017890054732561111,-1.7745420336723328e-05,0.0,0.0,0.00010487250983715057,0.0,0.0,2.08904966711998e-05,0.0,0.0,0.0,0.0,0.0,0.0,0.0,0.0,0.0,-0.0006543444469571114,0.0,7.577240467071533e-06,0.0,0.0002765767276287079,0.0,0.0,0.0,0.0,0.0,0.0,0.0,0.0,-8.310563862323761e-05,0.0,0.0,-5.126744508743286e-05,0.00034928321838378906,0.0,0.0,0.0,0.0,0.0,0.013344205915927887,0.0,0.0,0.0,9.869690984487534e-06,-0.00028898753225803375,0.0,0.0,0.0,0.0,4.248833283782005e-05,0.0,0.0,0.0,0.0,-4.275888204574585e-05,0.0,0.0
0.0,0.0012329882010817528,0.00052681565284729,0.0,0.0,0.00013754540123045444,-3.1815143302083015e-05,-0.00017889682203531265,-1.7743557691574097e-05,0.0,0.0,0.00010487250983715057,0.0,0.0,2.0888634026050568e-05,0.0,0.0,0.0,0.0,0.0,0.0,0.0,0.0,0.0,-0.0006543481722474098,0.0,7.5660645961761475e-06,0.0,0.0002765702083706856,0.0,0.0,0.0,0.0,0.0,0.0,0.0,0.0,-8.310005068778992e-05,0.0,0.0,-5.1266513764858246e-05,0.0003492850810289383,0.0,0.0,0.0,0.0,0.0,0.01327020674943924,0.0,0.0,0.0,9.868992492556572e-06,-0.0002889912575483322,0.0,0.0,0.0,0.0,4.248460754752159e-05,0.0,0.0,0.0,0.0,-4.275515675544739e-05,0.0,0.0
0.0,0.0012329877354204655,0.0005268175154924393,0.0,0.0,0.0001375426072627306,-3.181537613272667e-05,-0.0001788930967450142,-1.7741695046424866e-05,0.0,0.0,0.00010486878454685211,0.0,0.0,2.0888634026050568e-05,0.0,0.0,0.0,0.0,0.0,0.0,0.0,0.0,0.0,-0.0006543509662151337,0.0,7.558614015579224e-06,0.0,0.0002765730023384094,0.0,0.0,0.0,0.0,0.0,0.0,0.0,0.0,-8.309632539749146e-05,0.0,0.0,-5.1266979426145554e-05,0.0003492850810289383,0.0,0.0,0.0,0.0,0.0,0.013195253908634186,0.0,0.0,0.0,9.868759661912918e-06,-0.000288989394903183,0.0,0.0,0.0,0.0,4.248553887009621e-05,0.0,0.0,0.0,0.0,-4.275515675544739e-05,0.0,0.0
0.0,0.001232984010130167,0.0005268175154924393,0.0,0.0,0.00013754051178693771,-3.181537613272667e-05,-0.00017889495939016342,-1.7745420336723328e-05,0.0,0.0,0.00010486878454685211,0.0,0.0,2.0886771380901337e-05,0.0,0.0,0.0,0.0,0.0,0.0,0.0,0.0,0.0,-0.0006543528288602829,0.0,7.560476660728455e-06,0.0,0.0002765664830803871,0.0,0.0,0.0,0.0,0.0,0.0,0.0,0.0,-8.310191333293915e-05,0.0,0.0,-5.1266513764858246e-05,0.0003492850810289383,0.0,0.0,0.0,0.0,0.0,0.013118721544742584,0.0,0.0,0.0,9.866897016763687e-06,-0.0002889912575483322,0.0,0.0,0.0,0.0,4.248833283782005e-05,0.0,0.0,0.0,0.0,-4.275515675544739e-05,0.0,0.0
0.0,0.0012329868040978909,0.00052681565284729,0.0,0.0,0.0001375421416014433,-3.181560896337032e-05,-0.00017889495939016342,-1.774728298187256e-05,0.0,0.0,0.00010486505925655365,0.0,0.0,2.0886771380901337e-05,0.0,0.0,0.0,0.0,0.0,0.0,0.0,0.0,0.0,-0.000654350034892559,0.0,7.554888725280762e-06,0.0,0.00027656368911266327,0.0,0.0,0.0,0.0,0.0,0.0,0.0,0.0,-8.310005068778992e-05,0.0,0.0,-5.1264651119709015e-05,0.00034928321838378906,0.0,0.0,0.0,0.0,0.0,0.013041026890277863,0.0,0.0,0.0,9.870156645774841e-06,-0.0002889912575483322,0.0,0.0,0.0,0.0,4.248740151524544e-05,0.0,0.0,0.0,0.0,-4.275701940059662e-05,0.0,0.0
0.0,0.0012329868040978909,0.0005268175154924393,0.0,0.0,0.0001375421416014433,-3.181560896337032e-05,-0.00017889682203531265,-1.7743557691574097e-05,0.0,0.0,0.00010486505925655365,0.0,0.0,2.0886771380901337e-05,0.0,0.0,0.0,0.0,0.0,0.0,0.0,0.0,0.0,-0.000654350034892559,0.0,7.554888725280762e-06,0.0,0.0002765608951449394,0.0,0.0,0.0,0.0,0.0,0.0,0.0,0.0,-8.310563862323761e-05,0.0,0.0,-5.12637197971344e-05,0.00034928135573863983,0.0,0.0,0.0,0.0,0.0,0.01296139508485794,0.0,0.0,0.0,9.867828339338303e-06,-0.00028899358585476875,0.0,0.0,0.0,0.0,4.248740151524544e-05,0.0,0.0,0.0,0.0,-4.275888204574585e-05,0.0,0.0
0.0,0.0012329872697591782,0.0005268175154924393,0.0,0.0,0.00013754493556916714,-3.18172387778759e-05,-0.00017889495939016342,-1.7743557691574097e-05,0.0,0.0,0.00010486319661140442,0.0,0.0,2.0889565348625183e-05,0.0,0.0,0.0,0.0,0.0,0.0,0.0,0.0,0.0,-0.0006543537601828575,0.0,7.549300789833069e-06,0.0,0.0002765608951449394,0.0,0.0,0.0,0.0,0.0,0.0,0.0,0.0,-8.310563862323761e-05,0.0,0.0,-5.1266513764858246e-05,0.0003492850810289383,0.0,0.0,0.0,0.0,0.0,0.012880124151706696,0.0,0.0,0.0,9.86829400062561e-06,-0.0002889912575483322,0.0,0.0,0.0,0.0,4.248553887009621e-05,0.0,0.0,0.0,0.0,-4.275701940059662e-05,0.0,0.0
0.0,0.0012329877354204655,0.00052681565284729,0.0,0.0,0.00013754470273852348,-3.181491047143936e-05,-0.00017889868468046188,-1.7745420336723328e-05,0.0,0.0,0.00010486133396625519,0.0,0.0,2.088584005832672e-05,0.0,0.0,0.0,0.0,0.0,0.0,0.0,0.0,0.0,-0.0006543537601828575,0.0,7.5511634349823e-06,0.0,0.0002765599638223648,0.0,0.0,0.0,0.0,0.0,0.0,0.0,0.0,-8.310191333293915e-05,0.0,0.0,-5.126418545842171e-05,0.00034928321838378906,0.0,0.0,0.0,0.0,0.0,0.012797005474567413,0.0,0.0,0.0,9.867362678050995e-06,-0.0002889907918870449,0.0,0.0,0.0,0.0,4.248926416039467e-05,0.0,0.0,0.0,0.0,-4.275701940059662e-05,0.0,0.0
0.0,0.0012329863384366035,0.0005268175154924393,0.0,0.0,0.00013754097744822502,-3.181374631822109e-05,-0.00017889682203531265,-1.7745420336723328e-05,0.0,0.0,0.00010486505925655365,0.0,0.0,2.0887702703475952e-05,0.0,0.0,0.0,0.0,0.0,0.0,0.0,0.0,0.0,-0.0006543537601828575,0.0,7.5511634349823e-06,0.0,0.0002765646204352379,0.0,0.0,0.0,0.0,0.0,0.0,0.0,0.0,-8.310750126838684e-05,0.0,0.0,-5.126744508743286e-05,0.0003492850810289383,0.0,0.0,0.0,0.0,0.0,0.012711890041828156,0.0,0.0,0.0,9.86643135547638e-06,-0.0002889912575483322,0.0,0.0,0.0,0.0,4.248553887009621e-05,0.0,0.0,0.0,0.0,-4.275701940059662e-05,0.0,0.0
0.0,0.0012329868040978909,0.0005268175154924393,0.0,0.0,0.00013754190877079964,-3.181607462465763e-05,-0.00017889682203531265,-1.7745420336723328e-05,0.0,0.0,0.00010486319661140442,0.0,0.0,2.0889565348625183e-05,0.0,0.0,0.0,0.0,0.0,0.0,0.0,0.0,0.0,-0.0006543556228280067,0.0,7.547438144683838e-06,0.0,0.0002765664830803871,0.0,0.0,0.0,0.0,0.0,0.0,0.0,0.0,-8.310563862323761e-05,0.0,0.0,-5.12637197971344e-05,0.00034928135573863983,0.0,0.0,0.0,0.0,0.0,0.012624986469745636,0.0,0.0,0.0,9.86829400062561e-06,-0.0002889903262257576,0.0,0.0,0.0,0.0,4.248833283782005e-05,0.0,0.0,0.0,0.0,-4.275888204574585e-05,0.0,0.0
0.0,0.0012329858727753162,0.0005268193781375885,0.0,0.0,0.00013754446990787983,-3.181607462465763e-05,-0.00017889682203531265,-1.7745420336723328e-05,0.0,0.0,0.00010486692190170288,0.0,0.0,2.0886771380901337e-05,0.0,0.0,0.0,0.0,0.0,0.0,0.0,0.0,0.0,-0.0006543537601828575,0.0,7.5511634349823e-06,0.0,0.00027656275779008865,0.0,0.0,0.0,0.0,0.0,0.0,0.0,0.0,-8.310377597808838e-05,0.0,0.0,-5.126604810357094e-05,0.00034928135573863983,0.0,0.0,0.0,0.0,0.0,0.012535221874713898,0.0,0.0,0.0,9.866897016763687e-06,-0.00028899218887090683,0.0,0.0,0.0,0.0,4.248740151524544e-05,0.0,0.0,0.0,0.0,-4.275515675544739e-05,0.0,0.0
0.0,0.0012329872697591782,0.0005268175154924393,0.0,0.0,0.00013754423707723618,-3.1817471608519554e-05,-0.00017889495939016342,-1.774728298187256e-05,0.0,0.0,0.00010486505925655365,0.0,0.0,2.0888634026050568e-05,0.0,0.0,0.0,0.0,0.0,0.0,0.0,0.0,0.0,-0.0006543537601828575,0.0,7.547438144683838e-06,0.0,0.00027656182646751404,0.0,0.0,0.0,0.0,0.0,0.0,0.0,0.0,-8.310563862323761e-05,0.0,0.0,-5.126418545842171e-05,0.00034928321838378906,0.0,0.0,0.0,0.0,0.0,0.012443490326404572,0.0,0.0,0.0,9.866897016763687e-06,-0.00028899265453219414,0.0,0.0,0.0,0.0,4.248460754752159e-05,0.0,0.0,0.0,0.0,-4.275701940059662e-05,0.0,0.0
0.0,0.0012329863384366035,0.0005268175154924393,0.0,0.0,0.00013753934763371944,-3.181584179401398e-05,-0.00017889775335788727,-1.7745420336723328e-05,0.0,0.0,0.00010486505925655365,0.0,0.0,2.0889565348625183e-05,0.0,0.0,0.0,0.0,0.0,0.0,0.0,0.0,0.0,-0.0006543537601828575,0.0,7.547438144683838e-06,0.0,0.00027656275779008865,0.0,0.0,0.0,0.0,0.0,0.0,0.0,0.0,-8.310377597808838e-05,0.0,0.0,-5.126418545842171e-05,0.00034928135573863983,0.0,0.0,0.0,0.0,0.0,0.01234910637140274,0.0,0.0,0.0,9.866664186120033e-06,-0.0002889907918870449,0.0,0.0,0.0,0.0,4.248647019267082e-05,0.0,0.0,0.0,0.0,-4.275515675544739e-05,0.0,0.0
0.0,0.0012329877354204655,0.0005268175154924393,0.0,0.0,0.00013754097744822502,-3.1817471608519554e-05,-0.00017889682203531265,-1.7745420336723328e-05,0.0,0.0,0.00010486692190170288,0.0,0.0,2.0888634026050568e-05,0.0,0.0,0.0,0.0,0.0,0.0,0.0,0.0,0.0,-0.0006543537601828575,0.0,7.547438144683838e-06,0.0,0.00027656275779008865,0.0,0.0,0.0,0.0,0.0,0.0,0.0,0.0,-8.310377597808838e-05,0.0,0.0,-5.1264651119709015e-05,0.00034928321838378906,0.0,0.0,0.0,0.0,0.0,0.012252457439899445,0.0,0.0,0.0,9.866198524832726e-06,-0.00028899312019348145,0.0,0.0,0.0,0.0,4.248740151524544e-05,0.0,0.0,0.0,0.0,-4.275701940059662e-05,0.0,0.0
0.0,0.0012329872697591782,0.0005268175154924393,0.0,0.0,0.0001375421416014433,-3.1816307455301285e-05,-0.00017889589071273804,-1.7745420336723328e-05,0.0,0.0,0.00010486505925655365,0.0,0.0,2.0888634026050568e-05,0.0,0.0,0.0,0.0,0.0,0.0,0.0,0.0,0.0,-0.0006543537601828575,0.0,7.547438144683838e-06,0.0,0.00027656182646751404,0.0,0.0,0.0,0.0,0.0,0.0,0.0,0.0,-8.310563862323761e-05,0.0,0.0,-5.12637197971344e-05,0.00034928321838378906,0.0,0.0,0.0,0.0,0.0,0.012152887880802155,0.0,0.0,0.0,9.866897016763687e-06,-0.00028899405151605606,0.0,0.0,0.0,0.0,4.248553887009621e-05,0.0,0.0,0.0,0.0,-4.275515675544739e-05,0.0,0.0
0.0,0.0012329872697591782,0.0005268175154924393,0.0,0.0,0.00013754237443208694,-3.181654028594494e-05,-0.00017889682203531265,-1.7745420336723328e-05,0.0,0.0,0.00010486505925655365,0.0,0.0,2.0886771380901337e-05,0.0,0.0,0.0,0.0,0.0,0.0,0.0,0.0,0.0,-0.0006543537601828575,0.0,7.549300789833069e-06,0.0,0.0002765608951449394,0.0,0.0,0.0,0.0,0.0,0.0,0.0,0.0,-8.310191333293915e-05,0.0,0.0,-5.1264651119709015e-05,0.0003492850810289383,0.0,0.0,0.0,0.0,0.0,0.01205078512430191,0.0,0.0,0.0,9.867362678050995e-06,-0.0002889912575483322,0.0,0.0,0.0,0.0,4.2483676224946976e-05,0.0,0.0,0.0,0.0,-4.275701940059662e-05,0.0,0.0
0.0,0.0012329877354204655,0.0005268175154924393,0.0,0.0,0.00013754167594015598,-3.181467764079571e-05,-0.00017889682203531265,-1.7745420336723328e-05,0.0,0.0,0.00010486505925655365,0.0,0.0,2.0886771380901337e-05,0.0,0.0,0.0,0.0,0.0,0.0,0.0,0.0,0.0,-0.0006543537601828575,0.0,7.5511634349823e-06,0.0,0.0002765608951449394,0.0,0.0,0.0,0.0,0.0,0.0,0.0,0.0,-8.310377597808838e-05,0.0,0.0,-5.1264651119709015e-05,0.00034928321838378906,0.0,0.0,0.0,0.0,0.0,0.011945612728595734,0.0,0.0,0.0,9.867828339338303e-06,-0.0002889912575483322,0.0,0.0,0.0,0.0,4.2483676224946976e-05,0.0,0.0,0.0,0.0,-4.275888204574585e-05,0.0,0.0
0.0,0.0012329872697591782,0.0005268175154924393,0.0,0.0,0.00013754284009337425,-3.181467764079571e-05,-0.00017889682203531265,-1.7745420336723328e-05,0.0,0.0,0.00010486133396625519,0.0,0.0,2.0886771380901337e-05,0.0,0.0,0.0,0.0,0.0,0.0,0.0,0.0,0.0,-0.0006543518975377083,0.0,7.549300789833069e-06,0.0,0.00027656182646751404,0.0,0.0,0.0,0.0,0.0,0.0,0.0,0.0,-8.310750126838684e-05,0.0,0.0,-5.1262788474559784e-05,0.00034928135573863983,0.0,0.0,0.0,0.0,0.0,0.011837489902973175,0.0,0.0,0.0,9.86829400062561e-06,-0.00028899218887090683,0.0,0.0,0.0,0.0,4.248553887009621e-05,0.0,0.0,0.0,0.0,-4.275888204574585e-05,0.0,0.0
0.0,0.001232985407114029,0.0005268175154924393,0.0,0.0,0.00013754121027886868,-3.181770443916321e-05,-0.00017889868468046188,-1.7743557691574097e-05,0.0,0.0,0.00010486319661140442,0.0,0.0,2.088584005832672e-05,0.0,0.0,0.0,0.0,0.0,0.0,0.0,0.0,0.0,-0.0006543518975377083,0.0,7.547438144683838e-06,0.0,0.00027656182646751404,0.0,0.0,0.0,0.0,0.0,0.0,0.0,0.0,-8.310563862323761e-05,0.0,0.0,-5.126511678099632e-05,0.0003492794930934906,0.0,0.0,0.0,0.0,0.0,0.01172635704278946,0.0,0.0,0.0,9.868526831269264e-06,-0.0002889903262257576,0.0,0.0,0.0,0.0,4.248460754752159e-05,0.0,0.0,0.0,0.0,-4.275888204574585e-05,0.0,0.0
0.0,0.001232985407114029,0.0005268175154924393,0.0,0.0,0.00013754353858530521,-3.181840293109417e-05,-0.00017889682203531265,-1.7745420336723328e-05,0.0,0.0,0.00010486505925655365,0.0,0.0,2.0886771380901337e-05,0.0,0.0,0.0,0.0,0.0,0.0,0.0,0.0,0.0,-0.0006543528288602829,0.0,7.547438144683838e-06,0.0,0.00027656182646751404,0.0,0.0,0.0,0.0,0.0,0.0,0.0,0.0,-8.310563862323761e-05,0.0,0.0,-5.126558244228363e-05,0.00034928321838378906,0.0,0.0,0.0,0.0,0.0,0.01161203533411026,0.0,0.0,0.0,9.867362678050995e-06,-0.0002889903262257576,0.0,0.0,0.0,0.0,4.248553887009621e-05,0.0,0.0,0.0,0.0,-4.275888204574585e-05,0.0,0.0
0.0,0.001232985407114029,0.0005268193781375885,0.0,0.0,0.0001375430729240179,-3.1816307455301285e-05,-0.00017889682203531265,-1.7745420336723328e-05,0.0,0.0,0.00010486505925655365,0.0,0.0,2.0886771380901337e-05,0.0,0.0,0.0,0.0,0.0,0.0,0.0,0.0,0.0,-0.0006543518975377083,0.0,7.547438144683838e-06,0.0,0.00027656275779008865,0.0,0.0,0.0,0.0,0.0,0.0,0.0,0.0,-8.310563862323761e-05,0.0,0.0,-5.1266513764858246e-05,0.00034928135573863983,0.0,0.0,0.0,0.0,0.0,0.011494435369968414,0.0,0.0,0.0,9.86829400062561e-06,-0.00028899218887090683,0.0,0.0,0.0,0.0,4.248833283782005e-05,0.0,0.0,0.0,0.0,-4.275701940059662e-05,0.0,0.0
0.0,0.0012329849414527416,0.0005268212407827377,0.0,0.0,0.0001375426072627306,-3.181654028594494e-05,-0.00017889589071273804,-1.7743557691574097e-05,0.0,0.0,0.00010486505925655365,0.0,0.0,2.0888634026050568e-05,0.0,0.0,0.0,0.0,0.0,0.0,0.0,0.0,0.0,-0.0006543528288602829,0.0,7.5511634349823e-06,0.0,0.0002765599638223648,0.0,0.0,0.0,0.0,0.0,0.0,0.0,0.0,-8.310563862323761e-05,0.0,0.0,-5.126418545842171e-05,0.00034928135573863983,0.0,0.0,0.0,0.0,0.0,0.011373348534107208,0.0,0.0,0.0,9.868759661912918e-06,-0.0002889898605644703,0.0,0.0,0.0,0.0,4.248740151524544e-05,0.0,0.0,0.0,0.0,-4.275515675544739e-05,0.0,0.0
0.0,0.001232985407114029,0.0005268212407827377,0.0,0.0,0.0001375426072627306,-3.181560896337032e-05,-0.00017889589071273804,-1.7745420336723328e-05,0.0,0.0,0.00010486319661140442,0.0,0.0,2.0887702703475952e-05,0.0,0.0,0.0,0.0,0.0,0.0,0.0,0.0,0.0,-0.0006543528288602829,0.0,7.5511634349823e-06,0.0,0.0002765590324997902,0.0,0.0,0.0,0.0,0.0,0.0,0.0,0.0,-8.310191333293915e-05,0.0,0.0,-5.1266513764858246e-05,0.00034928135573863983,0.0,0.0,0.0,0.0,0.0,0.011248953640460968,0.0,0.0,0.0,9.86945815384388e-06,-0.000288989394903183,0.0,0.0,0.0,0.0,4.248647019267082e-05,0.0,0.0,0.0,0.0,-4.275888204574585e-05,0.0,0.0
0.0,0.0012329863384366035,0.0005268193781375885,0.0,0.0,0.0001375430729240179,-3.18202655762434e-05,-0.00017889589071273804,-1.774728298187256e-05,0.0,0.0,0.00010486505925655365,0.0,0.0,2.0888634026050568e-05,0.0,0.0,0.0,0.0,0.0,0.0,0.0,0.0,0.0,-0.0006543537601828575,0.0,7.5511634349823e-06,0.0,0.0002765590324997902,0.0,0.0,0.0,0.0,0.0,0.0,0.0,0.0,-8.310191333293915e-05,0.0,0.0,-5.12637197971344e-05,0.00034928135573863983,0.0,0.0,0.0,0.0,0.0,0.011121101677417755,0.0,0.0,0.0,9.867828339338303e-06,-0.0002889907918870449,0.0,0.0,0.0,0.0,4.248740151524544e-05,0.0,0.0,0.0,0.0,-4.275888204574585e-05,0.0,0.0
0.0,0.0012329863384366035,0.0005268175154924393,0.0,0.0,0.0001375430729240179,-3.181677311658859e-05,-0.00017889682203531265,-1.774728298187256e-05,0.0,0.0,0.00010486505925655365,0.0,0.0,2.0888634026050568e-05,0.0,0.0,0.0,0.0,0.0,0.0,0.0,0.0,0.0,-0.0006543556228280067,0.0,7.5511634349823e-06,0.0,0.00027656182646751404,0.0,0.0,0.0,0.0,0.0,0.0,0.0,0.0,-8.310377597808838e-05,0.0,0.0,-5.12637197971344e-05,0.00034928135573863983,0.0,0.0,0.0,0.0,0.0,0.01098940521478653,0.0,0.0,0.0,9.867828339338303e-06,-0.0002889912575483322,0.0,0.0,0.0,0.0,4.248647019267082e-05,0.0,0.0,0.0,0.0,-4.275888204574585e-05,0.0,0.0
0.0,0.0012329868040978909,0.0005268175154924393,0.0,0.0,0.0001375451683998108,-3.1818170100450516e-05,-0.00017889682203531265,-1.774914562702179e-05,0.0,0.0,0.00010486505925655365,0.0,0.0,2.0888634026050568e-05,0.0,0.0,0.0,0.0,0.0,0.0,0.0,0.0,0.0,-0.0006543556228280067,0.0,7.549300789833069e-06,0.0,0.00027656275779008865,0.0,0.0,0.0,0.0,0.0,0.0,0.0,0.0,-8.310563862323761e-05,0.0,0.0,-5.1264651119709015e-05,0.00034928135573863983,0.0,0.0,0.0,0.0,0.0,0.010854311287403107,0.0,0.0,0.0,9.865965694189072e-06,-0.000288989394903183,0.0,0.0,0.0,0.0,4.248833283782005e-05,0.0,0.0,0.0,0.0,-4.276446998119354e-05,0.0,0.0
0.0,0.0012329863384366035,0.0005268175154924393,0.0,0.0,0.00013754470273852348,-3.181537613272667e-05,-0.00017889682203531265,-1.774914562702179e-05,0.0,0.0,0.00010486505925655365,0.0,0.0,2.0886771380901337e-05,0.0,0.0,0.0,0.0,0.0,0.0,0.0,0.0,0.0,-0.0006543546915054321,0.0,7.547438144683838e-06,0.0,0.0002765590324997902,0.0,0.0,0.0,0.0,0.0,0.0,0.0,0.0,-8.310563862323761e-05,0.0,0.0,-5.12637197971344e-05,0.00034928321838378906,0.0,0.0,0.0,0.0,0.0,0.010715492069721222,0.0,0.0,0.0,9.86643135547638e-06,-0.0002889912575483322,0.0,0.0,0.0,0.0,4.248553887009621e-05,0.0,0.0,0.0,0.0,-4.275701940059662e-05,0.0,0.0
0.0,0.0012329849414527416,0.0005268175154924393,0.0,0.0,0.00013754284009337425,-3.1815143302083015e-05,-0.00017889682203531265,-1.774914562702179e-05,0.0,0.0,0.00010486319661140442,0.0,0.0,2.0888634026050568e-05,0.0,0.0,0.0,0.0,0.0,0.0,0.0,0.0,0.0,-0.0006543518975377083,0.0,7.547438144683838e-06,0.0,0.0002765646204352379,0.0,0.0,0.0,0.0,0.0,0.0,0.0,0.0,-8.310191333293915e-05,0.0,0.0,-5.1262322813272476e-05,0.0003492850810289383,0.0,0.0,0.0,0.0,0.0,0.010573156177997589,0.0,0.0,0.0,9.867595508694649e-06,-0.0002889912575483322,0.0,0.0,0.0,0.0,4.248553887009621e-05,0.0,0.0,0.0,0.0,-4.275515675544739e-05,0.0,0.0
0.0,0.0012329858727753162,0.0005268175154924393,0.0,0.0,0.00013754284009337425,-3.181467764079571e-05,-0.00017889682203531265,-1.7745420336723328e-05,0.0,0.0,0.00010486505925655365,0.0,0.0,2.0886771380901337e-05,0.0,0.0,0.0,0.0,0.0,0.0,0.0,0.0,0.0,-0.0006543537601828575,0.0,7.547438144683838e-06,0.0,0.00027656368911266327,0.0,0.0,0.0,0.0,0.0,0.0,0.0,0.0,-8.310191333293915e-05,0.0,0.0,-5.1264651119709015e-05,0.0003492850810289383,0.0,0.0,0.0,0.0,0.0,0.01042688637971878,0.0,0.0,0.0,9.867129847407341e-06,-0.0002889903262257576,0.0,0.0,0.0,0.0,4.248647019267082e-05,0.0,0.0,0.0,0.0,-4.276074469089508e-05,0.0,0.0
0.0,0.001232985407114029,0.0005268175154924393,0.0,0.0,0.0001375426072627306,-3.181467764079571e-05,-0.00017889682203531265,-1.7745420336723328e-05,0.0,0.0,0.00010486505925655365,0.0,0.0,2.0887702703475952e-05,0.0,0.0,0.0,0.0,0.0,0.0,0.0,0.0,0.0,-0.0006543546915054321,0.0,7.547438144683838e-06,0.0,0.00027656182646751404,0.0,0.0,0.0,0.0,0.0,0.0,0.0,0.0,-8.310377597808838e-05,0.0,0.0,-5.1264651119709015e-05,0.0003492850810289383,0.0,0.0,0.0,0.0,0.0,0.010276921093463898,0.0,0.0,0.0,9.868759661912918e-06,-0.0002889903262257576,0.0,0.0,0.0,0.0,4.248553887009621e-05,0.0,0.0,0.0,0.0,-4.275515675544739e-05,0.0,0.0
0.0,0.0012329849414527416,0.0005268212407827377,0.0,0.0,0.00013754423707723618,-3.18172387778759e-05,-0.00017889682203531265,-1.774728298187256e-05,0.0,0.0,0.00010486505925655365,0.0,0.0,2.0886771380901337e-05,0.0,0.0,0.0,0.0,0.0,0.0,0.0,0.0,0.0,-0.0006543537601828575,0.0,7.547438144683838e-06,0.0,0.00027656368911266327,0.0,0.0,0.0,0.0,0.0,0.0,0.0,0.0,-8.310563862323761e-05,0.0,0.0,-5.1264651119709015e-05,0.00034928321838378906,0.0,0.0,0.0,0.0,0.0,0.010123588144779205,0.0,0.0,0.0,9.868992492556572e-06,-0.0002889903262257576,0.0,0.0,0.0,0.0,4.248647019267082e-05,0.0,0.0,0.0,0.0,-4.2747706174850464e-05,0.0,0.0
0.0,0.0012329872697591782,0.0005268175154924393,0.0,0.0,0.00013754377141594887,-3.1817471608519554e-05,-0.00017890054732561111,-1.7745420336723328e-05,0.0,0.0,0.00010486505925655365,0.0,0.0,2.0884908735752106e-05,0.0,0.0,0.0,0.0,0.0,0.0,0.0,0.0,0.0,-0.0006543528288602829,0.0,7.5511634349823e-06,0.0,0.0002765646204352379,0.0,0.0,0.0,0.0,0.0,0.0,0.0,0.0,-8.310563862323761e-05,0.0,0.0,-5.126418545842171e-05,0.0003492850810289383,0.0,0.0,0.0,0.0,0.0,0.00996629148721695,0.0,0.0,0.0,9.870622307062149e-06,-0.0002889903262257576,0.0,0.0,0.0,0.0,4.248647019267082e-05,0.0,0.0,0.0,0.0,-4.2747706174850464e-05,0.0,0.0
0.0,0.0012329863384366035,0.0005268175154924393,0.0,0.0,0.00013754353858530521,-3.1815143302083015e-05,-0.00017889868468046188,-1.7745420336723328e-05,0.0,0.0,0.00010486133396625519,0.0,0.0,2.0884908735752106e-05,0.0,0.0,0.0,0.0,0.0,0.0,0.0,0.0,0.0,-0.0006543528288602829,0.0,7.5511634349823e-06,0.0,0.00027656182646751404,0.0,0.0,0.0,0.0,0.0,0.0,0.0,0.0,-8.310191333293915e-05,0.0,0.0,-5.126558244228363e-05,0.00034928135573863983,0.0,0.0,0.0,0.0,0.0,0.009805746376514435,0.0,0.0,0.0,9.871087968349457e-06,-0.000288989394903183,0.0,0.0,0.0,0.0,4.248647019267082e-05,0.0,0.0,0.0,0.0,-4.2743980884552e-05,0.0,0.0
0.0,0.0012329872697591782,0.0005268175154924393,0.0,0.0,0.00013754493556916714,-3.181258216500282e-05,-0.00017889775335788727,-1.774728298187256e-05,0.0,0.0,0.00010485947132110596,0.0,0.0,2.088584005832672e-05,0.0,0.0,0.0,0.0,0.0,0.0,0.0,0.0,0.0,-0.0006543518975377083,0.0,7.549300789833069e-06,0.0,0.0002765608951449394,0.0,0.0,0.0,0.0,0.0,0.0,0.0,0.0,-8.310191333293915e-05,0.0,0.0,-5.126418545842171e-05,0.00034928135573863983,0.0,0.0,0.0,0.0,0.0,0.009641475975513458,0.0,0.0,0.0,9.873183444142342e-06,-0.00028899265453219414,0.0,0.0,0.0,0.0,4.2483676224946976e-05,0.0,0.0,0.0,0.0,-4.2732805013656616e-05,0.0,0.0
0.0,0.0012329844757914543,0.0005268212407827377,0.0,0.0,0.00013754400424659252,-3.181654028594494e-05,-0.00017889868468046188,-1.774914562702179e-05,0.0,0.0,0.00010485947132110596,0.0,0.0,2.0886771380901337e-05,0.0,0.0,0.0,0.0,0.0,0.0,0.0,0.0,0.0,-0.000654350034892559,0.0,7.545575499534607e-06,0.0,0.0002765590324997902,0.0,0.0,0.0,0.0,0.0,0.0,0.0,0.0,-8.309818804264069e-05,0.0,0.0,-5.1262788474559784e-05,0.00034928135573863983,0.0,0.0,0.0,0.0,0.0,0.00947398692369461,0.0,0.0,0.0,9.87667590379715e-06,-0.00028899218887090683,0.0,0.0,0.0,0.0,4.2483676224946976e-05,0.0,0.0,0.0,0.0,-4.272162914276123e-05,0.0,0.0
0.0,0.0012329835444688797,0.0005268175154924393,0.0,0.0,0.0001375400461256504,-3.181979991495609e-05,-0.00017890054732561111,-1.775287091732025e-05,0.0,0.0,0.00010485760867595673,0.0,0.0,2.0887702703475952e-05,0.0,0.0,0.0,0.0,0.0,0.0,0.0,0.0,0.0,-0.0006543472409248352,0.0,7.545575499534607e-06,0.0,0.0002765608951449394,0.0,0.0,0.0,0.0,0.0,0.0,0.0,0.0,-8.309818804264069e-05,0.0,0.0,-5.126418545842171e-05,0.0003492794930934906,0.0,0.0,0.0,0.0,0.0,0.009303279221057892,0.0,0.0,0.0,9.881099686026573e-06,-0.0002889917232096195,0.0,0.0,0.0,0.0,4.248740151524544e-05,0.0,0.0,0.0,0.0,-4.2712315917015076e-05,0.0,0.0
0.0,0.0012329872697591782,0.0005268137902021408,0.0,0.0,0.00013753515668213367,-3.1823525205254555e-05,-0.00017889868468046188,-1.775100827217102e-05,0.0,0.0,0.00010485388338565826,0.0,0.0,2.0888634026050568e-05,0.0,0.0,0.0,0.0,0.0,0.0,0.0,0.0,0.0,-0.0006543435156345367,0.0,7.545575499534607e-06,0.0,0.0002765646204352379,0.0,0.0,0.0,0.0,0.0,0.0,0.0,0.0,-8.310005068778992e-05,0.0,0.0,-5.126418545842171e-05,0.00034927763044834137,0.0,0.0,0.0,0.0,0.0,0.009129561483860016,0.0,0.0,0.0,9.886454790830612e-06,-0.000288989394903183,0.0,0.0,0.0,0.0,4.248460754752159e-05,0.0,0.0,0.0,0.0,-4.268810153007507e-05,0.0,0.0
0.0,0.0012329858727753162,0.00052681565284729,0.0,0.0,0.0001375279389321804,-3.1828880310058594e-05,-0.00017890240997076035,-1.775287091732025e-05,0.0,0.0,0.00010484643280506134,0.0,0.0,2.0886771380901337e-05,0.0,0.0,0.0,0.0,0.0,0.0,0.0,0.0,0.0,-0.0006543351337313652,0.0,7.547438144683838e-06,0.0,0.0002765599638223648,0.0,0.0,0.0,0.0,0.0,0.0,0.0,0.0,-8.310191333293915e-05,0.0,0.0,-5.1264651119709015e-05,0.0003492739051580429,0.0,0.0,0.0,0.0,0.0,0.0089535191655159,0.0,0.0,0.0,9.900424629449844e-06,-0.0002889889292418957,0.0,0.0,0.0,0.0,4.248274490237236e-05,0.0,0.0,0.0,0.0,-4.2652711272239685e-05,0.0,0.0
0.0,0.0012329835444688797,0.0005268100649118423,0.0,0.0,0.00013752607628703117,-3.1840987503528595e-05,-0.00017890334129333496,-1.7758458852767944e-05,0.0,0.0,0.00010483339428901672,0.0,0.0,2.0884908735752106e-05,0.0,0.0,0.0,0.0,0.0,0.0,0.0,0.0,0.0,-0.000654325820505619,0.0,7.547438144683838e-06,0.0,0.0002765599638223648,0.0,0.0,0.0,0.0,0.0,0.0,0.0,0.0,-8.310750126838684e-05,0.0,0.0,-5.1266513764858246e-05,0.00034927017986774445,0.0,0.0,0.0,0.0,0.0,0.008774586021900177,0.0,0.0,0.0,9.920448064804077e-06,-0.00028898753225803375,0.0,0.0,0.0,0.0,4.248088225722313e-05,0.0,0.0,0.0,0.0,-4.260987043380737e-05,0.0,0.0
0.0,0.0012329807505011559,0.0005268063396215439,0.0,0.0,0.00013751094229519367,-3.186613321304321e-05,-0.00017890147864818573,-1.7760321497917175e-05,0.0,0.0,0.00010481663048267365,0.0,0.0,2.08904966711998e-05,0.0,0.0,0.0,0.0,0.0,0.0,0.0,0.0,0.0,-0.0006543071940541267,0.0,7.547438144683838e-06,0.0,0.0002765608951449394,0.0,0.0,0.0,0.0,0.0,0.0,0.0,0.0,-8.310191333293915e-05,0.0,0.0,-5.1272567361593246e-05,0.000349266454577446,0.0,0.0,0.0,0.0,0.0,0.008592791855335236,0.0,0.0,0.0,9.952578693628311e-06,-0.0002889828756451607,0.0,0.0,0.0,0.0,4.247622564435005e-05,0.0,0.0,0.0,0.0,-4.254281520843506e-05,0.0,0.0
0.0,0.0012329742312431335,0.0005268026143312454,0.0,0.0,0.0001374916173517704,-3.19045502692461e-05,-0.00017890427261590958,-1.77677720785141e-05,0.0,0.0,0.00010478869080543518,0.0,0.0,2.088584005832672e-05,0.0,0.0,0.0,0.0,0.0,0.0,0.0,0.0,0.0,-0.0006542820483446121,0.0,7.543712854385376e-06,0.0,0.0002765534445643425,0.0,0.0,0.0,0.0,0.0,0.0,0.0,0.0,-8.310005068778992e-05,0.0,0.0,-5.128374323248863e-05,0.00034925341606140137,0.0,0.0,0.0,0.0,0.0,0.008409537374973297,0.0,0.0,0.0,1.0001705959439278e-05,-0.0002889777533710003,0.0,0.0,0.0,0.0,4.246877506375313e-05,0.0,0.0,0.0,0.0,-4.2438507080078125e-05,0.0,0.0
0.0,0.0012329565361142159,0.0005267895758152008,0.0,0.0,0.0001374592538923025,-3.1964387744665146e-05,-0.00017890892922878265,-1.777149736881256e-05,0.0,0.0,0.00010474398732185364,0.0,0.0,2.089235931634903e-05,0.0,0.0,0.0,0.0,0.0,0.0,0.0,0.0,0.0,-0.0006542466580867767,0.0,7.549300789833069e-06,0.0,0.00027654971927404404,0.0,0.0,0.0,0.0,0.0,0.0,0.0,0.0,-8.310191333293915e-05,0.0,0.0,-5.130469799041748e-05,0.00034922920167446136,0.0,0.0,0.0,0.0,0.0,0.008224375545978546,0.0,0.0,0.0,1.0084128007292747e-05,-0.0002889661118388176,0.0,0.0,0.0,0.0,4.2451079934835434e-05,0.0,0.0,0.0,0.0,-4.2300671339035034e-05,0.0,0.0
0.0,0.0012329351156949997,0.0005267690867185593,0.0,0.0,0.00013740197755396366,-3.2072653993964195e-05,-0.00017891637980937958,-1.7778947949409485e-05,0.0,0.0,0.00010468252003192902,0.0,0.0,2.08904966711998e-05,0.0,0.0,0.0,0.0,0.0,0.0,0.0,0.0,0.0,-0.0006541898474097252,0.0,7.558614015579224e-06,0.0,0.0002765404060482979,0.0,0.0,0.0,0.0,0.0,0.0,0.0,0.0,-8.310936391353607e-05,0.0,0.0,-5.134847015142441e-05,0.00034919939935207367,0.0,0.0,0.0,0.0,0.0,0.008037067949771881,0.0,0.0,0.0,1.0216142982244492e-05,-0.0002889493480324745,0.0,0.0,0.0,0.0,4.243152216076851e-05,0.0,0.0,0.0,0.0,-4.2106956243515015e-05,0.0,0.0
0.0,0.0012328997254371643,0.0005267374217510223,0.0,0.0,0.0001373165287077427,-3.2232142984867096e-05,-0.00017893314361572266,-1.7784535884857178e-05,0.0,0.0,0.00010458379983901978,0.0,0.0,2.0883046090602875e-05,0.0,0.0,0.0,0.0,0.0,0.0,0.0,0.0,0.0,-0.000654115341603756,0.0,7.588416337966919e-06,0.0,0.0002765245735645294,0.0,0.0,0.0,0.0,0.0,0.0,0.0,0.0,-8.315034210681915e-05,0.0,0.0,-5.1421113312244415e-05,0.00034914351999759674,0.0,0.0,0.0,0.0,0.0,0.007848270237445831,0.0,0.0,0.0,1.0425224900245667e-05,-0.00028892140835523605,0.0,0.0,0.0,0.0,4.2386818677186966e-05,0.0,0.0,0.0,0.0,-4.181079566478729e-05,0.0,0.0
0.0,0.0012328498996794224,0.0005266759544610977,0.0,0.0,0.00013717450201511383,-3.249896690249443e-05,-0.00017895642668008804,-1.7784535884857178e-05,0.0,0.0,0.00010443851351737976,0.0,0.0,2.0883046090602875e-05,0.0,0.0,0.0,0.0,0.0,0.0,0.0,0.0,0.0,-0.000654011033475399,0.0,7.651746273040771e-06,0.0,0.00027650222182273865,0.0,0.0,0.0,0.0,0.0,0.0,0.0,0.0,-8.323416113853455e-05,0.0,0.0,-5.155988037586212e-05,0.0003490615636110306,0.0,0.0,0.0,0.0,0.0,0.007656879723072052,0.0,0.0,0.0,1.0761665180325508e-05,-0.0002888687886297703,0.0,0.0,0.0,0.0,4.231790080666542e-05,0.0,0.0,0.0,0.0,-4.140101373195648e-05,0.0,0.0
0.0,0.001232803799211979,0.0005265753716230392,0.0,0.0,0.00013696495443582535,-3.2916897907853127e-05,-0.00017901044338941574,-1.777149736881256e-05,0.0,0.0,0.00010421313345432281,0.0,0.0,2.087559551000595e-05,0.0,0.0,0.0,0.0,0.0,0.0,0.0,0.0,0.0,-0.0006538769230246544,0.0,7.776543498039246e-06,0.0,0.0002764808014035225,0.0,0.0,0.0,0.0,0.0,0.0,0.0,0.0,-8.339062333106995e-05,0.0,0.0,-5.178898572921753e-05,0.00034892745316028595,0.0,0.0,0.0,0.0,0.0,0.007463730871677399,0.0,0.0,0.0,1.1281576007604599e-05,-0.0002887728624045849,0.0,0.0,0.0,0.0,4.219217225909233e-05,0.0,0.0,0.0,0.0,-4.0803104639053345e-05,0.0,0.0
0.0,0.0012327725999057293,0.0005264077335596085,0.0,0.0,0.00013664830476045609,-3.3535296097397804e-05,-0.00017910543829202652,-1.774914562702179e-05,0.0,0.0,0.00010386668145656586,0.0,0.0,2.0860694348812103e-05,0.0,0.0,0.0,0.0,0.0,0.0,0.0,0.0,0.0,-0.0006537223234772682,0.0,7.985159754753113e-06,0.0,0.0002764621749520302,0.0,0.0,0.0,0.0,0.0,0.0,0.0,0.0,-8.366815745830536e-05,0.0,0.0,-5.21661713719368e-05,0.00034873373806476593,0.0,0.0,0.0,0.0,0.0,0.007265813648700714,0.0,0.0,0.0,1.2081814929842949e-05,-0.00028859684243798256,0.0,0.0,0.0,0.0,4.1985418647527695e-05,0.0,0.0,0.0,0.0,-3.994256258010864e-05,0.0,0.0
0.0,0.0012328317388892174,0.0005261246114969254,0.0,0.0,0.00013618776574730873,-3.447080962359905e-05,-0.00017929822206497192,-1.7682090401649475e-05,0.0,0.0,0.00010334886610507965,0.0,0.0,2.0809471607208252e-05,0.0,0.0,0.0,0.0,0.0,0.0,0.0,0.0,0.0,-0.0006535667926073074,0.0,8.337199687957764e-06,0.0,0.00027645379304885864,0.0,0.0,0.0,0.0,0.0,0.0,0.0,0.0,-8.407048881053925e-05,0.0,0.0,-5.276314914226532e-05,0.0003484431654214859,0.0,0.0,0.0,0.0,0.0,0.007064171135425568,0.0,0.0,0.0,1.3299286365509033e-05,-0.0002882848493754864,0.0,0.0,0.0,0.0,4.1637104004621506e-05,0.0,0.0,0.0,0.0,-3.870576620101929e-05,0.0,0.0
0.0,0.0012330934405326843,0.0005256477743387222,0.0,0.0,0.00013551558367908,-3.5853590816259384e-05,-0.00017965305596590042,-1.755543053150177e-05,0.0,0.0,0.00010256841778755188,0.0,0.0,2.0734034478664398e-05,0.0,0.0,0.0,0.0,0.0,0.0,0.0,0.0,0.0,-0.0006534801796078682,0.0,8.87364149093628e-06,0.0,0.00027648452669382095,0.0,0.0,0.0,0.0,0.0,0.0,0.0,0.0,-8.457526564598083e-05,0.0,0.0,-5.367770791053772e-05,0.0003480147570371628,0.0,0.0,0.0,0.0,0.0,0.006851978600025177,0.0,0.0,0.0,1.5124911442399025e-05,-0.00028773583471775055,0.0,0.0,0.0,0.0,4.1060615330934525e-05,0.0,0.0,0.0,0.0,-3.691762685775757e-05,0.0,0.0
0.0,0.0012337672524154186,0.0005248449742794037,0.0,0.0,0.00013455958105623722,-3.785453736782074e-05,-0.00018030870705842972,-1.7344951629638672e-05,0.0,0.0,0.00010143034160137177,0.0,0.0,2.060364931821823e-05,0.0,0.0,0.0,0.0,0.0,0.0,0.0,0.0,0.0,-0.0006535965949296951,0.0,9.622424840927124e-06,0.0,0.00027661584317684174,0.0,0.0,0.0,0.0,0.0,0.0,0.0,0.0,-8.500367403030396e-05,0.0,0.0,-5.50001859664917e-05,0.00034741684794425964,0.0,0.0,0.0,0.0,0.0,0.006630785763263702,0.0,0.0,0.0,1.776427961885929e-05,-0.00028679054230451584,0.0,0.0,0.0,0.0,4.009949043393135e-05,0.0,0.0,0.0,0.0,-3.4358352422714233e-05,0.0,0.0
0.0,0.0012351758778095245,0.0005235001444816589,0.0,0.0,0.00013319076970219612,-4.0671322494745255e-05,-0.00018144771456718445,-1.7033889889717102e-05,0.0,0.0,9.978748857975006e-05,0.0,0.0,2.0378269255161285e-05,0.0,0.0,0.0,0.0,0.0,0.0,0.0,0.0,0.0,-0.000654192641377449,0.0,1.0544434189796448e-05,0.0,0.0002769492566585541,0.0,0.0,0.0,0.0,0.0,0.0,0.0,0.0,-8.501671254634857e-05,0.0,0.0,-5.682557821273804e-05,0.0003466326743364334,0.0,0.0,0.0,0.0,0.0,0.006385602056980133,0.0,0.0,0.0,2.1491898223757744e-05,-0.00028522172942757607,0.0,0.0,0.0,0.0,3.848923370242119e-05,0.0,0.0,0.0,0.0,-3.0703842639923096e-05,0.0,0.0
0.0,0.001237756572663784,0.0005212705582380295,0.0,0.0,0.00013118446804583073,-4.454399459064007e-05,-0.00018336903303861618,-1.6627833247184753e-05,0.0,0.0,9.747035801410675e-05,0.0,0.0,2.001877874135971e-05,0.0,0.0,0.0,0.0,0.0,0.0,0.0,0.0,0.0,-0.0006557824090123177,0.0,1.1451542377471924e-05,0.0,0.000277702696621418,0.0,0.0,0.0,0.0,0.0,0.0,0.0,0.0,-8.408166468143463e-05,0.0,0.0,-5.9134792536497116e-05,0.00034564174711704254,0.0,0.0,0.0,0.0,0.0,0.006123669445514679,0.0,0.0,0.0,2.6539433747529984e-05,-0.0002827206626534462,0.0,0.0,0.0,0.0,3.5816337913274765e-05,0.0,0.0,0.0,0.0,-2.5548040866851807e-05,0.0,0.0
0.0,0.001242003869265318,0.0005175899714231491,0.0,0.0,0.00012813112698495388,-4.965020343661308e-05,-0.0001864330843091011,-1.6238540410995483e-05,0.0,0.0,9.433738887310028e-05,0.0,0.0,1.9466504454612732e-05,0.0,0.0,0.0,0.0,0.0,0.0,0.0,0.0,0.0,-0.0006592804566025734,0.0,1.1926516890525818e-05,0.0,0.00027931760996580124,0.0,0.0,0.0,0.0,0.0,0.0,0.0,0.0,-8.151866495609283e-05,0.0,0.0,-6.17029145359993e-05,0.0003445576876401901,0.0,0.0,0.0,0.0,0.0,0.005806691944599152,0.0,0.0,0.0,3.302493132650852e-05,-0.00027894042432308197,0.0,0.0,0.0,0.0,3.138510510325432e-05,0.0,0.0,0.0,0.0,-1.8384307622909546e-05,0.0,0.0
0.0,0.001248326152563095,0.0005115382373332977,0.0,0.0,0.00012340513058006763,-5.6002987548708916e-05,-0.00019102729856967926,-1.6165897250175476e-05,0.0,0.0,9.028986096382141e-05,0.0,0.0,1.8644146621227264e-05,0.0,0.0,0.0,0.0,0.0,0.0,0.0,0.0,0.0,-0.0006662765517830849,0.0,1.1155381798744202e-05,0.0,0.0002827150747179985,0.0,0.0,0.0,0.0,0.0,0.0,0.0,0.0,-7.679127156734467e-05,0.0,0.0,-6.39292411506176e-05,0.0003436040133237839,0.0,0.0,0.0,0.0,0.0,0.0054634734988212585,0.0,0.0,0.0,4.0763989090919495e-05,-0.0002736365422606468,0.0,0.0,0.0,0.0,2.420460805296898e-05,0.0,0.0,0.0,0.0,-8.728355169296265e-06,0.0,0.0
0.0,0.0012567187659442425,0.000501563772559166,0.0,0.0,0.00011613382957875729,-6.324308924376965e-05,-0.0001973649486899376,-1.7095357179641724e-05,0.0,0.0,8.545257151126862e-05,0.0,0.0,1.7405487596988678e-05,0.0,0.0,0.0,0.0,0.0,0.0,0.0,0.0,0.0,-0.0006794361397624016,0.0,7.914379239082336e-06,0.0,0.0002893926575779915,0.0,0.0,0.0,0.0,0.0,0.0,0.0,0.0,-7.018819451332092e-05,0.0,0.0,-6.453320384025574e-05,0.0003433525562286377,0.0,0.0,0.0,0.0,0.0,0.005005724728107452,0.0,0.0,0.0,4.9019232392311096e-05,-0.00026690680533647537,0.0,0.0,0.0,0.0,1.2921635061502457e-05,0.0,0.0,0.0,0.0,3.56137752532959e-06,0.0,0.0
0.0,0.0012662452645599842,0.00048505328595638275,0.0,0.0,0.00010539498180150986,-7.0211011916399e-05,-0.00020508002489805222,-2.0312145352363586e-05,0.0,0.0,8.032657206058502e-05,0.0,0.0,1.5609897673130035e-05,0.0,0.0,0.0,0.0,0.0,0.0,0.0,0.0,0.0,-0.0007031066343188286,0.0,6.780028343200684e-07,0.0,0.000301264226436615,0.0,0.0,0.0,0.0,0.0,0.0,0.0,0.0,-6.351247429847717e-05,0.0,0.0,-6.137415766716003e-05,0.00034481100738048553,0.0,0.0,0.0,0.0,0.0,0.004525013267993927,0.0,0.0,0.0,5.616573616862297e-05,-0.00025966670364141464,0.0,0.0,0.0,0.0,-3.942754119634628e-06,0.0,0.0,0.0,0.0,1.771189272403717e-05,0.0,0.0
0.0,0.0012744227424263954,0.00045768171548843384,0.0,0.0,9.082979522645473e-05,-7.4450159445405e-05,-0.00021266844123601913,-2.7958303689956665e-05,0.0,0.0,7.610954344272614e-05,0.0,0.0,1.3149343430995941e-05,0.0,0.0,0.0,0.0,0.0,0.0,0.0,0.0,0.0,-0.0007442040368914604,0.0,-1.1818483471870422e-05,0.0,0.0003195442259311676,0.0,0.0,0.0,0.0,0.0,0.0,0.0,0.0,-6.072781980037689e-05,0.0,0.0,-5.1330775022506714e-05,0.0003496576100587845,0.0,0.0,0.0,0.0,0.0,0.0038127973675727844,0.0,0.0,0.0,5.948171019554138e-05,-0.0002541337162256241,0.0,0.0,0.0,0.0,-2.740742638707161e-05,0.0,0.0,0.0,0.0,3.091990947723389e-05,0.0,0.0
0.0,0.0012767869047820568,0.0004127752035856247,0.0,0.0,7.369951345026493e-05,-7.17267394065857e-05,-0.00021690968424081802,-4.31109219789505e-05,0.0,0.0,7.491931319236755e-05,0.0,0.0,1.0163523256778717e-05,0.0,0.0,0.0,0.0,0.0,0.0,0.0,0.0,0.0,-0.0008134143427014351,0.0,-2.9359012842178345e-05,0.0,0.0003420719876885414,0.0,0.0,0.0,0.0,0.0,0.0,0.0,0.0,-6.754137575626373e-05,0.0,0.0,-3.084447234869003e-05,0.00036039017140865326,0.0,0.0,0.0,0.0,0.0,0.003151126205921173,0.0,0.0,0.0,5.5262353271245956e-05,-0.0002540750429034233,0.0,0.0,0.0,0.0,-5.672452971339226e-05,0.0,0.0,0.0,0.0,3.7128105759620667e-05,0.0,0.0
0.0,0.0012672711163759232,0.0003411136567592621,0.0,0.0,5.824072286486626e-05,-5.589611828327179e-05,-0.00021294225007295609,-6.932765245437622e-05,0.0,0.0,8.00061970949173e-05,0.0,0.0,7.729046046733856e-06,0.0,0.0,0.0,0.0,0.0,0.0,0.0,0.0,0.0,-0.0009266519919037819,0.0,-4.838407039642334e-05,0.0,0.0003601638600230217,0.0,0.0,0.0,0.0,0.0,0.0,0.0,0.0,-8.862651884555817e-05,0.0,0.0,2.5425106287002563e-06,0.00038011930882930756,0.0,0.0,0.0,0.0,0.0,0.0020370110869407654,0.0,0.0,0.0,3.9777252823114395e-05,-0.0002637440338730812,0.0,0.0,0.0,0.0,-8.724117651581764e-05,0.0,0.0,0.0,0.0,2.6512891054153442e-05,0.0,0.0
0.0,0.0012404564768075943,0.0002317037433385849,0.0,0.0,5.193217657506466e-05,-2.027931623160839e-05,-0.00019632838666439056,-0.00010919012129306793,0.0,0.0,9.534694254398346e-05,0.0,0.0,9.036622941493988e-06,0.0,0.0,0.0,0.0,0.0,0.0,0.0,0.0,0.0,-0.0011064466089010239,0.0,-6.0107558965682983e-05,0.0,0.0003586485981941223,0.0,0.0,0.0,0.0,0.0,0.0,0.0,0.0,-0.00012205727398395538,0.0,0.0,4.711514338850975e-05,0.00041192956268787384,0.0,0.0,0.0,0.0,0.0,0.0012834444642066956,0.0,0.0,0.0,1.1499505490064621e-05,-0.0002843150869011879,0.0,0.0,0.0,0.0,-0.00010800221934914589,0.0,0.0,0.0,0.0,-1.1038035154342651e-05,0.0,0.0
0.0,0.0011965679004788399,7.240846753120422e-05,0.0,0.0,6.234413012862206e-05,3.861612640321255e-05,-0.0001686345785856247,-0.00016122497618198395,0.0,0.0,0.00012443028390407562,0.0,0.0,2.1412037312984467e-05,0.0,0.0,0.0,0.0,0.0,0.0,0.0,0.0,0.0,-0.0013819364830851555,0.0,-5.096755921840668e-05,0.0,0.00032635685056447983,0.0,0.0,0.0,0.0,0.0,0.0,0.0,0.0,-0.0001521427184343338,0.0,0.0,9.342143312096596e-05,0.0004573725163936615,0.0,0.0,0.0,0.0,0.0,-0.0003509446978569031,0.0,0.0,0.0,-2.534431405365467e-05,-0.00030697230249643326,0.0,0.0,0.0,0.0,-0.00010092603042721748,0.0,0.0,0.0,0.0,-7.456913590431213e-05,0.0,0.0
0.0,0.0011487780138850212,-0.00015541724860668182,0.0,0.0,8.74917022883892e-05,0.0001143324188888073,-0.00014630332589149475,-0.00021514855325222015,0.0,0.0,0.00016791373491287231,0.0,0.0,5.7637691497802734e-05,0.0,0.0,0.0,0.0,0.0,0.0,0.0,0.0,0.0,-0.00178441870957613,0.0,-9.34302806854248e-06,0.0,0.0002814829349517822,0.0,0.0,0.0,0.0,0.0,0.0,0.0,0.0,-0.00014703534543514252,0.0,0.0,0.00012430548667907715,0.0005151629447937012,0.0,0.0,0.0,0.0,0.0,-0.00064077228307724,0.0,0.0,0.0,-5.8142468333244324e-05,-0.00030551571398973465,0.0,0.0,0.0,0.0,-4.5847613364458084e-05,0.0,0.0,0.0,0.0,-0.00013180822134017944,0.0,0.0
0.0,0.001127956435084343,-0.0005000792443752289,0.0,0.0,0.00010022358037531376,0.00018435134552419186,-0.0001656869426369667,-0.00024562515318393707,0.0,0.0,0.00022066757082939148,0.0,0.0,0.0001333281397819519,0.0,0.0,0.0,0.0,0.0,0.0,0.0,0.0,0.0,-0.0023316089063882828,0.0,5.718320608139038e-05,0.0,0.0002972166985273361,0.0,0.0,0.0,0.0,0.0,0.0,0.0,0.0,-7.285363972187042e-05,0.0,0.0,0.00012812577188014984,0.000583454966545105,0.0,0.0,0.0,0.0,0.0,-0.0027367249131202698,0.0,0.0,0.0,-6.98314979672432e-05,-0.00023905187845230103,0.0,0.0,0.0,0.0,6.25872053205967e-05,0.0,0.0,0.0,0.0,-0.00010832399129867554,0.0,0.0
0.0,0.0011727698147296906,-0.001088099554181099,0.0,0.0,3.825267776846886e-05,0.0002163040917366743,-0.0002655675634741783,-0.00020297802984714508,0.0,0.0,0.00027013011276721954,0.0,0.0,0.000254790298640728,0.0,0.0,0.0,0.0,0.0,0.0,0.0,0.0,0.0,-0.0029881028458476067,0.0,9.856373071670532e-05,0.0,0.00047543272376060486,0.0,0.0,0.0,0.0,0.0,0.0,0.0,0.0,6.52708113193512e-05,0.0,0.0,0.00013487506657838821,0.0006732475012540817,0.0,0.0,0.0,0.0,0.0,-0.0009700283408164978,0.0,0.0,0.0,-5.909008905291557e-05,-8.156429976224899e-05,0.0,0.0,0.0,0.0,0.00018420210108160973,0.0,0.0,0.0,0.0,5.860626697540283e-05,0.0,0.0
0.0,0.0012883199378848076,-0.0021616704761981964,0.0,0.0,-0.00017135823145508766,0.0002039086539298296,-0.0004259534180164337,1.1937692761421204e-05,0.0,0.0,0.00029888004064559937,0.0,0.0,0.0004014084115624428,0.0,0.0,0.0,0.0,0.0,0.0,0.0,0.0,0.0,-0.0035842889919877052,0.0,2.3808330297470093e-05,0.0,0.0008027181029319763,0.0,0.0,0.0,0.0,0.0,0.0,0.0,0.0,0.0001692548394203186,0.0,0.0,0.00025781523436307907,0.0008360650390386581,0.0,0.0,0.0,0.0,0.0,-0.00401509553194046,0.0,0.0,0.0,-7.790769450366497e-05,0.00012684985995292664,0.0,0.0,0.0,0.0,0.0002079964615404606,0.0,0.0,0.0,0.0,0.00024573318660259247,0.0,0.0
0.0,0.0013782773166894913,-0.003955995664000511,0.0,0.0,-0.0005337344482541084,0.0002122865989804268,-0.0005021970719099045,0.0006254669278860092,0.0,0.0,0.00029395706951618195,0.0,0.0,0.000550675205886364,0.0,0.0,0.0,0.0,0.0,0.0,0.0,0.0,0.0,-0.003680865280330181,0.0,-0.000199928879737854,0.0,0.0009484291076660156,0.0,0.0,0.0,0.0,0.0,0.0,0.0,0.0,6.311573088169098e-05,0.0,0.0,0.0006379997357726097,0.001162465661764145,0.0,0.0,0.0,0.0,0.0,0.001706056296825409,0.0,0.0,0.0,-0.0002368297427892685,0.0003030085936188698,0.0,0.0,0.0,0.0,5.490612238645554e-06,0.0,0.0,0.0,0.0,2.6104971766471863e-05,0.0,0.0
0.0,0.001246788538992405,-0.006161404773592949,0.0,0.0,-0.0009602750651538372,0.00024293619208037853,-0.00038020405918359756,0.002141866832971573,0.0,0.0,0.0002564825117588043,0.0,0.0,0.000859944149851799,0.0,0.0,0.0,0.0,0.0,0.0,0.0,0.0,0.0,-0.0024020327255129814,0.0,-0.00030710920691490173,0.0,0.0004065250977873802,0.0,0.0,0.0,0.0,0.0,0.0,0.0,0.0,-0.00026775337755680084,0.0,0.0,0.0011229445226490498,0.0015785153955221176,0.0,0.0,0.0,0.0,0.0,-0.0032629892230033875,0.0,0.0,0.0,-0.0005094129592180252,0.0005761263892054558,0.0,0.0,0.0,0.0,-0.00030658068135380745,0.0,0.0,0.0,0.0,-0.0006457436829805374,0.0,0.0
0.0,0.0008818348869681358,-0.007005160674452782,0.0,0.0,-0.0015915981493890285,-0.00038218614645302296,-0.0005714977160096169,0.0052308011800050735,0.0,0.0,0.00013465620577335358,0.0,0.0,0.0018395213410258293,0.0,0.0,0.0,0.0,0.0,0.0,0.0,0.0,0.0,0.0016296235844492912,0.0,0.00023597106337547302,0.0,-0.00048339925706386566,0.0,0.0,0.0,0.0,0.0,0.0,0.0,0.0,-0.00028586946427822113,0.0,0.0,0.0010536774061620235,0.001230776309967041,0.0,0.0,0.0,0.0,0.0,0.00742156058549881,0.0,0.0,0.0,-0.0002430963795632124,0.0012934189289808273,0.0,0.0,0.0,0.0,-3.4605152904987335e-05,0.0,0.0,0.0,0.0,2.697855234146118e-05,0.0,0.0
0.0,0.0005393843166530132,-0.004589984193444252,0.0,0.0,-0.0011144706513732672,-0.0012921241577714682,-0.0004474762827157974,0.008509773761034012,0.0,0.0,5.640275776386261e-05,0.0,0.0,0.002376612275838852,0.0,0.0,0.0,0.0,0.0,0.0,0.0,0.0,0.0,0.009257516823709011,0.0,-0.00011563673615455627,0.0,-0.001094538252800703,0.0,0.0,0.0,0.0,0.0,0.0,0.0,0.0,-0.00026926957070827484,0.0,0.0,0.001357809640467167,-4.947185516357422e-06,0.0,0.0,0.0,0.0,0.0,0.013349033892154694,0.0,0.0,0.0,0.0003187272232025862,0.001577676273882389,0.0,0.0,0.0,0.0,-6.483634933829308e-05,0.0,0.0,0.0,0.0,0.0015527699142694473,0.0,0.0
