LLD_0,LLD_1,LLD_2,LLD_3,LLD_4,LLD_5,LLD_6,LLD_7,LLD_8,LLD_9,LLD_10,LLD_11,LLD_12,LLD_13,LLD_14,LLD_15,LLD_16,LLD_17,LLD_18,LLD_19,LLD_20,LLD_21,LLD_22,LLD_23,LLD_24,LLD_25,LLD_26,LLD_27,LLD_28,LLD_29,LLD_30,LLD_31,LLD_32,LLD_33,LLD_34,LLD_35,LLD_36,LLD_37,LLD_38,LLD_39,LLD_40,LLD_41,LLD_42,LLD_43,LLD_44,LLD_45,LLD_46,LLD_47,LLD_48,LLD_49,LLD_50,LLD_51,LLD_52,LLD_53,LLD_54,LLD_55,LLD_56,LLD_57,LLD_58,LLD_59,LLD_60,LLD_61,LLD_62,LLD_63,LLD_64
0.0,0.0008971039205789566,1.6454689502716064,0.3520408,0.994898,0.11880987882614136,0.4008529782295227,0.7225730419158936,0.17260290682315826,0.1797924,0.3468164,0.09917496889829636,1.60461,1.473864,0.36160001158714294,0.5753508,3.27713,0.1590909,0.36,0.03,0.09737039,0.7244898,0.2295918,0.05612245,0.0161498561501503,0.348718,0.5304982662200928,0.01266782,-1.663055658340454,0.2529496,0.104815,0.03770582,-0.07125017,1.753394,0.2704082,0.9234694,0.6820869,0.9811657667160034,1.232696,0.2616462,0.3107735812664032,0.5416587591171265,0.4603386,2.041579,1.581241,0.3605916,0.6491677,7.277098655700684,0.11,0.33,0.03,0.11751796305179596,0.3512197732925415,0.1887755,0.0255102,0.01530612,0.374359,0.5646238327026367,0.01171066,-1.461307,0.3370781,0.2000055,-0.014950256794691086,-0.1153897,0.1485068
0.0,0.001102249138057232,0.005405304953455925,0.0,0.0,0.0008045220747590065,0.0015275462064892054,-0.00011424347758293152,0.0006811097264289856,0.0,0.0,-9.922124445438385e-05,0.0,0.0,-0.001579425297677517,0.0,0.0,0.0,0.0,0.0,0.0,0.0,0.0,0.0,0.0008946238085627556,0.0,-5.827285349369049e-05,0.0,0.0037356684915721416,0.0,0.0,0.0,0.0,0.0,0.0,0.0,0.0,0.000491289421916008,0.0,0.0,-0.00013680150732398033,0.0002461019903421402,0.0,0.0,0.0,0.0,0.0,0.04433692246675491,0.0,0.0,0.0,-0.0008426550775766373,-0.0009112688712775707,0.0,0.0,0.0,0.0,-0.00011010561138391495,0.0,0.0,0.0,0.0,9.126961231231689e-07,0.0,0.0
0.0,0.0011392789892852306,0.0028633344918489456,0.0,0.0,0.000649377005174756,0.00021104933694005013,-0.00020682159811258316,0.0009532999247312546,0.0,0.0,0.00016698986291885376,0.0,0.0,-0.0010289466008543968,0.0,0.0,0.0,0.0,0.0,0.0,0.0,0.0,0.0,0.0008827196434140205,0.0,-2.584978938102722e-05,0.0,0.00016473839059472084,0.0,0.0,0.0,0.0,0.0,0.0,0.0,0.0,0.00020481087267398834,0.0,0.0,0.0003184191882610321,2.1491199731826782e-05,0.0,0.0,0.0,0.0,0.0,0.043440915644168854,0.0,0.0,0.0,0.00037950207479298115,-0.0013294857926666737,0.0,0.0,0.0,0.0,-2.5636982172727585e-05,0.0,0.0,0.0,0.0,-0.0005010906606912613,0.0,0.0
0.0,0.001214579213410616,0.0013884343206882477,0.0,0.0,0.0003105152864009142,-2.3401109501719475e-05,-0.00020037125796079636,0.0007632691413164139,0.0,0.0,0.00019413791596889496,0.0,0.0,-0.0004769638180732727,0.0,0.0,0.0,0.0,0.0,0.0,0.0,0.0,0.0,0.0005828747525811195,0.0,4.2166560888290405e-05,0.0,-0.00020159920677542686,0.0,0.0,0.0,0.0,0.0,0.0,0.0,0.0,-7.768906652927399e-05,0.0,0.0,0.0002047182060778141,0.00032834336161613464,0.0,0.0,0.0,0.0,0.0,0.03905344754457474,0.0,0.0,0.0,2.5856075808405876e-05,-0.0007993937470018864,0.0,0.0,0.0,0.0,3.207894042134285e-05,0.0,0.0,0.0,0.0,-0.00044107064604759216,0.0,0.0
0.0,0.0012487559579312801,0.0008040033280849457,0.0,0.0,0.0005081649869680405,0.00012372713536024094,-0.000127352774143219,0.0003523174673318863,0.0,0.0,0.000122707337141037,0.0,0.0,-0.00017541740089654922,0.0,0.0,0.0,0.0,0.0,0.0,0.0,0.0,0.0,0.0001681242138147354,0.0,2.54213809967041e-05,0.0,-9.877374395728111e-05,0.0,0.0,0.0,0.0,0.0,0.0,0.0,0.0,-0.0003051627427339554,0.0,0.0,-1.9907020032405853e-06,0.00018965452909469604,0.0,0.0,0.0,0.0,0.0,0.03574354201555252,0.0,0.0,0.0,-2.2752908989787102e-05,-0.0002470770850777626,0.0,0.0,0.0,0.0,3.4910626709461212e-06,0.0,0.0,0.0,0.0,-0.0003284662961959839,0.0,0.0
0.0,0.0012449710629880428,0.0006604176014661789,0.0,0.0,0.0002925586886703968,7.242639549076557e-05,-0.0001254035159945488,0.0001091156154870987,0.0,0.0,8.90735536813736e-05,0.0,0.0,-3.893766552209854e-05,0.0,0.0,0.0,0.0,0.0,0.0,0.0,0.0,0.0,-0.00017012562602758408,0.0,4.289485514163971e-05,0.0,0.00014576967805624008,0.0,0.0,0.0,0.0,0.0,0.0,0.0,0.0,-0.0002305489033460617,0.0,0.0,3.484077751636505e-06,0.0003161635249853134,0.0,0.0,0.0,0.0,0.0,0.029717393219470978,0.0,0.0,0.0,-1.243269070982933e-05,-0.0003022747114300728,0.0,0.0,0.0,0.0,1.6258563846349716e-05,0.0,0.0,0.0,0.0,-0.00010372325778007507,0.0,0.0
0.0,0.0012300708331167698,0.0006042923778295517,0.0,0.0,0.00028024381026625633,2.424372360110283e-05,-0.00013273674994707108,3.057904541492462e-05,0.0,0.0,9.770505130290985e-05,0.0,0.0,-1.448206603527069e-06,0.0,0.0,0.0,0.0,0.0,0.0,0.0,0.0,0.0,-0.0003870045766234398,0.0,4.3489038944244385e-05,0.0,0.00028142426162958145,0.0,0.0,0.0,0.0,0.0,0.0,0.0,0.0,-0.00017107650637626648,0.0,0.0,-3.0199997127056122e-05,0.0004038717597723007,0.0,0.0,0.0,0.0,0.0,0.024309702217578888,0.0,0.0,0.0,-6.507080979645252e-05,-0.00023394916206598282,0.0,0.0,0.0,0.0,3.623729571700096e-05,0.0,0.0,0.0,0.0,-7.421337068080902e-05,0.0,0.0
0.0,0.0012197052128612995,0.0005718190222978592,0.0,0.0,0.00027860794216394424,1.5431782230734825e-05,-0.00014348141849040985,1.082196831703186e-05,0.0,0.0,0.00010945461690425873,0.0,0.0,-2.5155022740364075e-06,0.0,0.0,0.0,0.0,0.0,0.0,0.0,0.0,0.0,-0.0005085589364171028,0.0,2.933293581008911e-05,0.0,0.00034614279866218567,0.0,0.0,0.0,0.0,0.0,0.0,0.0,0.0,-0.00015599094331264496,0.0,0.0,-4.6817585825920105e-05,0.0004109218716621399,0.0,0.0,0.0,0.0,0.0,0.020363815128803253,0.0,0.0,0.0,-6.672972813248634e-05,-0.00021962355822324753,0.0,0.0,0.0,0.0,4.804367199540138e-05,0.0,0.0,0.0,0.0,-6.311945617198944e-05,0.0,0.0
0.0,0.0012170551344752312,0.000557607039809227,0.0,0.0,0.0002481890842318535,1.8322141841053963e-05,-0.00015553366392850876,3.4030526876449585e-06,0.0,0.0,0.0001130327582359314,0.0,0.0,-7.919035851955414e-06,0.0,0.0,0.0,0.0,0.0,0.0,0.0,0.0,0.0,-0.0005717510357499123,0.0,1.5389174222946167e-05,0.0,0.00039682257920503616,0.0,0.0,0.0,0.0,0.0,0.0,0.0,0.0,-0.00015494786202907562,0.0,0.0,-4.78820875287056e-05,0.00038941018283367157,0.0,0.0,0.0,0.0,0.0,0.017910219728946686,0.0,0.0,0.0,-4.308181814849377e-05,-0.0002485867589712143,0.0,0.0,0.0,0.0,5.189655348658562e-05,0.0,0.0,0.0,0.0,-5.748867988586426e-05,0.0,0.0
0.0,0.0012196660973131657,0.0005519222468137741,0.0,0.0,0.0002158740535378456,1.72504223883152e-05,-0.00016537588089704514,-1.4360994100570679e-06,0.0,0.0,0.00011131912469863892,0.0,0.0,-7.293187081813812e-06,0.0,0.0,0.0,0.0,0.0,0.0,0.0,0.0,0.0,-0.0006038323044776917,0.0,7.27921724319458e-06,0.0,0.00043504778295755386,0.0,0.0,0.0,0.0,0.0,0.0,0.0,0.0,-0.0001516006886959076,0.0,0.0,-4.695262759923935e-05,0.0003697853535413742,0.0,0.0,0.0,0.0,0.0,0.016574807465076447,0.0,0.0,0.0,-2.1084677428007126e-05,-0.000268581323325634,0.0,0.0,0.0,0.0,5.092145875096321e-05,0.0,0.0,0.0,0.0,-5.296245217323303e-05,0.0,0.0
0.0,0.0012242896482348442,0.0005479045212268829,0.0,0.0,0.0001915141474455595,1.0799383744597435e-05,-0.0001717871055006981,-5.0086528062820435e-06,0.0,0.0,0.00010839290916919708,0.0,0.0,-1.714564859867096e-06,0.0,0.0,0.0,0.0,0.0,0.0,0.0,0.0,0.0,-0.0006206948310136795,0.0,4.725530743598938e-06,0.0,0.00045034289360046387,0.0,0.0,0.0,0.0,0.0,0.0,0.0,0.0,-0.00014269165694713593,0.0,0.0,-4.72506508231163e-05,0.00035803765058517456,0.0,0.0,0.0,0.0,0.0,0.015925712883472443,0.0,0.0,0.0,-6.989575922489166e-06,-0.0002771550789475441,0.0,0.0,0.0,0.0,4.820479080080986e-05,0.0,0.0,0.0,0.0,-4.9740076065063477e-05,0.0,0.0
0.0,0.0012287367135286331,0.0005437973886728287,0.0,0.0,0.00017436081543564796,1.9490253180265427e-06,-0.00017536990344524384,-7.97957181930542e-06,0.0,0.0,0.00010622106492519379,0.0,0.0,5.309469997882843e-06,0.0,0.0,0.0,0.0,0.0,0.0,0.0,0.0,0.0,-0.000630420632660389,0.0,5.487352609634399e-06,0.0,0.00044220685958862305,0.0,0.0,0.0,0.0,0.0,0.0,0.0,0.0,-0.0001308191567659378,0.0,0.0,-4.825275391340256e-05,0.0003519318997859955,0.0,0.0,0.0,0.0,0.0,0.015626467764377594,0.0,0.0,0.0,9.243376553058624e-07,-0.00028139958158135414,0.0,0.0,0.0,0.0,4.5606400817632675e-05,0.0,0.0,0.0,0.0,-4.7292560338974e-05,0.0,0.0
0.0,0.0012320410460233688,0.0005398020148277283,0.0,0.0,0.0001622927375137806,-6.760936230421066e-06,-0.00017718691378831863,-1.062639057636261e-05,0.0,0.0,0.00010515563189983368,0.0,0.0,1.1398456990718842e-05,0.0,0.0,0.0,0.0,0.0,0.0,0.0,0.0,0.0,-0.000636751763522625,0.0,7.448717951774597e-06,0.0,0.0004182523116469383,0.0,0.0,0.0,0.0,0.0,0.0,0.0,0.0,-0.00011919066309928894,0.0,0.0,-4.9209222197532654e-05,0.00034906528890132904,0.0,0.0,0.0,0.0,0.0,0.015466190874576569,0.0,0.0,0.0,5.240319296717644e-06,-0.000284015666693449,0.0,0.0,0.0,0.0,4.380336031317711e-05,0.0,0.0,0.0,0.0,-4.552304744720459e-05,0.0,0.0
0.0,0.0012340573593974113,0.0005363002419471741,0.0,0.0,0.0001538477372378111,-1.4070654287934303e-05,-0.00017806235700845718,-1.2869015336036682e-05,0.0,0.0,0.00010486505925655365,0.0,0.0,1.5711411833763123e-05,0.0,0.0,0.0,0.0,0.0,0.0,0.0,0.0,0.0,-0.00064129289239645,0.0,9.3020498752594e-06,0.0,0.0003877626731991768,0.0,0.0,0.0,0.0,0.0,0.0,0.0,0.0,-0.00010959617793560028,0.0,0.0,-4.9899332225322723e-05,0.00034800171852111816,0.0,0.0,0.0,0.0,0.0,0.015338219702243805,0.0,0.0,0.0,7.566530257463455e-06,-0.0002856878563761711,0.0,0.0,0.0,0.0,4.280963912606239e-05,0.0,0.0,0.0,0.0,-4.4329091906547546e-05,0.0,0.0
0.0,0.0012350166216492653,0.0005334485322237015,0.0,0.0,0.0001480414066463709,-1.9674887880682945e-05,-0.00017848704010248184,-1.4605000615119934e-05,0.0,0.0,0.00010494887828826904,0.0,0.0,1.8353573977947235e-05,0.0,0.0,0.0,0.0,0.0,0.0,0.0,0.0,0.0,-0.0006447210907936096,0.0,1.0518357157707214e-05,0.0,0.0003578038886189461,0.0,0.0,0.0,0.0,0.0,0.0,0.0,0.0,-0.00010242126882076263,0.0,0.0,-5.035987123847008e-05,0.00034786202013492584,0.0,0.0,0.0,0.0,0.0,0.015201367437839508,0.0,0.0,0.0,8.784234523773193e-06,-0.0002867477014660835,0.0,0.0,0.0,0.0,4.239426925778389e-05,0.0,0.0,0.0,0.0,-4.3589621782302856e-05,0.0,0.0
0.0,0.0012352685444056988,0.0005312692373991013,0.0,0.0,0.00014415313489735126,-2.371310256421566e-05,-0.00017870310693979263,-1.5838071703910828e-05,0.0,0.0,0.00010513328015804291,0.0,0.0,1.980084925889969e-05,0.0,0.0,0.0,0.0,0.0,0.0,0.0,0.0,0.0,-0.0006473427638411522,0.0,1.1041760444641113e-05,0.0,0.0003323480486869812,0.0,0.0,0.0,0.0,0.0,0.0,0.0,0.0,-9.725801646709442e-05,0.0,0.0,-5.067465826869011e-05,0.0003480948507785797,0.0,0.0,0.0,0.0,0.0,0.0150495246052742,0.0,0.0,0.0,9.381445124745369e-06,-0.00028745178133249283,0.0,0.0,0.0,0.0,4.229927435517311e-05,0.0,0.0,0.0,0.0,-4.3157488107681274e-05,0.0,0.0
0.0,0.0012351158075034618,0.0005296878516674042,0.0,0.0,0.00014162645675241947,-2.651568502187729e-05,-0.00017881672829389572,-1.665763556957245e-05,0.0,0.0,0.00010527856647968292,0.0,0.0,2.0490027964115143e-05,0.0,0.0,0.0,0.0,0.0,0.0,0.0,0.0,0.0,-0.0006493311375379562,0.0,1.101568341255188e-05,0.0,0.00031277816742658615,0.0,0.0,0.0,0.0,0.0,0.0,0.0,0.0,-9.354203939437866e-05,0.0,0.0,-5.088280886411667e-05,0.00034842081367969513,0.0,0.0,0.0,0.0,0.0,0.014890171587467194,0.0,0.0,0.0,9.65828076004982e-06,-0.00028794072568416595,0.0,0.0,0.0,0.0,4.234025254845619e-05,0.0,0.0,0.0,0.0,-4.292093217372894e-05,0.0,0.0
0.0,0.0012347828596830368,0.0005285944789648056,0.0,0.0,0.0001400071196258068,-2.8398586437106133e-05,-0.0001788809895515442,-1.7169862985610962e-05,0.0,0.0,0.00010534189641475677,0.0,0.0,2.0773150026798248e-05,0.0,0.0,0.0,0.0,0.0,0.0,0.0,0.0,0.0,-0.0006508119404315948,0.0,1.0667368769645691e-05,0.0,0.00029886234551668167,0.0,0.0,0.0,0.0,0.0,0.0,0.0,0.0,-9.079091250896454e-05,0.0,0.0,-5.1023438572883606e-05,0.0003487002104520798,0.0,0.0,0.0,0.0,0.0,0.014732427895069122,0.0,0.0,0.0,9.769108146429062e-06,-0.0002882848493754864,0.0,0.0,0.0,0.0,4.242314025759697e-05,0.0,0.0,0.0,0.0,-4.2811036109924316e-05,0.0,0.0
0.0,0.001234397292137146,0.0005278736352920532,0.0,0.0,0.00013899849727749825,-2.9635615646839142e-05,-0.00017891544848680496,-1.7467886209487915e-05,0.0,0.0,0.00010534003376960754,0.0,0.0,2.085696905851364e-05,0.0,0.0,0.0,0.0,0.0,0.0,0.0,0.0,0.0,-0.0006518950685858727,0.0,1.0166317224502563e-05,0.0,0.0002896105870604515,0.0,0.0,0.0,0.0,0.0,0.0,0.0,0.0,-8.869543671607971e-05,0.0,0.0,-5.111144855618477e-05,0.00034890882670879364,0.0,0.0,0.0,0.0,0.0,0.014582909643650055,0.0,0.0,0.0,9.813811630010605e-06,-0.0002885260619223118,0.0,0.0,0.0,0.0,4.249857738614082e-05,0.0,0.0,0.0,0.0,-4.276260733604431e-05,0.0,0.0
0.0,0.0012340424582362175,0.0005274172872304916,0.0,0.0,0.00013838172890245914,-3.0446797609329224e-05,-0.0001789303496479988,-1.763366162776947e-05,0.0,0.0,0.000105295330286026,0.0,0.0,2.087187021970749e-05,0.0,0.0,0.0,0.0,0.0,0.0,0.0,0.0,0.0,-0.0006526680663228035,0.0,9.637326002120972e-06,0.0,0.0002838028594851494,0.0,0.0,0.0,0.0,0.0,0.0,0.0,0.0,-8.708052337169647e-05,0.0,0.0,-5.117058753967285e-05,0.0003490578383207321,0.0,0.0,0.0,0.0,0.0,0.014445550739765167,0.0,0.0,0.0,9.826850146055222e-06,-0.0002886848524212837,0.0,0.0,0.0,0.0,4.254234954714775e-05,0.0,0.0,0.0,0.0,-4.2747706174850464e-05,0.0,0.0
0.0,0.0012337439693510532,0.0005271397531032562,0.0,0.0,0.0001380236353725195,-3.095553256571293e-05,-0.00017893966287374496,-1.7717480659484863e-05,0.0,0.0,0.00010523013770580292,0.0,0.0,2.0862556993961334e-05,0.0,0.0,0.0,0.0,0.0,0.0,0.0,0.0,0.0,-0.000653216615319252,0.0,9.156763553619385e-06,0.0,0.00028035975992679596,0.0,0.0,0.0,0.0,0.0,0.0,0.0,0.0,-8.585117757320404e-05,0.0,0.0,-5.12097030878067e-05,0.0003491472452878952,0.0,0.0,0.0,0.0,0.0,0.01432085782289505,0.0,0.0,0.0,9.83220525085926e-06,-0.0002887970767915249,0.0,0.0,0.0,0.0,4.256563261151314e-05,0.0,0.0,0.0,0.0,-4.275515675544739e-05,0.0,0.0
0.0,0.001233512070029974,0.0005269758403301239,0.0,0.0,0.00013780361041426659,-3.1288713216781616e-05,-0.0001789350062608719,-1.775287091732025e-05,0.0,0.0,0.00010515190660953522,0.0,0.0,2.085138112306595e-05,0.0,0.0,0.0,0.0,0.0,0.0,0.0,0.0,0.0,-0.000653591938316822,0.0,8.750706911087036e-06,0.0,0.00027844030410051346,0.0,0.0,0.0,0.0,0.0,0.0,0.0,0.0,-8.494220674037933e-05,0.0,0.0,-5.1227863878011703e-05,0.00034920312464237213,0.0,0.0,0.0,0.0,0.0,0.014207787811756134,0.0,0.0,0.0,9.838957339525223e-06,-0.00028886646032333374,0.0,0.0,0.0,0.0,4.257401451468468e-05,0.0,0.0,0.0,0.0,-4.275329411029816e-05,0.0,0.0
0.0,0.0012333439663052559,0.0005268864333629608,0.0,0.0,0.00013768277131021023,-3.1490111723542213e-05,-0.0001789359375834465,-1.77677720785141e-05,0.0,0.0,0.00010508671402931213,0.0,0.0,2.084672451019287e-05,0.0,0.0,0.0,0.0,0.0,0.0,0.0,0.0,0.0,-0.0006538480520248413,0.0,8.424744009971619e-06,0.0,0.0002774326130747795,0.0,0.0,0.0,0.0,0.0,0.0,0.0,0.0,-8.42846930027008e-05,0.0,0.0,-5.1244162023067474e-05,0.00034923478960990906,0.0,0.0,0.0,0.0,0.0,0.014104612171649933,0.0,0.0,0.0,9.841285645961761e-06,-0.00028891488909721375,0.0,0.0,0.0,0.0,4.256563261151314e-05,0.0,0.0,0.0,0.0,-4.276260733604431e-05,0.0,0.0
0.0,0.001233221497386694,0.0005268417298793793,0.0,0.0,0.00013761362060904503,-3.1613046303391457e-05,-0.00017892755568027496,-1.77677720785141e-05,0.0,0.0,0.00010502897202968597,0.0,0.0,2.084672451019287e-05,0.0,0.0,0.0,0.0,0.0,0.0,0.0,0.0,0.0,-0.000654023140668869,0.0,8.177012205123901e-06,0.0,0.0002769455313682556,0.0,0.0,0.0,0.0,0.0,0.0,0.0,0.0,-8.382834494113922e-05,0.0,0.0,-5.125394091010094e-05,0.0003492496907711029,0.0,0.0,0.0,0.0,0.0,0.01400948315858841,0.0,0.0,0.0,9.845942258834839e-06,-0.0002889437600970268,0.0,0.0,0.0,0.0,4.2553525418043137e-05,0.0,0.0,0.0,0.0,-4.2766332626342773e-05,0.0,0.0
0.0,0.0012331390753388405,0.0005268175154924393,0.0,0.0,0.00013758358545601368,-3.169151023030281e-05,-0.00017892476171255112,-1.7762184143066406e-05,0.0,0.0,0.00010498613119125366,0.0,0.0,2.085324376821518e-05,0.0,0.0,0.0,0.0,0.0,0.0,0.0,0.0,0.0,-0.0006541367620229721,0.0,7.994472980499268e-06,0.0,0.00027672015130519867,0.0,0.0,0.0,0.0,0.0,0.0,0.0,0.0,-8.352845907211304e-05,0.0,0.0,-5.125673487782478e-05,0.0003492683172225952,0.0,0.0,0.0,0.0,0.0,0.013920851051807404,0.0,0.0,0.0,9.852694347500801e-06,-0.00028896424919366837,0.0,0.0,0.0,0.0,4.2539555579423904e-05,0.0,0.0,0.0,0.0,-4.276260733604431e-05,0.0,0.0
0.0,0.001233082264661789,0.0005268063396215439,0.0,0.0,0.00013756146654486656,-3.174087032675743e-05,-0.00017891544848680496,-1.7758458852767944e-05,0.0,0.0,0.00010494887828826904,0.0,0.0,2.0854175090789795e-05,0.0,0.0,0.0,0.0,0.0,0.0,0.0,0.0,0.0,-0.0006542149931192398,0.0,7.860362529754639e-06,0.0,0.00027662981301546097,0.0,0.0,0.0,0.0,0.0,0.0,0.0,0.0,-8.334219455718994e-05,0.0,0.0,-5.126185715198517e-05,0.00034927017986774445,0.0,0.0,0.0,0.0,0.0,0.013836689293384552,0.0,0.0,0.0,9.858515113592148e-06,-0.0002889716997742653,0.0,0.0,0.0,0.0,4.25274483859539e-05,0.0,0.0,0.0,0.0,-4.276446998119354e-05,0.0,0.0
0.0,0.0012330440804362297,0.0005268100649118423,0.0,0.0,0.0001375456340610981,-3.177090547978878e-05,-0.00017891544848680496,-1.775100827217102e-05,0.0,0.0,0.0001049283891916275,0.0,0.0,2.086348831653595e-05,0.0,0.0,0.0,0.0,0.0,0.0,0.0,0.0,0.0,-0.0006542643532156944,0.0,7.76723027229309e-06,0.0,0.0002765972167253494,0.0,0.0,0.0,0.0,0.0,0.0,0.0,0.0,-8.323229849338531e-05,0.0,0.0,-5.126418545842171e-05,0.00034927763044834137,0.0,0.0,0.0,0.0,0.0,0.013755716383457184,0.0,0.0,0.0,9.860144928097725e-06,-0.00028898008167743683,0.0,0.0,0.0,0.0,4.251999780535698e-05,0.0,0.0,0.0,0.0,-4.2766332626342773e-05,0.0,0.0
0.0,0.0012330194003880024,0.0005268063396215439,0.0,0.0,0.00013753864914178848,-3.179023042321205e-05,-0.00017890892922878265,-1.775100827217102e-05,0.0,0.0,0.00010490790009498596,0.0,0.0,2.086535096168518e-05,0.0,0.0,0.0,0.0,0.0,0.0,0.0,0.0,0.0,-0.000654296949505806,0.0,7.696449756622314e-06,0.0,0.00027659162878990173,0.0,0.0,0.0,0.0,0.0,0.0,0.0,0.0,-8.3165243268013e-05,0.0,0.0,-5.1266513764858246e-05,0.00034927763044834137,0.0,0.0,0.0,0.0,0.0,0.013677246868610382,0.0,0.0,0.0,9.86410304903984e-06,-0.0002889838069677353,0.0,0.0,0.0,0.0,4.250695928931236e-05,0.0,0.0,0.0,0.0,-4.275515675544739e-05,0.0,0.0
0.0,0.0012330040335655212,0.0005268082022666931,0.0,0.0,0.00013754330575466156,-3.180047497153282e-05,-0.00017890334129333496,-1.7745420336723328e-05,0.0,0.0,0.00010489486157894135,0.0,0.0,2.0870938897132874e-05,0.0,0.0,0.0,0.0,0.0,0.0,0.0,0.0,0.0,-0.0006543165072798729,0.0,7.651746273040771e-06,0.0,0.00027659162878990173,0.0,0.0,0.0,0.0,0.0,0.0,0.0,0.0,-8.313171565532684e-05,0.0,0.0,-5.1264651119709015e-05,0.00034928135573863983,0.0,0.0,0.0,0.0,0.0,0.013599880039691925,0.0,0.0,0.0,9.863870218396187e-06,-0.0002889856696128845,0.0,0.0,0.0,0.0,4.25032339990139e-05,0.0,0.0,0.0,0.0,-4.276446998119354e-05,0.0,0.0
0.0,0.001232994720339775,0.00052681565284729,0.0,0.0,0.00013754167594015598,-3.180629573762417e-05,-0.00017890240997076035,-1.7745420336723328e-05,0.0,0.0,0.00010488368570804596,0.0,0.0,2.0876526832580566e-05,0.0,0.0,0.0,0.0,0.0,0.0,0.0,0.0,0.0,-0.000654333271086216,0.0,7.614493370056152e-06,0.0,0.00027658138424158096,0.0,0.0,0.0,0.0,0.0,0.0,0.0,0.0,-8.312426507472992e-05,0.0,0.0,-5.126325413584709e-05,0.00034927763044834137,0.0,0.0,0.0,0.0,0.0,0.013523615896701813,0.0,0.0,0.0,9.866897016763687e-06,-0.00028898799791932106,0.0,0.0,0.0,0.0,4.2502302676439285e-05,0.0,0.0,0.0,0.0,-4.2766332626342773e-05,0.0,0.0
0.0,0.0012329905293881893,0.0005268175154924393,0.0,0.0,0.00013754144310951233,-3.1810253858566284e-05,-0.00017890240997076035,-1.7745420336723328e-05,0.0,0.0,0.00010487623512744904,0.0,0.0,2.0879320800304413e-05,0.0,0.0,0.0,0.0,0.0,0.0,0.0,0.0,0.0,-0.0006543397903442383,0.0,7.595866918563843e-06,0.0,0.00027658138424158096,0.0,0.0,0.0,0.0,0.0,0.0,0.0,0.0,-8.310936391353607e-05,0.0,0.0,-5.12637197971344e-05,0.0003492850810289383,0.0,0.0,0.0,0.0,0.0,0.013447441160678864,0.0,0.0,0.0,9.869225323200226e-06,-0.00028898753225803375,0.0,0.0,0.0,0.0,4.249671474099159e-05,0.0,0.0,0.0,0.0,-4.2766332626342773e-05,0.0,0.0
0.0,0.0012329895980656147,0.0005268175154924393,0.0,0.0,0.00013754027895629406,-3.181002102792263e-05,-0.00017890054732561111,-1.7745420336723328e-05,0.0,0.0,0.0001048743724822998,0.0,0.0,2.0881183445453644e-05,0.0,0.0,0.0,0.0,0.0,0.0,0.0,0.0,0.0,-0.000654345378279686,0.0,7.577240467071533e-06,0.0,0.0002765785902738571,0.0,0.0,0.0,0.0,0.0,0.0,0.0,0.0,-8.310005068778992e-05,0.0,0.0,-5.12637197971344e-05,0.00034928135573863983,0.0,0.0,0.0,0.0,0.0,0.013371266424655914,0.0,0.0,0.0,9.86829400062561e-06,-0.00028898753225803375,0.0,0.0,0.0,0.0,4.2492058128118515e-05,0.0,0.0,0.0,0.0,-4.275888204574585e-05,0.0,0.0
0.0,0.0012329882010817528,0.0005268175154924393,0.0,0.0,0.00013754284009337425,-3.181304782629013e-05,-0.00017889868468046188,-1.7745420336723328e-05,0.0,0.0,0.00010487250983715057,0.0,0.0,2.088397741317749e-05,0.0,0.0,0.0,0.0,0.0,0.0,0.0,0.0,0.0,-0.000654350034892559,0.0,7.5660645961761475e-06,0.0,0.00027657393366098404,0.0,0.0,0.0,0.0,0.0,0.0,0.0,0.0,-8.310563862323761e-05,0.0,0.0,-5.126558244228363e-05,0.0003492850810289383,0.0,0.0,0.0,0.0,0.0,0.013294197618961334,0.0,0.0,0.0,9.86829400062561e-06,-0.0002889912575483322,0.0,0.0,0.0,0.0,4.2490195482969284e-05,0.0,0.0,0.0,0.0,-4.275515675544739e-05,0.0,0.0
0.0,0.0012329877354204655,0.00052681565284729,0.0,0.0,0.00013754446990787983,-3.181281499564648e-05,-0.00017889682203531265,-1.7745420336723328e-05,0.0,0.0,0.00010487250983715057,0.0,0.0,2.088397741317749e-05,0.0,0.0,0.0,0.0,0.0,0.0,0.0,0.0,0.0,-0.0006543518975377083,0.0,7.5623393058776855e-06,0.0,0.0002765720710158348,0.0,0.0,0.0,0.0,0.0,0.0,0.0,0.0,-8.309446275234222e-05,0.0,0.0,-5.126511678099632e-05,0.0003492850810289383,0.0,0.0,0.0,0.0,0.0,0.013216651976108551,0.0,0.0,0.0,9.867595508694649e-06,-0.0002889907918870449,0.0,0.0,0.0,0.0,4.248926416039467e-05,0.0,0.0,0.0,0.0,-4.275515675544739e-05,0.0,0.0
0.0,0.001232984010130167,0.0005268193781375885,0.0,0.0,0.00013754353858530521,-3.1813979148864746e-05,-0.00017889589071273804,-1.7745420336723328e-05,0.0,0.0,0.00010486878454685211,0.0,0.0,2.0884908735752106e-05,0.0,0.0,0.0,0.0,0.0,0.0,0.0,0.0,0.0,-0.0006543509662151337,0.0,7.554888725280762e-06,0.0,0.0002765664830803871,0.0,0.0,0.0,0.0,0.0,0.0,0.0,0.0,-8.310191333293915e-05,0.0,0.0,-5.126418545842171e-05,0.0003492850810289383,0.0,0.0,0.0,0.0,0.0,0.01313791424036026,0.0,0.0,0.0,9.867362678050995e-06,-0.00028899405151605606,0.0,0.0,0.0,0.0,4.248833283782005e-05,0.0,0.0,0.0,0.0,-4.275515675544739e-05,0.0,0.0
0.0,0.0012329868040978909,0.0005268175154924393,0.0,0.0,0.0001375426072627306,-3.1815143302083015e-05,-0.00017889682203531265,-1.7745420336723328e-05,0.0,0.0,0.00010486692190170288,0.0,0.0,2.0887702703475952e-05,0.0,0.0,0.0,0.0,0.0,0.0,0.0,0.0,0.0,-0.0006543528288602829,0.0,7.556751370429993e-06,0.0,0.0002765664830803871,0.0,0.0,0.0,0.0,0.0,0.0,0.0,0.0,-8.310191333293915e-05,0.0,0.0,-5.1264651119709015e-05,0.00034928135573863983,0.0,0.0,0.0,0.0,0.0,0.0130581334233284,0.0,0.0,0.0,9.868526831269264e-06,-0.00028899405151605606,0.0,0.0,0.0,0.0,4.248460754752159e-05,0.0,0.0,0.0,0.0,-4.275888204574585e-05,0.0,0.0
0.0,0.0012329868040978909,0.0005268193781375885,0.0,0.0,0.00013754190877079964,-3.181304782629013e-05,-0.00017889589071273804,-1.7745420336723328e-05,0.0,0.0,0.00010486319661140442,0.0,0.0,2.0886771380901337e-05,0.0,0.0,0.0,0.0,0.0,0.0,0.0,0.0,0.0,-0.0006543528288602829,0.0,7.5511634349823e-06,0.0,0.0002765646204352379,0.0,0.0,0.0,0.0,0.0,0.0,0.0,0.0,-8.310191333293915e-05,0.0,0.0,-5.126511678099632e-05,0.0003492850810289383,0.0,0.0,0.0,0.0,0.0,0.012976594269275665,0.0,0.0,0.0,9.869225323200226e-06,-0.00028899265453219414,0.0,0.0,0.0,0.0,4.248833283782005e-05,0.0,0.0,0.0,0.0,-4.275515675544739e-05,0.0,0.0
0.0,0.0012329872697591782,0.0005268175154924393,0.0,0.0,0.00013754330575466156,-3.1817005947232246e-05,-0.00017889682203531265,-1.7745420336723328e-05,0.0,0.0,0.00010486133396625519,0.0,0.0,2.0886771380901337e-05,0.0,0.0,0.0,0.0,0.0,0.0,0.0,0.0,0.0,-0.0006543537601828575,0.0,7.549300789833069e-06,0.0,0.0002765646204352379,0.0,0.0,0.0,0.0,0.0,0.0,0.0,0.0,-8.310377597808838e-05,0.0,0.0,-5.1264651119709015e-05,0.0003492850810289383,0.0,0.0,0.0,0.0,0.0,0.01289389282464981,0.0,0.0,0.0,9.86829400062561e-06,-0.00028899405151605606,0.0,0.0,0.0,0.0,4.248647019267082e-05,0.0,0.0,0.0,0.0,-4.275701940059662e-05,0.0,0.0
0.0,0.0012329877354204655,0.0005268175154924393,0.0,0.0,0.0001375430729240179,-3.181584179401398e-05,-0.00017889775335788727,-1.7745420336723328e-05,0.0,0.0,0.00010486692190170288,0.0,0.0,2.0888634026050568e-05,0.0,0.0,0.0,0.0,0.0,0.0,0.0,0.0,0.0,-0.0006543537601828575,0.0,7.5511634349823e-06,0.0,0.0002765590324997902,0.0,0.0,0.0,0.0,0.0,0.0,0.0,0.0,-8.310377597808838e-05,0.0,0.0,-5.126558244228363e-05,0.0003492850810289383,0.0,0.0,0.0,0.0,0.0,0.012809641659259796,0.0,0.0,0.0,9.868526831269264e-06,-0.00028899312019348145,0.0,0.0,0.0,0.0,4.248647019267082e-05,0.0,0.0,0.0,0.0,-4.275701940059662e-05,0.0,0.0
0.0,0.0012329863384366035,0.0005268175154924393,0.0,0.0,0.00013754167594015598,-3.181677311658859e-05,-0.00017889589071273804,-1.7745420336723328e-05,0.0,0.0,0.00010486505925655365,0.0,0.0,2.08904966711998e-05,0.0,0.0,0.0,0.0,0.0,0.0,0.0,0.0,0.0,-0.0006543537601828575,0.0,7.5511634349823e-06,0.0,0.0002765599638223648,0.0,0.0,0.0,0.0,0.0,0.0,0.0,0.0,-8.310377597808838e-05,0.0,0.0,-5.126511678099632e-05,0.0003492850810289383,0.0,0.0,0.0,0.0,0.0,0.012723006308078766,0.0,0.0,0.0,9.866198524832726e-06,-0.00028899405151605606,0.0,0.0,0.0,0.0,4.248833283782005e-05,0.0,0.0,0.0,0.0,-4.275888204574585e-05,0.0,0.0
0.0,0.0012329868040978909,0.0005268175154924393,0.0,0.0,0.00013754377141594887,-3.181654028594494e-05,-0.00017889868468046188,-1.7745420336723328e-05,0.0,0.0,0.00010486505925655365,0.0,0.0,2.0887702703475952e-05,0.0,0.0,0.0,0.0,0.0,0.0,0.0,0.0,0.0,-0.0006543528288602829,0.0,7.5511634349823e-06,0.0,0.00027656182646751404,0.0,0.0,0.0,0.0,0.0,0.0,0.0,0.0,-8.310191333293915e-05,0.0,0.0,-5.1264651119709015e-05,0.0003492869436740875,0.0,0.0,0.0,0.0,0.0,0.012634970247745514,0.0,0.0,0.0,9.867595508694649e-06,-0.00028899312019348145,0.0,0.0,0.0,0.0,4.248926416039467e-05,0.0,0.0,0.0,0.0,-4.275888204574585e-05,0.0,0.0
0.0,0.0012329858727753162,0.0005268175154924393,0.0,0.0,0.00013754097744822502,-3.181491047143936e-05,-0.00017889682203531265,-1.7745420336723328e-05,0.0,0.0,0.00010486319661140442,0.0,0.0,2.0889565348625183e-05,0.0,0.0,0.0,0.0,0.0,0.0,0.0,0.0,0.0,-0.0006543537601828575,0.0,7.5511634349823e-06,0.0,0.00027656275779008865,0.0,0.0,0.0,0.0,0.0,0.0,0.0,0.0,-8.310936391353607e-05,0.0,0.0,-5.126418545842171e-05,0.0003492850810289383,0.0,0.0,0.0,0.0,0.0,0.012544430792331696,0.0,0.0,0.0,9.868759661912918e-06,-0.00028899218887090683,0.0,0.0,0.0,0.0,4.248740151524544e-05,0.0,0.0,0.0,0.0,-4.275888204574585e-05,0.0,0.0
0.0,0.0012329872697591782,0.0005268175154924393,0.0,0.0,0.00013754190877079964,-3.18142119795084e-05,-0.00017889682203531265,-1.7743557691574097e-05,0.0,0.0,0.00010486505925655365,0.0,0.0,2.08904966711998e-05,0.0,0.0,0.0,0.0,0.0,0.0,0.0,0.0,0.0,-0.0006543537601828575,0.0,7.5511634349823e-06,0.0,0.00027656275779008865,0.0,0.0,0.0,0.0,0.0,0.0,0.0,0.0,-8.310936391353607e-05,0.0,0.0,-5.126418545842171e-05,0.0003492850810289383,0.0,0.0,0.0,0.0,0.0,0.012451983988285065,0.0,0.0,0.0,9.866664186120033e-06,-0.00028899218887090683,0.0,0.0,0.0,0.0,4.248740151524544e-05,0.0,0.0,0.0,0.0,-4.275888204574585e-05,0.0,0.0
0.0,0.0012329863384366035,0.0005268175154924393,0.0,0.0,0.00013754190877079964,-3.181374631822109e-05,-0.00017889589071273804,-1.7745420336723328e-05,0.0,0.0,0.00010486505925655365,0.0,0.0,2.0886771380901337e-05,0.0,0.0,0.0,0.0,0.0,0.0,0.0,0.0,0.0,-0.0006543537601828575,0.0,7.5511634349823e-06,0.0,0.00027656275779008865,0.0,0.0,0.0,0.0,0.0,0.0,0.0,0.0,-8.310563862323761e-05,0.0,0.0,-5.12637197971344e-05,0.00034928135573863983,0.0,0.0,0.0,0.0,0.0,0.01235700398683548,0.0,0.0,0.0,9.867595508694649e-06,-0.0002889912575483322,0.0,0.0,0.0,0.0,4.248553887009621e-05,0.0,0.0,0.0,0.0,-4.275701940059662e-05,0.0,0.0
0.0,0.0012329877354204655,0.0005268175154924393,0.0,0.0,0.0001375430729240179,-3.181165084242821e-05,-0.00017889682203531265,-1.7745420336723328e-05,0.0,0.0,0.00010486505925655365,0.0,0.0,2.0886771380901337e-05,0.0,0.0,0.0,0.0,0.0,0.0,0.0,0.0,0.0,-0.0006543537601828575,0.0,7.5511634349823e-06,0.0,0.0002765608951449394,0.0,0.0,0.0,0.0,0.0,0.0,0.0,0.0,-8.310563862323761e-05,0.0,0.0,-5.1264651119709015e-05,0.0003492850810289383,0.0,0.0,0.0,0.0,0.0,0.012259669601917267,0.0,0.0,0.0,9.867828339338303e-06,-0.0002889912575483322,0.0,0.0,0.0,0.0,4.248647019267082e-05,0.0,0.0,0.0,0.0,-4.275888204574585e-05,0.0,0.0
0.0,0.0012329872697591782,0.0005268175154924393,0.0,0.0,0.0001375430729240179,-3.181351348757744e-05,-0.00017889682203531265,-1.7745420336723328e-05,0.0,0.0,0.00010486505925655365,0.0,0.0,2.0884908735752106e-05,0.0,0.0,0.0,0.0,0.0,0.0,0.0,0.0,0.0,-0.0006543546915054321,0.0,7.553026080131531e-06,0.0,0.0002765608951449394,0.0,0.0,0.0,0.0,0.0,0.0,0.0,0.0,-8.310563862323761e-05,0.0,0.0,-5.12637197971344e-05,0.0003492850810289383,0.0,0.0,0.0,0.0,0.0,0.01215953379869461,0.0,0.0,0.0,9.86643135547638e-06,-0.000288989394903183,0.0,0.0,0.0,0.0,4.248647019267082e-05,0.0,0.0,0.0,0.0,-4.275888204574585e-05,0.0,0.0
0.0,0.0012329872697591782,0.0005268175154924393,0.0,0.0,0.00013754470273852348,-3.181677311658859e-05,-0.00017889868468046188,-1.7745420336723328e-05,0.0,0.0,0.00010486319661140442,0.0,0.0,2.0887702703475952e-05,0.0,0.0,0.0,0.0,0.0,0.0,0.0,0.0,0.0,-0.0006543537601828575,0.0,7.5511634349823e-06,0.0,0.00027656275779008865,0.0,0.0,0.0,0.0,0.0,0.0,0.0,0.0,-8.310563862323761e-05,0.0,0.0,-5.126418545842171e-05,0.00034928321838378906,0.0,0.0,0.0,0.0,0.0,0.012056984007358551,0.0,0.0,0.0,9.867362678050995e-06,-0.000288989394903183,0.0,0.0,0.0,0.0,4.248647019267082e-05,0.0,0.0,0.0,0.0,-4.275701940059662e-05,0.0,0.0
0.0,0.0012329877354204655,0.0005268175154924393,0.0,0.0,0.00013754144310951233,-3.181467764079571e-05,-0.00017889682203531265,-1.7743557691574097e-05,0.0,0.0,0.00010486319661140442,0.0,0.0,2.0884908735752106e-05,0.0,0.0,0.0,0.0,0.0,0.0,0.0,0.0,0.0,-0.0006543556228280067,0.0,7.547438144683838e-06,0.0,0.00027656182646751404,0.0,0.0,0.0,0.0,0.0,0.0,0.0,0.0,-8.310563862323761e-05,0.0,0.0,-5.126558244228363e-05,0.00034928135573863983,0.0,0.0,0.0,0.0,0.0,0.01195148378610611,0.0,0.0,0.0,9.868526831269264e-06,-0.000288989394903183,0.0,0.0,0.0,0.0,4.248553887009621e-05,0.0,0.0,0.0,0.0,-4.275888204574585e-05,0.0,0.0
0.0,0.0012329872697591782,0.0005268175154924393,0.0,0.0,0.0001375451683998108,-3.1815143302083015e-05,-0.00017889682203531265,-1.7745420336723328e-05,0.0,0.0,0.00010486692190170288,0.0,0.0,2.0886771380901337e-05,0.0,0.0,0.0,0.0,0.0,0.0,0.0,0.0,0.0,-0.0006543556228280067,0.0,7.549300789833069e-06,0.0,0.00027656368911266327,0.0,0.0,0.0,0.0,0.0,0.0,0.0,0.0,-8.310750126838684e-05,0.0,0.0,-5.126558244228363e-05,0.0003492850810289383,0.0,0.0,0.0,0.0,0.0,0.01184312254190445,0.0,0.0,0.0,9.868759661912918e-06,-0.0002889889292418957,0.0,0.0,0.0,0.0,4.248647019267082e-05,0.0,0.0,0.0,0.0,-4.275888204574585e-05,0.0,0.0
0.0,0.001232985407114029,0.0005268175154924393,0.0,0.0,0.00013754423707723618,-3.18142119795084e-05,-0.00017889682203531265,-1.7745420336723328e-05,0.0,0.0,0.00010486692190170288,0.0,0.0,2.088584005832672e-05,0.0,0.0,0.0,0.0,0.0,0.0,0.0,0.0,0.0,-0.0006543537601828575,0.0,7.547438144683838e-06,0.0,0.00027656182646751404,0.0,0.0,0.0,0.0,0.0,0.0,0.0,0.0,-8.310563862323761e-05,0.0,0.0,-5.1266513764858246e-05,0.0003492850810289383,0.0,0.0,0.0,0.0,0.0,0.011731602251529694,0.0,0.0,0.0,9.86829400062561e-06,-0.000288989394903183,0.0,0.0,0.0,0.0,4.248460754752159e-05,0.0,0.0,0.0,0.0,-4.275888204574585e-05,0.0,0.0
0.0,0.001232985407114029,0.0005268175154924393,0.0,0.0,0.00013754423707723618,-3.181793726980686e-05,-0.00017889495939016342,-1.7745420336723328e-05,0.0,0.0,0.00010486319661140442,0.0,0.0,2.0884908735752106e-05,0.0,0.0,0.0,0.0,0.0,0.0,0.0,0.0,0.0,-0.0006543546915054321,0.0,7.549300789833069e-06,0.0,0.0002765608951449394,0.0,0.0,0.0,0.0,0.0,0.0,0.0,0.0,-8.310563862323761e-05,0.0,0.0,-5.12637197971344e-05,0.00034928321838378906,0.0,0.0,0.0,0.0,0.0,0.011616893112659454,0.0,0.0,0.0,9.867595508694649e-06,-0.0002889898605644703,0.0,0.0,0.0,0.0,4.2483676224946976e-05,0.0,0.0,0.0,0.0,-4.275888204574585e-05,0.0,0.0
0.0,0.001232985407114029,0.0005268175154924393,0.0,0.0,0.00013754377141594887,-3.181677311658859e-05,-0.00017889589071273804,-1.7745420336723328e-05,0.0,0.0,0.00010486505925655365,0.0,0.0,2.0886771380901337e-05,0.0,0.0,0.0,0.0,0.0,0.0,0.0,0.0,0.0,-0.0006543528288602829,0.0,7.547438144683838e-06,0.0,0.0002765599638223648,0.0,0.0,0.0,0.0,0.0,0.0,0.0,0.0,-8.310377597808838e-05,0.0,0.0,-5.12637197971344e-05,0.0003492850810289383,0.0,0.0,0.0,0.0,0.0,0.01149902492761612,0.0,0.0,0.0,9.867828339338303e-06,-0.0002889903262257576,0.0,0.0,0.0,0.0,4.2483676224946976e-05,0.0,0.0,0.0,0.0,-4.275515675544739e-05,0.0,0.0
0.0,0.0012329849414527416,0.0005268193781375885,0.0,0.0,0.00013754284009337425,-3.1813979148864746e-05,-0.00017889868468046188,-1.774728298187256e-05,0.0,0.0,0.00010486505925655365,0.0,0.0,2.0884908735752106e-05,0.0,0.0,0.0,0.0,0.0,0.0,0.0,0.0,0.0,-0.0006543518975377083,0.0,7.547438144683838e-06,0.0,0.00027656368911266327,0.0,0.0,0.0,0.0,0.0,0.0,0.0,0.0,-8.310563862323761e-05,0.0,0.0,-5.12637197971344e-05,0.00034928135573863983,0.0,0.0,0.0,0.0,0.0,0.011377878487110138,0.0,0.0,0.0,9.867828339338303e-06,-0.0002889912575483322,0.0,0.0,0.0,0.0,4.2483676224946976e-05,0.0,0.0,0.0,0.0,-4.275888204574585e-05,0.0,0.0
0.0,0.001232985407114029,0.0005268175154924393,0.0,0.0,0.0001375430729240179,-3.181677311658859e-05,-0.00017889682203531265,-1.7745420336723328e-05,0.0,0.0,0.00010486505925655365,0.0,0.0,2.0889565348625183e-05,0.0,0.0,0.0,0.0,0.0,0.0,0.0,0.0,0.0,-0.0006543537601828575,0.0,7.547438144683838e-06,0.0,0.0002765608951449394,0.0,0.0,0.0,0.0,0.0,0.0,0.0,0.0,-8.310377597808838e-05,0.0,0.0,-5.12637197971344e-05,0.0003492850810289383,0.0,0.0,0.0,0.0,0.0,0.011253364384174347,0.0,0.0,0.0,9.867362678050995e-06,-0.0002889912575483322,0.0,0.0,0.0,0.0,4.248647019267082e-05,0.0,0.0,0.0,0.0,-4.276260733604431e-05,0.0,0.0
0.0,0.0012329863384366035,0.0005268175154924393,0.0,0.0,0.00013754190877079964,-3.1817005947232246e-05,-0.00017889682203531265,-1.7745420336723328e-05,0.0,0.0,0.00010486319661140442,0.0,0.0,2.0886771380901337e-05,0.0,0.0,0.0,0.0,0.0,0.0,0.0,0.0,0.0,-0.0006543537601828575,0.0,7.549300789833069e-06,0.0,0.0002765599638223648,0.0,0.0,0.0,0.0,0.0,0.0,0.0,0.0,-8.310191333293915e-05,0.0,0.0,-5.12637197971344e-05,0.0003492850810289383,0.0,0.0,0.0,0.0,0.0,0.011125124990940094,0.0,0.0,0.0,9.867828339338303e-06,-0.0002889912575483322,0.0,0.0,0.0,0.0,4.248740151524544e-05,0.0,0.0,0.0,0.0,-4.275888204574585e-05,0.0,0.0
0.0,0.0012329863384366035,0.0005268175154924393,0.0,0.0,0.00013754377141594887,-3.1817005947232246e-05,-0.0001788930967450142,-1.7745420336723328e-05,0.0,0.0,0.00010486505925655365,0.0,0.0,2.088584005832672e-05,0.0,0.0,0.0,0.0,0.0,0.0,0.0,0.0,0.0,-0.0006543537601828575,0.0,7.549300789833069e-06,0.0,0.00027656368911266327,0.0,0.0,0.0,0.0,0.0,0.0,0.0,0.0,-8.310191333293915e-05,0.0,0.0,-5.1262788474559784e-05,0.00034928135573863983,0.0,0.0,0.0,0.0,0.0,0.01099354773759842,0.0,0.0,0.0,9.869690984487534e-06,-0.0002889903262257576,0.0,0.0,0.0,0.0,4.248553887009621e-05,0.0,0.0,0.0,0.0,-4.275888204574585e-05,0.0,0.0
0.0,0.0012329868040978909,0.0005268175154924393,0.0,0.0,0.00013754353858530521,-3.181491047143936e-05,-0.00017889495939016342,-1.774914562702179e-05,0.0,0.0,0.00010486505925655365,0.0,0.0,2.0883046090602875e-05,0.0,0.0,0.0,0.0,0.0,0.0,0.0,0.0,0.0,-0.0006543537601828575,0.0,7.5511634349823e-06,0.0,0.00027656275779008865,0.0,0.0,0.0,0.0,0.0,0.0,0.0,0.0,-8.310563862323761e-05,0.0,0.0,-5.12637197971344e-05,0.0003492850810289383,0.0,0.0,0.0,0.0,0.0,0.010858453810214996,0.0,0.0,0.0,9.868061169981956e-06,-0.0002889903262257576,0.0,0.0,0.0,0.0,4.248740151524544e-05,0.0,0.0,0.0,0.0,-4.276260733604431e-05,0.0,0.0
0.0,0.0012329863384366035,0.0005268175154924393,0.0,0.0,0.0001375426072627306,-3.181537613272667e-05,-0.00017889868468046188,-1.7745420336723328e-05,0.0,0.0,0.00010486505925655365,0.0,0.0,2.0886771380901337e-05,0.0,0.0,0.0,0.0,0.0,0.0,0.0,0.0,0.0,-0.0006543537601828575,0.0,7.5511634349823e-06,0.0,0.0002765608951449394,0.0,0.0,0.0,0.0,0.0,0.0,0.0,0.0,-8.310563862323761e-05,0.0,0.0,-5.126325413584709e-05,0.00034928321838378906,0.0,0.0,0.0,0.0,0.0,0.010719485580921173,0.0,0.0,0.0,9.866664186120033e-06,-0.0002889903262257576,0.0,0.0,0.0,0.0,4.248647019267082e-05,0.0,0.0,0.0,0.0,-4.275888204574585e-05,0.0,0.0
0.0,0.0012329849414527416,0.0005268212407827377,0.0,0.0,0.0001375395804643631,-3.1817005947232246e-05,-0.00017889682203531265,-1.774914562702179e-05,0.0,0.0,0.00010486505925655365,0.0,0.0,2.0886771380901337e-05,0.0,0.0,0.0,0.0,0.0,0.0,0.0,0.0,0.0,-0.0006543556228280067,0.0,7.545575499534607e-06,0.0,0.0002765646204352379,0.0,0.0,0.0,0.0,0.0,0.0,0.0,0.0,-8.310377597808838e-05,0.0,0.0,-5.126185715198517e-05,0.00034928321838378906,0.0,0.0,0.0,0.0,0.0,0.010576881468296051,0.0,0.0,0.0,9.867828339338303e-06,-0.00028898846358060837,0.0,0.0,0.0,0.0,4.248553887009621e-05,0.0,0.0,0.0,0.0,-4.275515675544739e-05,0.0,0.0
0.0,0.0012329858727753162,0.0005268175154924393,0.0,0.0,0.00013754121027886868,-3.1815143302083015e-05,-0.00017889682203531265,-1.774914562702179e-05,0.0,0.0,0.00010486505925655365,0.0,0.0,2.088584005832672e-05,0.0,0.0,0.0,0.0,0.0,0.0,0.0,0.0,0.0,-0.0006543556228280067,0.0,7.549300789833069e-06,0.0,0.00027656275779008865,0.0,0.0,0.0,0.0,0.0,0.0,0.0,0.0,-8.310563862323761e-05,0.0,0.0,-5.1264651119709015e-05,0.00034928135573863983,0.0,0.0,0.0,0.0,0.0,0.010430730879306793,0.0,0.0,0.0,9.869690984487534e-06,-0.0002889903262257576,0.0,0.0,0.0,0.0,4.248460754752159e-05,0.0,0.0,0.0,0.0,-4.275888204574585e-05,0.0,0.0
0.0,0.001232985407114029,0.0005268193781375885,0.0,0.0,0.00013754190877079964,-3.181374631822109e-05,-0.00017889868468046188,-1.7745420336723328e-05,0.0,0.0,0.00010486319661140442,0.0,0.0,2.0888634026050568e-05,0.0,0.0,0.0,0.0,0.0,0.0,0.0,0.0,0.0,-0.0006543537601828575,0.0,7.547438144683838e-06,0.0,0.0002765646204352379,0.0,0.0,0.0,0.0,0.0,0.0,0.0,0.0,-8.310563862323761e-05,0.0,0.0,-5.126511678099632e-05,0.0003492850810289383,0.0,0.0,0.0,0.0,0.0,0.010280705988407135,0.0,0.0,0.0,9.871087968349457e-06,-0.0002889917232096195,0.0,0.0,0.0,0.0,4.248740151524544e-05,0.0,0.0,0.0,0.0,-4.275515675544739e-05,0.0,0.0
0.0,0.0012329849414527416,0.0005268175154924393,0.0,0.0,0.00013754167594015598,-3.181584179401398e-05,-0.00017889589071273804,-1.7745420336723328e-05,0.0,0.0,0.00010486133396625519,0.0,0.0,2.0888634026050568e-05,0.0,0.0,0.0,0.0,0.0,0.0,0.0,0.0,0.0,-0.0006543537601828575,0.0,7.547438144683838e-06,0.0,0.0002765664830803871,0.0,0.0,0.0,0.0,0.0,0.0,0.0,0.0,-8.310191333293915e-05,0.0,0.0,-5.1262788474559784e-05,0.00034928321838378906,0.0,0.0,0.0,0.0,0.0,0.010127313435077667,0.0,0.0,0.0,9.868526831269264e-06,-0.00028899218887090683,0.0,0.0,0.0,0.0,4.248553887009621e-05,0.0,0.0,0.0,0.0,-4.274584352970123e-05,0.0,0.0
0.0,0.0012329872697591782,0.00052681565284729,0.0,0.0,0.00013754470273852348,-3.181584179401398e-05,-0.00017889682203531265,-1.774728298187256e-05,0.0,0.0,0.00010486505925655365,0.0,0.0,2.088584005832672e-05,0.0,0.0,0.0,0.0,0.0,0.0,0.0,0.0,0.0,-0.0006543518975377083,0.0,7.549300789833069e-06,0.0,0.0002765646204352379,0.0,0.0,0.0,0.0,0.0,0.0,0.0,0.0,-8.310563862323761e-05,0.0,0.0,-5.1262322813272476e-05,0.0003492869436740875,0.0,0.0,0.0,0.0,0.0,0.00996989756822586,0.0,0.0,0.0,9.868759661912918e-06,-0.0002889907918870449,0.0,0.0,0.0,0.0,4.248460754752159e-05,0.0,0.0,0.0,0.0,-4.2747706174850464e-05,0.0,0.0
0.0,0.0012329863384366035,0.0005268175154924393,0.0,0.0,0.00013754377141594887,-3.181467764079571e-05,-0.00017889682203531265,-1.774728298187256e-05,0.0,0.0,0.00010486133396625519,0.0,0.0,2.088584005832672e-05,0.0,0.0,0.0,0.0,0.0,0.0,0.0,0.0,0.0,-0.0006543528288602829,0.0,7.5511634349823e-06,0.0,0.00027656182646751404,0.0,0.0,0.0,0.0,0.0,0.0,0.0,0.0,-8.310377597808838e-05,0.0,0.0,-5.1262788474559784e-05,0.0003492850810289383,0.0,0.0,0.0,0.0,0.0,0.009809412062168121,0.0,0.0,0.0,9.870855137705803e-06,-0.0002889917232096195,0.0,0.0,0.0,0.0,4.248647019267082e-05,0.0,0.0,0.0,0.0,-4.274211823940277e-05,0.0,0.0
0.0,0.0012329872697591782,0.0005268175154924393,0.0,0.0,0.00013754633255302906,-3.181258216500282e-05,-0.00017889682203531265,-1.7745420336723328e-05,0.0,0.0,0.00010486133396625519,0.0,0.0,2.0886771380901337e-05,0.0,0.0,0.0,0.0,0.0,0.0,0.0,0.0,0.0,-0.0006543556228280067,0.0,7.547438144683838e-06,0.0,0.00027656275779008865,0.0,0.0,0.0,0.0,0.0,0.0,0.0,0.0,-8.310191333293915e-05,0.0,0.0,-5.12637197971344e-05,0.00034928321838378906,0.0,0.0,0.0,0.0,0.0,0.009645052254199982,0.0,0.0,0.0,9.872717782855034e-06,-0.0002889907918870449,0.0,0.0,0.0,0.0,4.2483676224946976e-05,0.0,0.0,0.0,0.0,-4.2732805013656616e-05,0.0,0.0
0.0,0.0012329844757914543,0.0005268193781375885,0.0,0.0,0.00013754377141594887,-3.18142119795084e-05,-0.00017889868468046188,-1.774914562702179e-05,0.0,0.0,0.00010486133396625519,0.0,0.0,2.0886771380901337e-05,0.0,0.0,0.0,0.0,0.0,0.0,0.0,0.0,0.0,-0.0006543481722474098,0.0,7.543712854385376e-06,0.0,0.0002765608951449394,0.0,0.0,0.0,0.0,0.0,0.0,0.0,0.0,-8.309818804264069e-05,0.0,0.0,-5.126511678099632e-05,0.0003492850810289383,0.0,0.0,0.0,0.0,0.0,0.009477652609348297,0.0,0.0,0.0,9.875278919935226e-06,-0.0002889903262257576,0.0,0.0,0.0,0.0,4.248553887009621e-05,0.0,0.0,0.0,0.0,-4.272162914276123e-05,0.0,0.0
0.0,0.0012329835444688797,0.0005268193781375885,0.0,0.0,0.00013753841631114483,-3.181910142302513e-05,-0.00017889868468046188,-1.774914562702179e-05,0.0,0.0,0.00010485760867595673,0.0,0.0,2.0883046090602875e-05,0.0,0.0,0.0,0.0,0.0,0.0,0.0,0.0,0.0,-0.0006543463096022606,0.0,7.543712854385376e-06,0.0,0.00027656275779008865,0.0,0.0,0.0,0.0,0.0,0.0,0.0,0.0,-8.310191333293915e-05,0.0,0.0,-5.126418545842171e-05,0.00034928135573863983,0.0,0.0,0.0,0.0,0.0,0.00930691510438919,0.0,0.0,0.0,9.881099686026573e-06,-0.0002889898605644703,0.0,0.0,0.0,0.0,4.248647019267082e-05,0.0,0.0,0.0,0.0,-4.2710453271865845e-05,0.0,0.0
0.0,0.0012329872697591782,0.0005268137902021408,0.0,0.0,0.00013753492385149002,-3.18232923746109e-05,-0.00017890054732561111,-1.775287091732025e-05,0.0,0.0,0.0001048501580953598,0.0,0.0,2.0884908735752106e-05,0.0,0.0,0.0,0.0,0.0,0.0,0.0,0.0,0.0,-0.0006543416529893875,0.0,7.543712854385376e-06,0.0,0.0002765646204352379,0.0,0.0,0.0,0.0,0.0,0.0,0.0,0.0,-8.309446275234222e-05,0.0,0.0,-5.1264651119709015e-05,0.00034927763044834137,0.0,0.0,0.0,0.0,0.0,0.00913313776254654,0.0,0.0,0.0,9.889714419841766e-06,-0.00028898846358060837,0.0,0.0,0.0,0.0,4.2481813579797745e-05,0.0,0.0,0.0,0.0,-4.268810153007507e-05,0.0,0.0
0.0,0.0012329858727753162,0.0005268175154924393,0.0,0.0,0.0001375335268676281,-3.183400258421898e-05,-0.00017890240997076035,-1.775287091732025e-05,0.0,0.0,0.00010484643280506134,0.0,0.0,2.088584005832672e-05,0.0,0.0,0.0,0.0,0.0,0.0,0.0,0.0,0.0,-0.000654333271086216,0.0,7.545575499534607e-06,0.0,0.00027656368911266327,0.0,0.0,0.0,0.0,0.0,0.0,0.0,0.0,-8.309818804264069e-05,0.0,0.0,-5.1264651119709015e-05,0.00034927576780319214,0.0,0.0,0.0,0.0,0.0,0.008956797420978546,0.0,0.0,0.0,9.898561984300613e-06,-0.0002889903262257576,0.0,0.0,0.0,0.0,4.248088225722313e-05,0.0,0.0,0.0,0.0,-4.2652711272239685e-05,0.0,0.0
0.0,0.0012329835444688797,0.0005268137902021408,0.0,0.0,0.0001375284045934677,-3.1839823350310326e-05,-0.00017890240997076035,-1.7756596207618713e-05,0.0,0.0,0.00010483525693416595,0.0,0.0,2.0884908735752106e-05,0.0,0.0,0.0,0.0,0.0,0.0,0.0,0.0,0.0,-0.0006543220952153206,0.0,7.543712854385376e-06,0.0,0.00027656182646751404,0.0,0.0,0.0,0.0,0.0,0.0,0.0,0.0,-8.310377597808838e-05,0.0,0.0,-5.1266513764858246e-05,0.0003492720425128937,0.0,0.0,0.0,0.0,0.0,0.00877804309129715,0.0,0.0,0.0,9.919749572873116e-06,-0.0002889856696128845,0.0,0.0,0.0,0.0,4.2481813579797745e-05,0.0,0.0,0.0,0.0,-4.2613595724105835e-05,0.0,0.0
0.0,0.0012329807505011559,0.0005268100649118423,0.0,0.0,0.00013751070946455002,-3.186240792274475e-05,-0.00017890240997076035,-1.7760321497917175e-05,0.0,0.0,0.00010481476783752441,0.0,0.0,2.0886771380901337e-05,0.0,0.0,0.0,0.0,0.0,0.0,0.0,0.0,0.0,-0.0006543071940541267,0.0,7.547438144683838e-06,0.0,0.0002765581011772156,0.0,0.0,0.0,0.0,0.0,0.0,0.0,0.0,-8.310563862323761e-05,0.0,0.0,-5.127163603901863e-05,0.00034926459193229675,0.0,0.0,0.0,0.0,0.0,0.008596189320087433,0.0,0.0,0.0,9.952578693628311e-06,-0.0002889838069677353,0.0,0.0,0.0,0.0,4.247436299920082e-05,0.0,0.0,0.0,0.0,-4.254467785358429e-05,0.0,0.0
0.0,0.0012329742312431335,0.0005268026143312454,0.0,0.0,0.0001374911516904831,-3.190198913216591e-05,-0.00017890240997076035,-1.77677720785141e-05,0.0,0.0,0.00010479241609573364,0.0,0.0,2.0888634026050568e-05,0.0,0.0,0.0,0.0,0.0,0.0,0.0,0.0,0.0,-0.0006542829796671867,0.0,7.543712854385376e-06,0.0,0.0002765534445643425,0.0,0.0,0.0,0.0,0.0,0.0,0.0,0.0,-8.310377597808838e-05,0.0,0.0,-5.128234624862671e-05,0.0003492552787065506,0.0,0.0,0.0,0.0,0.0,0.008413083851337433,0.0,0.0,0.0,1.0000541806221008e-05,-0.0002889791503548622,0.0,0.0,0.0,0.0,4.247063770890236e-05,0.0,0.0,0.0,0.0,-4.2438507080078125e-05,0.0,0.0
0.0,0.0012329565361142159,0.0005267895758152008,0.0,0.0,0.00013745669275522232,-3.1968578696250916e-05,-0.00017890799790620804,-1.777149736881256e-05,0.0,0.0,0.00010474584996700287,0.0,0.0,2.088584005832672e-05,0.0,0.0,0.0,0.0,0.0,0.0,0.0,0.0,0.0,-0.0006542457267642021,0.0,7.549300789833069e-06,0.0,0.0002765487879514694,0.0,0.0,0.0,0.0,0.0,0.0,0.0,0.0,-8.310377597808838e-05,0.0,0.0,-5.1305629312992096e-05,0.00034922920167446136,0.0,0.0,0.0,0.0,0.0,0.008227832615375519,0.0,0.0,0.0,1.0083895176649094e-05,-0.0002889665775001049,0.0,0.0,0.0,0.0,4.245014861226082e-05,0.0,0.0,0.0,0.0,-4.2304396629333496e-05,0.0,0.0
0.0,0.0012329351156949997,0.0005267690867185593,0.0,0.0,0.00013740011490881443,-3.2068463042378426e-05,-0.0001789173111319542,-1.7777085304260254e-05,0.0,0.0,0.00010467879474163055,0.0,0.0,2.0886771380901337e-05,0.0,0.0,0.0,0.0,0.0,0.0,0.0,0.0,0.0,-0.0006541889160871506,0.0,7.556751370429993e-06,0.0,0.00027653854340314865,0.0,0.0,0.0,0.0,0.0,0.0,0.0,0.0,-8.310936391353607e-05,0.0,0.0,-5.134986713528633e-05,0.00034919939935207367,0.0,0.0,0.0,0.0,0.0,0.008040644228458405,0.0,0.0,0.0,1.0216375812888145e-05,-0.0002889493480324745,0.0,0.0,0.0,0.0,4.242872819304466e-05,0.0,0.0,0.0,0.0,-4.2105093598365784e-05,0.0,0.0
0.0,0.0012328997254371643,0.0005267355591058731,0.0,0.0,0.0001373144332319498,-3.223191015422344e-05,-0.00017893314361572266,-1.7782673239707947e-05,0.0,0.0,0.00010458193719387054,0.0,0.0,2.0884908735752106e-05,0.0,0.0,0.0,0.0,0.0,0.0,0.0,0.0,0.0,-0.000654115341603756,0.0,7.588416337966919e-06,0.0,0.0002765245735645294,0.0,0.0,0.0,0.0,0.0,0.0,0.0,0.0,-8.315034210681915e-05,0.0,0.0,-5.142204463481903e-05,0.00034914538264274597,0.0,0.0,0.0,0.0,0.0,0.00785190612077713,0.0,0.0,0.0,1.0424759238958359e-05,-0.00028892047703266144,0.0,0.0,0.0,0.0,4.2386818677186966e-05,0.0,0.0,0.0,0.0,-4.1816383600234985e-05,0.0,0.0
0.0,0.0012328498996794224,0.0005266740918159485,0.0,0.0,0.00013717333786189556,-3.249943256378174e-05,-0.00017895642668008804,-1.7782673239707947e-05,0.0,0.0,0.00010443851351737976,0.0,0.0,2.0883046090602875e-05,0.0,0.0,0.0,0.0,0.0,0.0,0.0,0.0,0.0,-0.000654011033475399,0.0,7.64802098274231e-06,0.0,0.00027650315314531326,0.0,0.0,0.0,0.0,0.0,0.0,0.0,0.0,-8.322857320308685e-05,0.0,0.0,-5.155755206942558e-05,0.00034905970096588135,0.0,0.0,0.0,0.0,0.0,0.0076604560017585754,0.0,0.0,0.0,1.0760035365819931e-05,-0.00028886646032333374,0.0,0.0,0.0,0.0,4.2316969484090805e-05,0.0,0.0,0.0,0.0,-4.139915108680725e-05,0.0,0.0
0.0,0.001232803799211979,0.0005265753716230392,0.0,0.0,0.00013696448877453804,-3.2912008464336395e-05,-0.0001790085807442665,-1.777149736881256e-05,0.0,0.0,0.00010421127080917358,0.0,0.0,2.0877458155155182e-05,0.0,0.0,0.0,0.0,0.0,0.0,0.0,0.0,0.0,-0.0006538787856698036,0.0,7.770955562591553e-06,0.0,0.00027647707611322403,0.0,0.0,0.0,0.0,0.0,0.0,0.0,0.0,-8.339248597621918e-05,0.0,0.0,-5.178619176149368e-05,0.0003489311784505844,0.0,0.0,0.0,0.0,0.0,0.007467247545719147,0.0,0.0,0.0,1.1279480531811714e-05,-0.0002887742593884468,0.0,0.0,0.0,0.0,4.2193103581666946e-05,0.0,0.0,0.0,0.0,-4.0803104639053345e-05,0.0,0.0
0.0,0.0012327725999057293,0.0005264095962047577,0.0,0.0,0.0001366487704217434,-3.353063948452473e-05,-0.00017910730093717575,-1.7745420336723328e-05,0.0,0.0,0.00010386668145656586,0.0,0.0,2.085324376821518e-05,0.0,0.0,0.0,0.0,0.0,0.0,0.0,0.0,0.0,-0.0006537223234772682,0.0,7.987022399902344e-06,0.0,0.00027646124362945557,0.0,0.0,0.0,0.0,0.0,0.0,0.0,0.0,-8.367002010345459e-05,0.0,0.0,-5.2164774388074875e-05,0.00034873373806476593,0.0,0.0,0.0,0.0,0.0,0.007269568741321564,0.0,0.0,0.0,1.2082979083061218e-05,-0.00028859730809926987,0.0,0.0,0.0,0.0,4.1985418647527695e-05,0.0,0.0,0.0,0.0,-3.994069993495941e-05,0.0,0.0
0.0,0.0012328317388892174,0.0005261246114969254,0.0,0.0,0.00013618450611829758,-3.446941263973713e-05,-0.00017929915338754654,-1.7682090401649475e-05,0.0,0.0,0.00010334700345993042,0.0,0.0,2.08122655749321e-05,0.0,0.0,0.0,0.0,0.0,0.0,0.0,0.0,0.0,-0.0006535695865750313,0.0,8.340924978256226e-06,0.0,0.000276452861726284,0.0,0.0,0.0,0.0,0.0,0.0,0.0,0.0,-8.407235145568848e-05,0.0,0.0,-5.276314914226532e-05,0.0003484375774860382,0.0,0.0,0.0,0.0,0.0,0.007067687809467316,0.0,0.0,0.0,1.330208033323288e-05,-0.00028828438371419907,0.0,0.0,0.0,0.0,4.163989797234535e-05,0.0,0.0,0.0,0.0,-3.869831562042236e-05,0.0,0.0
0.0,0.0012330934405326843,0.0005256477743387222,0.0,0.0,0.0001355151180177927,-3.585196100175381e-05,-0.00017965491861104965,-1.755543053150177e-05,0.0,0.0,0.00010256841778755188,0.0,0.0,2.0736828446388245e-05,0.0,0.0,0.0,0.0,0.0,0.0,0.0,0.0,0.0,-0.000653482973575592,0.0,8.87364149093628e-06,0.0,0.0002764863893389702,0.0,0.0,0.0,0.0,0.0,0.0,0.0,0.0,-8.457154035568237e-05,0.0,0.0,-5.367584526538849e-05,0.0003480147570371628,0.0,0.0,0.0,0.0,0.0,0.00685543566942215,0.0,0.0,0.0,1.5122350305318832e-05,-0.0002877376973628998,0.0,0.0,0.0,0.0,4.1064340621232986e-05,0.0,0.0,0.0,0.0,-3.692135214805603e-05,0.0,0.0
0.0,0.0012337672524154186,0.0005248449742794037,0.0,0.0,0.00013455981388688087,-3.78522090613842e-05,-0.0001803068444132805,-1.7346814274787903e-05,0.0,0.0,0.00010143034160137177,0.0,0.0,2.0605511963367462e-05,0.0,0.0,0.0,0.0,0.0,0.0,0.0,0.0,0.0,-0.000653599388897419,0.0,9.622424840927124e-06,0.0,0.0002766149118542671,0.0,0.0,0.0,0.0,0.0,0.0,0.0,0.0,-8.500553667545319e-05,0.0,0.0,-5.500391125679016e-05,0.0003474187105894089,0.0,0.0,0.0,0.0,0.0,0.006634511053562164,0.0,0.0,0.0,1.776660792529583e-05,-0.00028679147362709045,0.0,0.0,0.0,0.0,4.0098559111356735e-05,0.0,0.0,0.0,0.0,-3.4362077713012695e-05,0.0,0.0
0.0,0.0012351758778095245,0.0005234982818365097,0.0,0.0,0.00013319333083927631,-4.0672486647963524e-05,-0.00018144864588975906,-1.7033889889717102e-05,0.0,0.0,9.97837632894516e-05,0.0,0.0,2.0380131900310516e-05,0.0,0.0,0.0,0.0,0.0,0.0,0.0,0.0,0.0,-0.0006541945040225983,0.0,1.0546296834945679e-05,0.0,0.0002769501879811287,0.0,0.0,0.0,0.0,0.0,0.0,0.0,0.0,-8.50185751914978e-05,0.0,0.0,-5.682464689016342e-05,0.00034662894904613495,0.0,0.0,0.0,0.0,0.0,0.0063891783356666565,0.0,0.0,0.0,2.1493062376976013e-05,-0.00028522079810500145,0.0,0.0,0.0,0.0,3.849295899271965e-05,0.0,0.0,0.0,0.0,-3.071129322052002e-05,0.0,0.0
0.0,0.001237756572663784,0.0005212705582380295,0.0,0.0,0.00013118167407810688,-4.454096779227257e-05,-0.0001833699643611908,-1.6629695892333984e-05,0.0,0.0,9.747222065925598e-05,0.0,0.0,2.001877874135971e-05,0.0,0.0,0.0,0.0,0.0,0.0,0.0,0.0,0.0,-0.000655781477689743,0.0,1.1451542377471924e-05,0.0,0.0002777017652988434,0.0,0.0,0.0,0.0,0.0,0.0,0.0,0.0,-8.408911526203156e-05,0.0,0.0,-5.9137120842933655e-05,0.00034564174711704254,0.0,0.0,0.0,0.0,0.0,0.006127096712589264,0.0,0.0,0.0,2.6538735255599022e-05,-0.0002827206626534462,0.0,0.0,0.0,0.0,3.581540659070015e-05,0.0,0.0,0.0,0.0,-2.555176615715027e-05,0.0,0.0
0.0,0.001242003869265318,0.0005175918340682983,0.0,0.0,0.000128129031509161,-4.965183325111866e-05,-0.0001864330843091011,-1.6240403056144714e-05,0.0,0.0,9.433366358280182e-05,0.0,0.0,1.9466504454612732e-05,0.0,0.0,0.0,0.0,0.0,0.0,0.0,0.0,0.0,-0.0006592785939574242,0.0,1.1926516890525818e-05,0.0,0.00027931854128837585,0.0,0.0,0.0,0.0,0.0,0.0,0.0,0.0,-8.151307702064514e-05,0.0,0.0,-6.170431151986122e-05,0.0003445576876401901,0.0,0.0,0.0,0.0,0.0,0.005810566246509552,0.0,0.0,0.0,3.3025629818439484e-05,-0.0002789427526295185,0.0,0.0,0.0,0.0,3.138510510325432e-05,0.0,0.0,0.0,0.0,-1.8384307622909546e-05,0.0,0.0
0.0,0.001248326152563095,0.00051153264939785,0.0,0.0,0.00012340745888650417,-5.600880831480026e-05,-0.00019102729856967926,-1.6165897250175476e-05,0.0,0.0,9.028799831867218e-05,0.0,0.0,1.8642283976078033e-05,0.0,0.0,0.0,0.0,0.0,0.0,0.0,0.0,0.0,-0.0006662774831056595,0.0,1.115351915359497e-05,0.0,0.00028271134942770004,0.0,0.0,0.0,0.0,0.0,0.0,0.0,0.0,-7.67875462770462e-05,0.0,0.0,-6.392691284418106e-05,0.0003436040133237839,0.0,0.0,0.0,0.0,0.0,0.0054670944809913635,0.0,0.0,0.0,4.07644547522068e-05,-0.00027363747358322144,0.0,0.0,0.0,0.0,2.419808879494667e-05,0.0,0.0,0.0,0.0,-8.733943104743958e-06,0.0,0.0
0.0,0.0012567187659442425,0.000501556321978569,0.0,0.0,0.00011613336391746998,-6.324145942926407e-05,-0.00019736867398023605,-1.7095357179641724e-05,0.0,0.0,8.545443415641785e-05,0.0,0.0,1.7403624951839447e-05,0.0,0.0,0.0,0.0,0.0,0.0,0.0,0.0,0.0,-0.0006794342771172523,0.0,7.910653948783875e-06,0.0,0.000289388932287693,0.0,0.0,0.0,0.0,0.0,0.0,0.0,0.0,-7.019005715847015e-05,0.0,0.0,-6.453320384025574e-05,0.00034335069358348846,0.0,0.0,0.0,0.0,0.0,0.005009450018405914,0.0,0.0,0.0,4.901643842458725e-05,-0.0002669086679816246,0.0,0.0,0.0,0.0,1.2922566384077072e-05,0.0,0.0,0.0,0.0,3.557652235031128e-06,0.0,0.0
0.0,0.0012662452645599842,0.0004850495606660843,0.0,0.0,0.00010539661161601543,-7.02075194567442e-05,-0.00020508188754320145,-2.0310282707214355e-05,0.0,0.0,8.033029735088348e-05,0.0,0.0,1.560896635055542e-05,0.0,0.0,0.0,0.0,0.0,0.0,0.0,0.0,0.0,-0.000703105702996254,0.0,6.761401891708374e-07,0.0,0.0003012660890817642,0.0,0.0,0.0,0.0,0.0,0.0,0.0,0.0,-6.35143369436264e-05,0.0,0.0,-6.136996671557426e-05,0.00034480728209018707,0.0,0.0,0.0,0.0,0.0,0.004528753459453583,0.0,0.0,0.0,5.616527050733566e-05,-0.00025966716930270195,0.0,0.0,0.0,0.0,-3.939028829336166e-06,0.0,0.0,0.0,0.0,1.770816743373871e-05,0.0,0.0
0.0,0.0012744227424263954,0.00045768730342388153,0.0,0.0,9.083142504096031e-05,-7.444852963089943e-05,-0.00021267030388116837,-2.7960166335105896e-05,0.0,0.0,7.610581815242767e-05,0.0,0.0,1.3149343430995941e-05,0.0,0.0,0.0,0.0,0.0,0.0,0.0,0.0,0.0,-0.0007442040368914604,0.0,-1.181289553642273e-05,0.0,0.0003195451572537422,0.0,0.0,0.0,0.0,0.0,0.0,0.0,0.0,-6.0731545090675354e-05,0.0,0.0,-5.133217200636864e-05,0.0003496576100587845,0.0,0.0,0.0,0.0,0.0,0.0038165077567100525,0.0,0.0,0.0,5.948334001004696e-05,-0.0002541337162256241,0.0,0.0,0.0,0.0,-2.7406495064496994e-05,0.0,0.0,0.0,0.0,3.0916184186935425e-05,0.0,0.0
0.0,0.0012767869047820568,0.0004127752035856247,0.0,0.0,7.369951345026493e-05,-7.172790355980396e-05,-0.00021690968424081802,-4.31109219789505e-05,0.0,0.0,7.492117583751678e-05,0.0,0.0,1.0165385901927948e-05,0.0,0.0,0.0,0.0,0.0,0.0,0.0,0.0,0.0,-0.0008134143427014351,0.0,-2.9359012842178345e-05,0.0,0.0003420719876885414,0.0,0.0,0.0,0.0,0.0,0.0,0.0,0.0,-6.754323840141296e-05,0.0,0.0,-3.084121271967888e-05,0.00036039017140865326,0.0,0.0,0.0,0.0,0.0,0.0031550005078315735,0.0,0.0,0.0,5.52651472389698e-05,-0.0002540736459195614,0.0,0.0,0.0,0.0,-5.672452971339226e-05,0.0,0.0,0.0,0.0,3.7126243114471436e-05,0.0,0.0
0.0,0.0012672711163759232,0.0003411099314689636,0.0,0.0,5.8241188526153564e-05,-5.589774809777737e-05,-0.00021294131875038147,-6.932951509952545e-05,0.0,0.0,8.00061970949173e-05,0.0,0.0,7.727183401584625e-06,0.0,0.0,0.0,0.0,0.0,0.0,0.0,0.0,0.0,-0.0009266510605812073,0.0,-4.83877956867218e-05,0.0,0.00036016199737787247,0.0,0.0,0.0,0.0,0.0,0.0,0.0,0.0,-8.862651884555817e-05,0.0,0.0,2.53971666097641e-06,0.000380123034119606,0.0,0.0,0.0,0.0,0.0,0.0020409002900123596,0.0,0.0,0.0,3.9776554331183434e-05,-0.0002637426368892193,0.0,0.0,0.0,0.0,-8.723745122551918e-05,0.0,0.0,0.0,0.0,2.651102840900421e-05,0.0,0.0
0.0,0.0012404564768075943,0.0002317037433385849,0.0,0.0,5.193171091377735e-05,-2.0277919247746468e-05,-0.00019632559269666672,-0.00010919012129306793,0.0,0.0,9.534694254398346e-05,0.0,0.0,9.034760296344757e-06,0.0,0.0,0.0,0.0,0.0,0.0,0.0,0.0,0.0,-0.0011064456775784492,0.0,-6.0111284255981445e-05,0.0,0.00035865046083927155,0.0,0.0,0.0,0.0,0.0,0.0,0.0,0.0,-0.00012205541133880615,0.0,0.0,4.711560904979706e-05,0.00041192956268787384,0.0,0.0,0.0,0.0,0.0,0.0012873783707618713,0.0,0.0,0.0,1.1501600965857506e-05,-0.000284313689917326,0.0,0.0,0.0,0.0,-0.00010800128802657127,0.0,0.0,0.0,0.0,-1.1045485734939575e-05,0.0,0.0
0.0,0.0011965679004788399,7.241033017635345e-05,0.0,0.0,6.234413012862206e-05,3.862124867737293e-05,-0.00016863737255334854,-0.00016122497618198395,0.0,0.0,0.00012442655861377716,0.0,0.0,2.1412968635559082e-05,0.0,0.0,0.0,0.0,0.0,0.0,0.0,0.0,0.0,-0.0013819364830851555,0.0,-5.0965696573257446e-05,0.0,0.00032635685056447983,0.0,0.0,0.0,0.0,0.0,0.0,0.0,0.0,-0.00015214085578918457,0.0,0.0,9.341910481452942e-05,0.00045737437903881073,0.0,0.0,0.0,0.0,0.0,-0.0003470107913017273,0.0,0.0,0.0,-2.5343848392367363e-05,-0.0003069732338190079,0.0,0.0,0.0,0.0,-0.0001009269617497921,0.0,0.0,0.0,0.0,-7.457658648490906e-05,0.0,0.0
0.0,0.0011487780138850212,-0.00015541911125183105,0.0,0.0,8.749263361096382e-05,0.00011433032341301441,-0.00014630239456892014,-0.00021514855325222015,0.0,0.0,0.00016791187226772308,0.0,0.0,5.764048546552658e-05,0.0,0.0,0.0,0.0,0.0,0.0,0.0,0.0,0.0,-0.00178441870957613,0.0,-9.348616003990173e-06,0.0,0.0002814829349517822,0.0,0.0,0.0,0.0,0.0,0.0,0.0,0.0,-0.00014703534543514252,0.0,0.0,0.000124308280646801,0.0005151648074388504,0.0,0.0,0.0,0.0,0.0,-0.0006365105509757996,0.0,0.0,0.0,-5.814293399453163e-05,-0.0003055189736187458,0.0,0.0,0.0,0.0,-4.5849476009607315e-05,0.0,0.0,0.0,0.0,-0.00013181008398532867,0.0,0.0
0.0,0.001127956435084343,-0.0005000773817300797,0.0,0.0,0.00010022358037531376,0.000184348551556468,-0.00016568880528211594,-0.0002456270158290863,0.0,0.0,0.00022066570818424225,0.0,0.0,0.0001333281397819519,0.0,0.0,0.0,0.0,0.0,0.0,0.0,0.0,0.0,-0.0023316098377108574,0.0,5.718134343624115e-05,0.0,0.00029721856117248535,0.0,0.0,0.0,0.0,0.0,0.0,0.0,0.0,-7.285177707672119e-05,0.0,0.0,0.00012812763452529907,0.0005834531038999557,0.0,0.0,0.0,0.0,0.0,-0.0027324482798576355,0.0,0.0,0.0,-6.983289495110512e-05,-0.00023905374109745026,0.0,0.0,0.0,0.0,6.25872053205967e-05,0.0,0.0,0.0,0.0,-0.00010832026600837708,0.0,0.0
0.0,0.0011727698147296906,-0.001088099554181099,0.0,0.0,3.825174644589424e-05,0.00021630129776895046,-0.0002655675634741783,-0.00020297802984714508,0.0,0.0,0.0002701263874769211,0.0,0.0,0.0002547893673181534,0.0,0.0,0.0,0.0,0.0,0.0,0.0,0.0,0.0,-0.0029881028458476067,0.0,9.857118129730225e-05,0.0,0.00047543272376060486,0.0,0.0,0.0,0.0,0.0,0.0,0.0,0.0,6.52708113193512e-05,0.0,0.0,0.00013487692922353745,0.0006732475012540817,0.0,0.0,0.0,0.0,0.0,-0.0009652748703956604,0.0,0.0,0.0,-5.908752791583538e-05,-8.156616240739822e-05,0.0,0.0,0.0,0.0,0.00018420210108160973,0.0,0.0,0.0,0.0,5.860626697540283e-05,0.0,0.0
0.0,0.0012883199378848076,-0.002161668613553047,0.0,0.0,-0.00017135776579380035,0.00020391074940562248,-0.0004259524866938591,1.1937692761421204e-05,0.0,0.0,0.0002988819032907486,0.0,0.0,0.0004014112055301666,0.0,0.0,0.0,0.0,0.0,0.0,0.0,0.0,0.0,-0.0035842889919877052,0.0,2.3808330297470093e-05,0.0,0.0008027218282222748,0.0,0.0,0.0,0.0,0.0,0.0,0.0,0.0,0.00016925297677516937,0.0,0.0,0.0002578161656856537,0.0008360613137483597,0.0,0.0,0.0,0.0,0.0,-0.0040100738406181335,0.0,0.0,0.0,-7.790769450366497e-05,0.00012685079127550125,0.0,0.0,0.0,0.0,0.00020799553021788597,0.0,0.0,0.0,0.0,0.0002457350492477417,0.0,0.0
0.0,0.0013782773166894913,-0.003955995664000511,0.0,0.0,-0.0005337356124073267,0.00021228264085948467,-0.0005021989345550537,0.0006254669278860092,0.0,0.0,0.00029395706951618195,0.0,0.0,0.0005506770685315132,0.0,0.0,0.0,0.0,0.0,0.0,0.0,0.0,0.0,-0.003680863417685032,0.0,-0.000199928879737854,0.0,0.0009484272450208664,0.0,0.0,0.0,0.0,0.0,0.0,0.0,0.0,6.311200559139252e-05,0.0,0.0,0.0006379997357726097,0.001162465661764145,0.0,0.0,0.0,0.0,0.0,0.0017111077904701233,0.0,0.0,0.0,-0.00023682741448283195,0.00030300673097372055,0.0,0.0,0.0,0.0,5.487818270921707e-06,0.0,0.0,0.0,0.0,2.6103109121322632e-05,0.0,0.0
0.0,0.001246788538992405,-0.006161404773592949,0.0,0.0,-0.0009602739010006189,0.00024293502792716026,-0.00038020219653844833,0.002141866832971573,0.0,0.0,0.0002564825117588043,0.0,0.0,0.000859944149851799,0.0,0.0,0.0,0.0,0.0,0.0,0.0,0.0,0.0,-0.002402033656835556,0.0,-0.00030710920691490173,0.0,0.0004065316170454025,0.0,0.0,0.0,0.0,0.0,0.0,0.0,0.0,-0.0002677515149116516,0.0,0.0,0.0011229431256651878,0.0015785172581672668,0.0,0.0,0.0,0.0,0.0,-0.0032563433051109314,0.0,0.0,0.0,-0.0005094120278954506,0.0005761263892054558,0.0,0.0,0.0,0.0,-0.00030658114701509476,0.0,0.0,0.0,0.0,-0.0006457455456256866,0.0,0.0
0.0,0.0008818348869681358,-0.007005160674452782,0.0,0.0,-0.0015915967524051666,-0.0003821845166385174,-0.0005714977160096169,0.0052308011800050735,0.0,0.0,0.00013465620577335358,0.0,0.0,0.0018395185470581055,0.0,0.0,0.0,0.0,0.0,0.0,0.0,0.0,0.0,0.0016296235844492912,0.0,0.00023597106337547302,0.0,-0.0004834011197090149,0.0,0.0,0.0,0.0,0.0,0.0,0.0,0.0,-0.00028587132692337036,0.0,0.0,0.0010536774061620235,0.0012307744473218918,0.0,0.0,0.0,0.0,0.0,0.007429115474224091,0.0,0.0,0.0,-0.0002430938184261322,0.001293419860303402,0.0,0.0,0.0,0.0,-3.460561856627464e-05,0.0,0.0,0.0,0.0,2.6982277631759644e-05,0.0,0.0
0.0,0.0005393843166530132,-0.0045899804681539536,0.0,0.0,-0.0011144692543894053,-0.0012921260204166174,-0.00044747721403837204,0.008509773761034012,0.0,0.0,5.639903247356415e-05,0.0,0.0,0.0023766132071614265,0.0,0.0,0.0,0.0,0.0,0.0,0.0,0.0,0.0,0.009257516823709011,0.0,-0.0001156385987997055,0.0,-0.0010945368558168411,0.0,0.0,0.0,0.0,0.0,0.0,0.0,0.0,-0.00026926957070827484,0.0,0.0,0.001357809640467167,-4.949048161506653e-06,0.0,0.0,0.0,0.0,0.0,0.01336970180273056,0.0,0.0,0.0,0.0003187276888638735,0.001577676273882389,0.0,0.0,0.0,0.0,-6.483541801571846e-05,0.0,0.0,0.0,0.0,0.0015527699142694473,0.0,0.0
