LLD_0,LLD_1,LLD_2,LLD_3,LLD_4,LLD_5,LLD_6,LLD_7,LLD_8,LLD_9,LLD_10,LLD_11,LLD_12,LLD_13,LLD_14,LLD_15,LLD_16,LLD_17,LLD_18,LLD_19,LLD_20,LLD_21,LLD_22,LLD_23,LLD_24,LLD_25,LLD_26,LLD_27,LLD_28,LLD_29,LLD_30,LLD_31,LLD_32,LLD_33,LLD_34,LLD_35,LLD_36,LLD_37,LLD_38,LLD_39,LLD_40,LLD_41,LLD_42,LLD_43,LLD_44,LLD_45,LLD_46,LLD_47,LLD_48,LLD_49,LLD_50,LLD_51,LLD_52,LLD_53,LLD_54,LLD_55,LLD_56,LLD_57,LLD_58,LLD_59,LLD_60,LLD_61,LLD_62,LLD_63,LLD_64
0.0,0.0008971039205789566,2.385101318359375,0.613497,0.0,0.10399934649467468,0.2415521889925003,0.9530996680259705,0.26400256156921387,0.7440532,1.001712,0.09779712557792664,2.385577,2.263669,0.7408716082572937,1.027081,2.865705,0.114,0.39,0.03,0.1082774,0.3865031,0.196319,0.1042945,0.04434645175933838,0.4753087,0.5345531105995178,0.004297945,-2.232792377471924,1.570132,-0.08392632,-0.5679026,0.2584398,4.957666,0.2392638,0.7361963,0.7059612,0.9930472373962402,1.660864,0.2954684,0.5282257199287415,0.7802467942237854,0.3039612,4.575345,4.271384,0.9692309,1.670235,9.317947387695312,0.185,0.38,0.05,0.14785310626029968,0.22392751276493073,0.09202454,0.03067485,0.01226994,0.5061728,0.5538302659988403,0.03238105,-1.822663,1.004192,0.09532821,-0.06242185831069946,-0.03539583,0.236351
0.0,0.001102249138057232,0.0015227068215608597,0.0,0.0,-0.0002388153225183487,0.00048555247485637665,-6.300397217273712e-06,5.795806646347046e-05,0.0,0.0,-9.459815919399261e-05,0.0,0.0,-0.00039208773523569107,0.0,0.0,0.0,0.0,0.0,0.0,0.0,0.0,0.0,0.0007431255653500557,0.0,-9.495392441749573e-05,0.0,0.003072335384786129,0.0,0.0,0.0,0.0,0.0,0.0,0.0,0.0,0.00020121969282627106,0.0,0.0,0.00015641748905181885,-0.0024266205728054047,0.0,0.0,0.0,0.0,0.0,0.09804201871156693,0.0,0.0,0.0,-0.0009693121537566185,-0.002124161459505558,0.0,0.0,0.0,0.0,-7.364293560385704e-05,0.0,0.0,0.0,0.0,-0.000607665628194809,0.0,0.0
0.0,0.0011392789892852306,0.001596737653017044,0.0,0.0,-0.00037077045999467373,0.0002456491347402334,-0.00017494242638349533,0.0007266104221343994,0.0,0.0,0.0001627560704946518,0.0,0.0,-0.0003034016117453575,0.0,0.0,0.0,0.0,0.0,0.0,0.0,0.0,0.0,0.0014794962480664253,0.0,-3.176368772983551e-05,0.0,0.001203595194965601,0.0,0.0,0.0,0.0,0.0,0.0,0.0,0.0,-0.0002279970794916153,0.0,0.0,-0.000261564739048481,0.00013950280845165253,0.0,0.0,0.0,0.0,0.0,0.07720748335123062,0.0,0.0,0.0,0.00034232879988849163,-0.00046176835894584656,0.0,0.0,0.0,0.0,-5.9907324612140656e-06,0.0,0.0,0.0,0.0,-0.0003240462392568588,0.0,0.0
0.0,0.001214579213410616,0.0013446565717458725,0.0,0.0,-4.96420543640852e-05,3.746664151549339e-05,-0.0001506330445408821,0.0006965138018131256,0.0,0.0,0.00016978196799755096,0.0,0.0,0.00010240171104669571,0.0,0.0,0.0,0.0,0.0,0.0,0.0,0.0,0.0,0.0010165916755795479,0.0,3.688409924507141e-05,0.0,0.0003020400181412697,0.0,0.0,0.0,0.0,0.0,0.0,0.0,0.0,-0.00019724853336811066,0.0,0.0,0.00015055574476718903,0.0005466621369123459,0.0,0.0,0.0,0.0,0.0,0.057736434042453766,0.0,0.0,0.0,5.615502595901489e-05,-0.00044948654249310493,0.0,0.0,0.0,0.0,9.403331205248833e-05,0.0,0.0,0.0,0.0,-0.00013834238052368164,0.0,0.0
0.0,0.0012487559579312801,0.0006559882313013077,0.0,0.0,-2.447841688990593e-05,4.799896851181984e-05,-0.00010705459862947464,0.0003660377115011215,0.0,0.0,9.671226143836975e-05,0.0,0.0,0.0001164870336651802,0.0,0.0,0.0,0.0,0.0,0.0,0.0,0.0,0.0,0.00038955267518758774,0.0,8.032470941543579e-05,0.0,0.0002873232588171959,0.0,0.0,0.0,0.0,0.0,0.0,0.0,0.0,-0.00012018531560897827,0.0,0.0,-7.643643766641617e-05,-0.00010820664465427399,0.0,0.0,0.0,0.0,0.0,0.045593686401844025,0.0,0.0,0.0,-4.1268765926361084e-05,-0.0003426726907491684,0.0,0.0,0.0,0.0,-5.584908649325371e-05,0.0,0.0,0.0,0.0,8.542835712432861e-05,0.0,0.0
0.0,0.0012449710629880428,0.0005006734281778336,0.0,0.0,-8.011003956198692e-06,9.719980880618095e-06,-0.00011921580880880356,0.0001238752156496048,0.0,0.0,8.24909657239914e-05,0.0,0.0,7.773935794830322e-05,0.0,0.0,0.0,0.0,0.0,0.0,0.0,0.0,0.0,-6.963219493627548e-05,0.0,9.291432797908783e-05,0.0,0.0005521159619092941,0.0,0.0,0.0,0.0,0.0,0.0,0.0,0.0,-8.741207420825958e-05,0.0,0.0,-4.78038564324379e-05,0.00028088875114917755,0.0,0.0,0.0,0.0,0.0,0.03550869971513748,0.0,0.0,0.0,-2.3413682356476784e-05,-0.00035475147888064384,0.0,0.0,0.0,0.0,-3.3618416637182236e-05,0.0,0.0,0.0,0.0,-0.000135127454996109,0.0,0.0
0.0,0.0012300708331167698,0.0005227569490671158,0.0,0.0,2.8249109163880348e-05,-9.394949302077293e-06,-0.00012447964400053024,3.176741302013397e-05,0.0,0.0,0.00010209158062934875,0.0,0.0,4.034209996461868e-05,0.0,0.0,0.0,0.0,0.0,0.0,0.0,0.0,0.0,-0.0003398759290575981,0.0,8.038431406021118e-05,0.0,0.0005673430860042572,0.0,0.0,0.0,0.0,0.0,0.0,0.0,0.0,-7.43567943572998e-05,0.0,0.0,0.00017402367666363716,0.0005951765924692154,0.0,0.0,0.0,0.0,0.0,0.028167016804218292,0.0,0.0,0.0,-4.9611786380410194e-05,-0.00035105086863040924,0.0,0.0,0.0,0.0,4.621688276529312e-06,0.0,0.0,0.0,0.0,-0.0001229364424943924,0.0,0.0
0.0,0.0012197052128612995,0.0005377307534217834,0.0,0.0,6.541702896356583e-05,-1.4762161299586296e-05,-0.00013128388673067093,5.850568413734436e-06,0.0,0.0,0.00011591427028179169,0.0,0.0,1.2586824595928192e-05,0.0,0.0,0.0,0.0,0.0,0.0,0.0,0.0,0.0,-0.0004821987822651863,0.0,5.607679486274719e-05,0.0,0.00045222602784633636,0.0,0.0,0.0,0.0,0.0,0.0,0.0,0.0,-6.666593253612518e-05,0.0,0.0,0.00018669618293642998,0.0005724914371967316,0.0,0.0,0.0,0.0,0.0,0.023117490112781525,0.0,0.0,0.0,-4.495261237025261e-05,-0.00032827164977788925,0.0,0.0,0.0,0.0,2.493569627404213e-05,0.0,0.0,0.0,0.0,-9.483471512794495e-05,0.0,0.0
0.0,0.0012170551344752312,0.000538267195224762,0.0,0.0,9.504519402980804e-05,-1.8002232536673546e-05,-0.00014286208897829056,-2.520158886909485e-06,0.0,0.0,0.00011777132749557495,0.0,0.0,-1.7257407307624817e-06,0.0,0.0,0.0,0.0,0.0,0.0,0.0,0.0,0.0,-0.0005537085235118866,0.0,3.414414823055267e-05,0.0,0.00034801382571458817,0.0,0.0,0.0,0.0,0.0,0.0,0.0,0.0,-6.133690476417542e-05,0.0,0.0,0.00010159704834222794,0.00045300833880901337,0.0,0.0,0.0,0.0,0.0,0.019982822239398956,0.0,0.0,0.0,-2.6166904717683792e-05,-0.00030978675931692123,0.0,0.0,0.0,0.0,3.388291224837303e-05,0.0,0.0,0.0,0.0,-7.19558447599411e-05,0.0,0.0
0.0,0.0012196660973131657,0.0005365703254938126,0.0,0.0,0.0001140739768743515,-2.185022458434105e-05,-0.00015482865273952484,-6.677582859992981e-06,0.0,0.0,0.000113731250166893,0.0,0.0,-4.578381776809692e-06,0.0,0.0,0.0,0.0,0.0,0.0,0.0,0.0,0.0,-0.000590197741985321,0.0,2.014264464378357e-05,0.0,0.000290771946310997,0.0,0.0,0.0,0.0,0.0,0.0,0.0,0.0,-5.958974361419678e-05,0.0,0.0,2.7970876544713974e-05,0.00037128664553165436,0.0,0.0,0.0,0.0,0.0,0.018256373703479767,0.0,0.0,0.0,-1.0404270142316818e-05,-0.0002992246299982071,0.0,0.0,0.0,0.0,3.648689016699791e-05,0.0,0.0,0.0,0.0,-5.842559039592743e-05,0.0,0.0
0.0,0.0012242896482348442,0.0005351938307285309,0.0,0.0,0.00012453971430659294,-2.570217475295067e-05,-0.00016410741955041885,-9.173527359962463e-06,0.0,0.0,0.00010906718671321869,0.0,0.0,-1.0011717677116394e-06,0.0,0.0,0.0,0.0,0.0,0.0,0.0,0.0,0.0,-0.0006103627383708954,0.0,1.3418495655059814e-05,0.0,0.00026934128254652023,0.0,0.0,0.0,0.0,0.0,0.0,0.0,0.0,-6.202608346939087e-05,0.0,0.0,-1.3498589396476746e-05,0.0003375411033630371,0.0,0.0,0.0,0.0,0.0,0.01740337163209915,0.0,0.0,0.0,-7.809139788150787e-07,-0.0002937270328402519,0.0,0.0,0.0,0.0,3.674859181046486e-05,0.0,0.0,0.0,0.0,-5.042180418968201e-05,0.0,0.0
0.0,0.0012287367135286331,0.0005338471382856369,0.0,0.0,0.00012989109382033348,-2.877810038626194e-05,-0.00017022062093019485,-1.1002644896507263e-05,0.0,0.0,0.00010594725608825684,0.0,0.0,4.571862518787384e-06,0.0,0.0,0.0,0.0,0.0,0.0,0.0,0.0,0.0,-0.0006229067221283913,0.0,1.1291354894638062e-05,0.0,0.0002664634957909584,0.0,0.0,0.0,0.0,0.0,0.0,0.0,0.0,-6.758049130439758e-05,0.0,0.0,-3.374926745891571e-05,0.0003287903964519501,0.0,0.0,0.0,0.0,0.0,0.016995586454868317,0.0,0.0,0.0,4.4014304876327515e-06,-0.00029094330966472626,0.0,0.0,0.0,0.0,3.683241084218025e-05,0.0,0.0,0.0,0.0,-4.617124795913696e-05,0.0,0.0
0.0,0.0012320410460233688,0.0005324892699718475,0.0,0.0,0.00013265968300402164,-3.0829571187496185e-05,-0.00017390679568052292,-1.2638047337532043e-05,0.0,0.0,0.00010449998080730438,0.0,0.0,9.651295840740204e-06,0.0,0.0,0.0,0.0,0.0,0.0,0.0,0.0,0.0,-0.000631566159427166,0.0,1.1280179023742676e-05,0.0,0.0002705175429582596,0.0,0.0,0.0,0.0,0.0,0.0,0.0,0.0,-7.428787648677826e-05,0.0,0.0,-4.367297515273094e-05,0.0003294963389635086,0.0,0.0,0.0,0.0,0.0,0.01675669103860855,0.0,0.0,0.0,7.109483703970909e-06,-0.00028961990028619766,0.0,0.0,0.0,0.0,3.736047074198723e-05,0.0,0.0,0.0,0.0,-4.408881068229675e-05,0.0,0.0
0.0,0.0012340573593974113,0.0005312375724315643,0.0,0.0,0.00013423501513898373,-3.1984876841306686e-05,-0.0001760413870215416,-1.41095370054245e-05,0.0,0.0,0.00010416842997074127,0.0,0.0,1.3405457139015198e-05,0.0,0.0,0.0,0.0,0.0,0.0,0.0,0.0,0.0,-0.0006379084661602974,0.0,1.1811032891273499e-05,0.0,0.00027562305331230164,0.0,0.0,0.0,0.0,0.0,0.0,0.0,0.0,-8.039548993110657e-05,0.0,0.0,-4.857778549194336e-05,0.0003332924097776413,0.0,0.0,0.0,0.0,0.0,0.016545988619327545,0.0,0.0,0.0,8.517410606145859e-06,-0.00028907787054777145,0.0,0.0,0.0,0.0,3.826385363936424e-05,0.0,0.0,0.0,0.0,-4.3161213397979736e-05,0.0,0.0
0.0,0.0012350166216492653,0.0005301628261804581,0.0,0.0,0.00013522780500352383,-3.2505253329873085e-05,-0.00017726793885231018,-1.531653106212616e-05,0.0,0.0,0.00010436028242111206,0.0,0.0,1.58846378326416e-05,0.0,0.0,0.0,0.0,0.0,0.0,0.0,0.0,0.0,-0.0006426321342587471,0.0,1.2140721082687378e-05,0.0,0.00027950387448072433,0.0,0.0,0.0,0.0,0.0,0.0,0.0,0.0,-8.489564061164856e-05,0.0,0.0,-5.078362300992012e-05,0.0003376435488462448,0.0,0.0,0.0,0.0,0.0,0.016312189400196075,0.0,0.0,0.0,9.234528988599777e-06,-0.00028890231624245644,0.0,0.0,0.0,0.0,3.928365185856819e-05,0.0,0.0,0.0,0.0,-4.2788684368133545e-05,0.0,0.0
0.0,0.0012352685444056988,0.0005292780697345734,0.0,0.0,0.0001359127927571535,-3.26535664498806e-05,-0.00017797667533159256,-1.6219913959503174e-05,0.0,0.0,0.00010468624532222748,0.0,0.0,1.745019108057022e-05,0.0,0.0,0.0,0.0,0.0,0.0,0.0,0.0,0.0,-0.0006461320444941521,0.0,1.2075528502464294e-05,0.0,0.0002816608175635338,0.0,0.0,0.0,0.0,0.0,0.0,0.0,0.0,-8.751451969146729e-05,0.0,0.0,-5.157431587576866e-05,0.0003414209932088852,0.0,0.0,0.0,0.0,0.0,0.016053147614002228,0.0,0.0,0.0,9.575393050909042e-06,-0.00028888601809740067,0.0,0.0,0.0,0.0,4.0236394852399826e-05,0.0,0.0,0.0,0.0,-4.267692565917969e-05,0.0,0.0
0.0,0.0012351158075034618,0.0005285721272230148,0.0,0.0,0.00013641081750392914,-3.259535878896713e-05,-0.0001783939078450203,-1.6842037439346313e-05,0.0,0.0,0.00010496936738491058,0.0,0.0,1.8431805074214935e-05,0.0,0.0,0.0,0.0,0.0,0.0,0.0,0.0,0.0,-0.0006486764177680016,0.0,1.1680647730827332e-05,0.0,0.0002823714166879654,0.0,0.0,0.0,0.0,0.0,0.0,0.0,0.0,-8.851662278175354e-05,0.0,0.0,-5.1711685955524445e-05,0.0003442559391260147,0.0,0.0,0.0,0.0,0.0,0.015783019363880157,0.0,0.0,0.0,9.729526937007904e-06,-0.00028891023248434067,0.0,0.0,0.0,0.0,4.1002873331308365e-05,0.0,0.0,0.0,0.0,-4.266016185283661e-05,0.0,0.0
0.0,0.0012347828596830368,0.0005280300974845886,0.0,0.0,0.0001367749646306038,-3.2464275136590004e-05,-0.0001786341890692711,-1.724623143672943e-05,0.0,0.0,0.00010513700544834137,0.0,0.0,1.9074417650699615e-05,0.0,0.0,0.0,0.0,0.0,0.0,0.0,0.0,0.0,-0.0006504915654659271,0.0,1.1082738637924194e-05,0.0,0.00028212275356054306,0.0,0.0,0.0,0.0,0.0,0.0,0.0,0.0,-8.839182555675507e-05,0.0,0.0,-5.162367597222328e-05,0.0003461819142103195,0.0,0.0,0.0,0.0,0.0,0.01551789790391922,0.0,0.0,0.0,9.794021025300026e-06,-0.0002889428287744522,0.0,0.0,0.0,0.0,4.15644608438015e-05,0.0,0.0,0.0,0.0,-4.2673200368881226e-05,0.0,0.0
0.0,0.001234397292137146,0.000527629628777504,0.0,0.0,0.00013703573495149612,-3.2312702387571335e-05,-0.00017878133803606033,-1.749396324157715e-05,0.0,0.0,0.00010521523654460907,0.0,0.0,1.9533559679985046e-05,0.0,0.0,0.0,0.0,0.0,0.0,0.0,0.0,0.0,-0.0006517646834254265,0.0,1.0423362255096436e-05,0.0,0.0002813497558236122,0.0,0.0,0.0,0.0,0.0,0.0,0.0,0.0,-8.765235543251038e-05,0.0,0.0,-5.1495153456926346e-05,0.00034741684794425964,0.0,0.0,0.0,0.0,0.0,0.015268243849277496,0.0,0.0,0.0,9.818002581596375e-06,-0.0002889670431613922,0.0,0.0,0.0,0.0,4.194723442196846e-05,0.0,0.0,0.0,0.0,-4.269741475582123e-05,0.0,0.0
0.0,0.0012340424582362175,0.0005273427814245224,0.0,0.0,0.00013721617870032787,-3.217579796910286e-05,-0.00017885863780975342,-1.763366162776947e-05,0.0,0.0,0.00010521896183490753,0.0,0.0,1.987256109714508e-05,0.0,0.0,0.0,0.0,0.0,0.0,0.0,0.0,0.0,-0.0006526364013552666,0.0,9.803101420402527e-06,0.0,0.0002803867682814598,0.0,0.0,0.0,0.0,0.0,0.0,0.0,0.0,-8.667074143886566e-05,0.0,0.0,-5.138665437698364e-05,0.0003481712192296982,0.0,0.0,0.0,0.0,0.0,0.015039600431919098,0.0,0.0,0.0,9.830109775066376e-06,-0.00028898240998387337,0.0,0.0,0.0,0.0,4.219496622681618e-05,0.0,0.0,0.0,0.0,-4.2710453271865845e-05,0.0,0.0
0.0,0.0012337439693510532,0.0005271453410387039,0.0,0.0,0.00013733608648180962,-3.207335248589516e-05,-0.00017889682203531265,-1.770816743373871e-05,0.0,0.0,0.00010518170893192291,0.0,0.0,2.01324000954628e-05,0.0,0.0,0.0,0.0,0.0,0.0,0.0,0.0,0.0,-0.0006532305851578712,0.0,9.257346391677856e-06,0.0,0.0002794479951262474,0.0,0.0,0.0,0.0,0.0,0.0,0.0,0.0,-8.570961654186249e-05,0.0,0.0,-5.1307957619428635e-05,0.00034862570464611053,0.0,0.0,0.0,0.0,0.0,0.014832116663455963,0.0,0.0,0.0,9.8345335572958e-06,-0.0002889838069677353,0.0,0.0,0.0,0.0,4.234863445162773e-05,0.0,0.0,0.0,0.0,-4.272721707820892e-05,0.0,0.0
0.0,0.001233512070029974,0.0005270112305879593,0.0,0.0,0.00013742060400545597,-3.199605271220207e-05,-0.00017892010509967804,-1.7743557691574097e-05,0.0,0.0,0.00010513141751289368,0.0,0.0,2.033170312643051e-05,0.0,0.0,0.0,0.0,0.0,0.0,0.0,0.0,0.0,-0.0006536217406392097,0.0,8.814036846160889e-06,0.0,0.0002786340191960335,0.0,0.0,0.0,0.0,0.0,0.0,0.0,0.0,-8.489377796649933e-05,0.0,0.0,-5.1258131861686707e-05,0.0003488939255475998,0.0,0.0,0.0,0.0,0.0,0.014644689857959747,0.0,0.0,0.0,9.839888662099838e-06,-0.0002889912575483322,0.0,0.0,0.0,0.0,4.2432453483343124e-05,0.0,0.0,0.0,0.0,-4.273653030395508e-05,0.0,0.0
0.0,0.0012333439663052559,0.0005269292742013931,0.0,0.0,0.00013747252523899078,-3.193086013197899e-05,-0.00017892662435770035,-1.7756596207618713e-05,0.0,0.0,0.00010507367551326752,0.0,0.0,2.0485371351242065e-05,0.0,0.0,0.0,0.0,0.0,0.0,0.0,0.0,0.0,-0.0006538815796375275,0.0,8.46758484840393e-06,0.0,0.00027799420058727264,0.0,0.0,0.0,0.0,0.0,0.0,0.0,0.0,-8.427910506725311e-05,0.0,0.0,-5.123857408761978e-05,0.0003490503877401352,0.0,0.0,0.0,0.0,0.0,0.014474786818027496,0.0,0.0,0.0,9.845942258834839e-06,-0.0002889949828386307,0.0,0.0,0.0,0.0,4.247622564435005e-05,0.0,0.0,0.0,0.0,-4.2732805013656616e-05,0.0,0.0
0.0,0.001233221497386694,0.0005268771201372147,0.0,0.0,0.00013750698417425156,-3.189430572092533e-05,-0.00017892662435770035,-1.7758458852767944e-05,0.0,0.0,0.00010502152144908905,0.0,0.0,2.0605511963367462e-05,0.0,0.0,0.0,0.0,0.0,0.0,0.0,0.0,0.0,-0.0006540520116686821,0.0,8.199363946914673e-06,0.0,0.000277508981525898,0.0,0.0,0.0,0.0,0.0,0.0,0.0,0.0,-8.382834494113922e-05,0.0,0.0,-5.122646689414978e-05,0.00034914351999759674,0.0,0.0,0.0,0.0,0.0,0.01431942731142044,0.0,0.0,0.0,9.850133210420609e-06,-0.0002889949828386307,0.0,0.0,0.0,0.0,4.249857738614082e-05,0.0,0.0,0.0,0.0,-4.2743980884552e-05,0.0,0.0
0.0,0.0012331390753388405,0.0005268510431051254,0.0,0.0,0.0001375274732708931,-3.186427056789398e-05,-0.00017892476171255112,-1.7758458852767944e-05,0.0,0.0,0.00010498054325580597,0.0,0.0,2.068188041448593e-05,0.0,0.0,0.0,0.0,0.0,0.0,0.0,0.0,0.0,-0.0006541628390550613,0.0,8.007511496543884e-06,0.0,0.0002771681174635887,0.0,0.0,0.0,0.0,0.0,0.0,0.0,0.0,-8.353032171726227e-05,0.0,0.0,-5.1233451813459396e-05,0.0003491956740617752,0.0,0.0,0.0,0.0,0.0,0.014176703989505768,0.0,0.0,0.0,9.856186807155609e-06,-0.00028899218887090683,0.0,0.0,0.0,0.0,4.2502302676439285e-05,0.0,0.0,0.0,0.0,-4.2749568819999695e-05,0.0,0.0
0.0,0.001233082264661789,0.0005268324166536331,0.0,0.0,0.00013753492385149002,-3.185076639056206e-05,-0.00017891451716423035,-1.7756596207618713e-05,0.0,0.0,0.00010494701564311981,0.0,0.0,2.0745210349559784e-05,0.0,0.0,0.0,0.0,0.0,0.0,0.0,0.0,0.0,-0.0006542298942804337,0.0,7.867813110351562e-06,0.0,0.00027694273740053177,0.0,0.0,0.0,0.0,0.0,0.0,0.0,0.0,-8.334405720233917e-05,0.0,0.0,-5.123065784573555e-05,0.00034922920167446136,0.0,0.0,0.0,0.0,0.0,0.014044322073459625,0.0,0.0,0.0,9.860377758741379e-06,-0.0002889898605644703,0.0,0.0,0.0,0.0,4.2504165321588516e-05,0.0,0.0,0.0,0.0,-4.2751431465148926e-05,0.0,0.0
0.0,0.0012330440804362297,0.000526823103427887,0.0,0.0,0.00013754027895629406,-3.1836796551942825e-05,-0.0001789173111319542,-1.775287091732025e-05,0.0,0.0,0.0001049283891916275,0.0,0.0,2.0791776478290558e-05,0.0,0.0,0.0,0.0,0.0,0.0,0.0,0.0,0.0,-0.0006542764604091644,0.0,7.770955562591553e-06,0.0,0.00027678627520799637,0.0,0.0,0.0,0.0,0.0,0.0,0.0,0.0,-8.323229849338531e-05,0.0,0.0,-5.1238108426332474e-05,0.0003492496907711029,0.0,0.0,0.0,0.0,0.0,0.013920523226261139,0.0,0.0,0.0,9.861309081315994e-06,-0.0002889949828386307,0.0,0.0,0.0,0.0,4.2502302676439285e-05,0.0,0.0,0.0,0.0,-4.275701940059662e-05,0.0,0.0
0.0,0.0012330194003880024,0.0005268193781375885,0.0,0.0,0.00013754237443208694,-3.182562068104744e-05,-0.00017890892922878265,-1.775100827217102e-05,0.0,0.0,0.00010490603744983673,0.0,0.0,2.0823441445827484e-05,0.0,0.0,0.0,0.0,0.0,0.0,0.0,0.0,0.0,-0.0006543044000864029,0.0,7.702037692070007e-06,0.0,0.0002766931429505348,0.0,0.0,0.0,0.0,0.0,0.0,0.0,0.0,-8.317269384860992e-05,0.0,0.0,-5.124136805534363e-05,0.0003492552787065506,0.0,0.0,0.0,0.0,0.0,0.013803549110889435,0.0,0.0,0.0,9.862473234534264e-06,-0.00028899405151605606,0.0,0.0,0.0,0.0,4.249950870871544e-05,0.0,0.0,0.0,0.0,-4.275701940059662e-05,0.0,0.0
0.0,0.0012330040335655212,0.0005268175154924393,0.0,0.0,0.00013754540123045444,-3.1819334253668785e-05,-0.00017890427261590958,-1.7745420336723328e-05,0.0,0.0,0.00010489486157894135,0.0,0.0,2.084299921989441e-05,0.0,0.0,0.0,0.0,0.0,0.0,0.0,0.0,0.0,-0.0006543239578604698,0.0,7.64802098274231e-06,0.0,0.0002766381949186325,0.0,0.0,0.0,0.0,0.0,0.0,0.0,0.0,-8.313171565532684e-05,0.0,0.0,-5.124974995851517e-05,0.000349266454577446,0.0,0.0,0.0,0.0,0.0,0.013693161308765411,0.0,0.0,0.0,9.86643135547638e-06,-0.0002889903262257576,0.0,0.0,0.0,0.0,4.250137135386467e-05,0.0,0.0,0.0,0.0,-4.275515675544739e-05,0.0,0.0
0.0,0.001232994720339775,0.00052681565284729,0.0,0.0,0.00013754772953689098,-3.1820498406887054e-05,-0.0001789061352610588,-1.7745420336723328e-05,0.0,0.0,0.00010488554835319519,0.0,0.0,2.085696905851364e-05,0.0,0.0,0.0,0.0,0.0,0.0,0.0,0.0,0.0,-0.0006543351337313652,0.0,7.614493370056152e-06,0.0,0.00027660559862852097,0.0,0.0,0.0,0.0,0.0,0.0,0.0,0.0,-8.312426507472992e-05,0.0,0.0,-5.125533789396286e-05,0.0003492739051580429,0.0,0.0,0.0,0.0,0.0,0.013586916029453278,0.0,0.0,0.0,9.869225323200226e-06,-0.0002889912575483322,0.0,0.0,0.0,0.0,4.249485209584236e-05,0.0,0.0,0.0,0.0,-4.275515675544739e-05,0.0,0.0
0.0,0.0012329905293881893,0.0005268175154924393,0.0,0.0,0.00013754726387560368,-3.1821196898818016e-05,-0.00017890147864818573,-1.7743557691574097e-05,0.0,0.0,0.0001048799604177475,0.0,0.0,2.0870007574558258e-05,0.0,0.0,0.0,0.0,0.0,0.0,0.0,0.0,0.0,-0.0006543435156345367,0.0,7.595866918563843e-06,0.0,0.00027658604085445404,0.0,0.0,0.0,0.0,0.0,0.0,0.0,0.0,-8.31112265586853e-05,0.0,0.0,-5.1256269216537476e-05,0.0003492739051580429,0.0,0.0,0.0,0.0,0.0,0.013485141098499298,0.0,0.0,0.0,9.868061169981956e-06,-0.00028899218887090683,0.0,0.0,0.0,0.0,4.24911268055439e-05,0.0,0.0,0.0,0.0,-4.275888204574585e-05,0.0,0.0
0.0,0.0012329895980656147,0.0005268175154924393,0.0,0.0,0.00013755005784332752,-3.181537613272667e-05,-0.00017890054732561111,-1.7745420336723328e-05,0.0,0.0,0.00010487250983715057,0.0,0.0,2.0876526832580566e-05,0.0,0.0,0.0,0.0,0.0,0.0,0.0,0.0,0.0,-0.0006543463096022606,0.0,7.580965757369995e-06,0.0,0.00027657579630613327,0.0,0.0,0.0,0.0,0.0,0.0,0.0,0.0,-8.310936391353607e-05,0.0,0.0,-5.125673487782478e-05,0.00034927763044834137,0.0,0.0,0.0,0.0,0.0,0.0133863165974617,0.0,0.0,0.0,9.870156645774841e-06,-0.00028899265453219414,0.0,0.0,0.0,0.0,4.24911268055439e-05,0.0,0.0,0.0,0.0,-4.275888204574585e-05,0.0,0.0
0.0,0.0012329882010817528,0.00052681565284729,0.0,0.0,0.00013754540123045444,-3.181654028594494e-05,-0.00017889868468046188,-1.7745420336723328e-05,0.0,0.0,0.00010487250983715057,0.0,0.0,2.0877458155155182e-05,0.0,0.0,0.0,0.0,0.0,0.0,0.0,0.0,0.0,-0.0006543481722474098,0.0,7.569789886474609e-06,0.0,0.0002765711396932602,0.0,0.0,0.0,0.0,0.0,0.0,0.0,0.0,-8.310191333293915e-05,0.0,0.0,-5.1262788474559784e-05,0.00034927763044834137,0.0,0.0,0.0,0.0,0.0,0.01328960806131363,0.0,0.0,0.0,9.870156645774841e-06,-0.0002889907918870449,0.0,0.0,0.0,0.0,4.248553887009621e-05,0.0,0.0,0.0,0.0,-4.275888204574585e-05,0.0,0.0
0.0,0.0012329877354204655,0.0005268175154924393,0.0,0.0,0.00013754586689174175,-3.181491047143936e-05,-0.0001788996160030365,-1.7745420336723328e-05,0.0,0.0,0.00010486878454685211,0.0,0.0,2.088397741317749e-05,0.0,0.0,0.0,0.0,0.0,0.0,0.0,0.0,0.0,-0.0006543509662151337,0.0,7.560476660728455e-06,0.0,0.0002765720710158348,0.0,0.0,0.0,0.0,0.0,0.0,0.0,0.0,-8.309632539749146e-05,0.0,0.0,-5.1264651119709015e-05,0.0003492850810289383,0.0,0.0,0.0,0.0,0.0,0.013194777071475983,0.0,0.0,0.0,9.868992492556572e-06,-0.0002889898605644703,0.0,0.0,0.0,0.0,4.248926416039467e-05,0.0,0.0,0.0,0.0,-4.275888204574585e-05,0.0,0.0
0.0,0.001232984010130167,0.0005268175154924393,0.0,0.0,0.00013754074461758137,-3.181840293109417e-05,-0.00017890054732561111,-1.7745420336723328e-05,0.0,0.0,0.00010486692190170288,0.0,0.0,2.0884908735752106e-05,0.0,0.0,0.0,0.0,0.0,0.0,0.0,0.0,0.0,-0.0006543537601828575,0.0,7.556751370429993e-06,0.0,0.00027656368911266327,0.0,0.0,0.0,0.0,0.0,0.0,0.0,0.0,-8.310750126838684e-05,0.0,0.0,-5.126558244228363e-05,0.00034928135573863983,0.0,0.0,0.0,0.0,0.0,0.013101227581501007,0.0,0.0,0.0,9.869923815131187e-06,-0.00028899218887090683,0.0,0.0,0.0,0.0,4.248926416039467e-05,0.0,0.0,0.0,0.0,-4.275888204574585e-05,0.0,0.0
0.0,0.0012329868040978909,0.0005268193781375885,0.0,0.0,0.0001375451683998108,-3.1817471608519554e-05,-0.00017889868468046188,-1.7745420336723328e-05,0.0,0.0,0.00010486505925655365,0.0,0.0,2.0886771380901337e-05,0.0,0.0,0.0,0.0,0.0,0.0,0.0,0.0,0.0,-0.0006543518975377083,0.0,7.554888725280762e-06,0.0,0.00027656275779008865,0.0,0.0,0.0,0.0,0.0,0.0,0.0,0.0,-8.310377597808838e-05,0.0,0.0,-5.126092582941055e-05,0.0003492850810289383,0.0,0.0,0.0,0.0,0.0,0.013008363544940948,0.0,0.0,0.0,9.871087968349457e-06,-0.0002889912575483322,0.0,0.0,0.0,0.0,4.248833283782005e-05,0.0,0.0,0.0,0.0,-4.275515675544739e-05,0.0,0.0
0.0,0.0012329868040978909,0.0005268175154924393,0.0,0.0,0.00013754377141594887,-3.181584179401398e-05,-0.00017889682203531265,-1.7745420336723328e-05,0.0,0.0,0.00010486505925655365,0.0,0.0,2.0887702703475952e-05,0.0,0.0,0.0,0.0,0.0,0.0,0.0,0.0,0.0,-0.0006543537601828575,0.0,7.554888725280762e-06,0.0,0.0002765646204352379,0.0,0.0,0.0,0.0,0.0,0.0,0.0,0.0,-8.310191333293915e-05,0.0,0.0,-5.1264651119709015e-05,0.00034928135573863983,0.0,0.0,0.0,0.0,0.0,0.012915737926959991,0.0,0.0,0.0,9.869225323200226e-06,-0.0002889907918870449,0.0,0.0,0.0,0.0,4.248740151524544e-05,0.0,0.0,0.0,0.0,-4.275515675544739e-05,0.0,0.0
0.0,0.0012329872697591782,0.0005268175154924393,0.0,0.0,0.00013754446990787983,-3.181840293109417e-05,-0.00017889868468046188,-1.7745420336723328e-05,0.0,0.0,0.00010486319661140442,0.0,0.0,2.0886771380901337e-05,0.0,0.0,0.0,0.0,0.0,0.0,0.0,0.0,0.0,-0.0006543556228280067,0.0,7.5511634349823e-06,0.0,0.0002765655517578125,0.0,0.0,0.0,0.0,0.0,0.0,0.0,0.0,-8.310005068778992e-05,0.0,0.0,-5.126325413584709e-05,0.0003492850810289383,0.0,0.0,0.0,0.0,0.0,0.012823022902011871,0.0,0.0,0.0,9.868526831269264e-06,-0.00028899218887090683,0.0,0.0,0.0,0.0,4.248647019267082e-05,0.0,0.0,0.0,0.0,-4.275701940059662e-05,0.0,0.0
0.0,0.0012329877354204655,0.0005268193781375885,0.0,0.0,0.0001375430729240179,-3.1816307455301285e-05,-0.00017889868468046188,-1.7745420336723328e-05,0.0,0.0,0.00010486505925655365,0.0,0.0,2.0884908735752106e-05,0.0,0.0,0.0,0.0,0.0,0.0,0.0,0.0,0.0,-0.0006543528288602829,0.0,7.5511634349823e-06,0.0,0.0002765608951449394,0.0,0.0,0.0,0.0,0.0,0.0,0.0,0.0,-8.310191333293915e-05,0.0,0.0,-5.126185715198517e-05,0.0003492850810289383,0.0,0.0,0.0,0.0,0.0,0.012730099260807037,0.0,0.0,0.0,9.867828339338303e-06,-0.0002889903262257576,0.0,0.0,0.0,0.0,4.248740151524544e-05,0.0,0.0,0.0,0.0,-4.275888204574585e-05,0.0,0.0
0.0,0.0012329863384366035,0.0005268175154924393,0.0,0.0,0.00013754377141594887,-3.181304782629013e-05,-0.00017889682203531265,-1.7745420336723328e-05,0.0,0.0,0.00010486505925655365,0.0,0.0,2.088584005832672e-05,0.0,0.0,0.0,0.0,0.0,0.0,0.0,0.0,0.0,-0.0006543556228280067,0.0,7.5511634349823e-06,0.0,0.0002765608951449394,0.0,0.0,0.0,0.0,0.0,0.0,0.0,0.0,-8.310377597808838e-05,0.0,0.0,-5.1262322813272476e-05,0.00034928321838378906,0.0,0.0,0.0,0.0,0.0,0.012636370956897736,0.0,0.0,0.0,9.867362678050995e-06,-0.0002889898605644703,0.0,0.0,0.0,0.0,4.248833283782005e-05,0.0,0.0,0.0,0.0,-4.275701940059662e-05,0.0,0.0
0.0,0.0012329868040978909,0.0005268175154924393,0.0,0.0,0.0001375430729240179,-3.181584179401398e-05,-0.00017889868468046188,-1.7745420336723328e-05,0.0,0.0,0.00010486505925655365,0.0,0.0,2.0888634026050568e-05,0.0,0.0,0.0,0.0,0.0,0.0,0.0,0.0,0.0,-0.0006543537601828575,0.0,7.5511634349823e-06,0.0,0.0002765608951449394,0.0,0.0,0.0,0.0,0.0,0.0,0.0,0.0,-8.310191333293915e-05,0.0,0.0,-5.126558244228363e-05,0.0003492850810289383,0.0,0.0,0.0,0.0,0.0,0.01254165917634964,0.0,0.0,0.0,9.866664186120033e-06,-0.00028898846358060837,0.0,0.0,0.0,0.0,4.248647019267082e-05,0.0,0.0,0.0,0.0,-4.275888204574585e-05,0.0,0.0
0.0,0.0012329858727753162,0.0005268212407827377,0.0,0.0,0.00013754190877079964,-3.181584179401398e-05,-0.00017889775335788727,-1.7745420336723328e-05,0.0,0.0,0.00010486505925655365,0.0,0.0,2.0886771380901337e-05,0.0,0.0,0.0,0.0,0.0,0.0,0.0,0.0,0.0,-0.0006543556228280067,0.0,7.5511634349823e-06,0.0,0.00027656275779008865,0.0,0.0,0.0,0.0,0.0,0.0,0.0,0.0,-8.310005068778992e-05,0.0,0.0,-5.12637197971344e-05,0.00034928135573863983,0.0,0.0,0.0,0.0,0.0,0.01244557648897171,0.0,0.0,0.0,9.868526831269264e-06,-0.000288989394903183,0.0,0.0,0.0,0.0,4.248647019267082e-05,0.0,0.0,0.0,0.0,-4.275888204574585e-05,0.0,0.0
0.0,0.0012329872697591782,0.0005268175154924393,0.0,0.0,0.0001375426072627306,-3.181281499564648e-05,-0.00017889682203531265,-1.7745420336723328e-05,0.0,0.0,0.00010486505925655365,0.0,0.0,2.0888634026050568e-05,0.0,0.0,0.0,0.0,0.0,0.0,0.0,0.0,0.0,-0.0006543556228280067,0.0,7.549300789833069e-06,0.0,0.00027656275779008865,0.0,0.0,0.0,0.0,0.0,0.0,0.0,0.0,-8.310377597808838e-05,0.0,0.0,-5.12637197971344e-05,0.0003492850810289383,0.0,0.0,0.0,0.0,0.0,0.012348063290119171,0.0,0.0,0.0,9.868759661912918e-06,-0.0002889912575483322,0.0,0.0,0.0,0.0,4.248647019267082e-05,0.0,0.0,0.0,0.0,-4.275888204574585e-05,0.0,0.0
0.0,0.0012329863384366035,0.0005268193781375885,0.0,0.0,0.00013754051178693771,-3.181467764079571e-05,-0.00017889775335788727,-1.7745420336723328e-05,0.0,0.0,0.00010486505925655365,0.0,0.0,2.0886771380901337e-05,0.0,0.0,0.0,0.0,0.0,0.0,0.0,0.0,0.0,-0.0006543537601828575,0.0,7.549300789833069e-06,0.0,0.0002765646204352379,0.0,0.0,0.0,0.0,0.0,0.0,0.0,0.0,-8.310377597808838e-05,0.0,0.0,-5.126418545842171e-05,0.0003492850810289383,0.0,0.0,0.0,0.0,0.0,0.012249000370502472,0.0,0.0,0.0,9.869690984487534e-06,-0.0002889903262257576,0.0,0.0,0.0,0.0,4.248553887009621e-05,0.0,0.0,0.0,0.0,-4.275888204574585e-05,0.0,0.0
0.0,0.0012329877354204655,0.0005268193781375885,0.0,0.0,0.00013754237443208694,-3.1817471608519554e-05,-0.00017889775335788727,-1.7745420336723328e-05,0.0,0.0,0.00010486505925655365,0.0,0.0,2.0884908735752106e-05,0.0,0.0,0.0,0.0,0.0,0.0,0.0,0.0,0.0,-0.0006543546915054321,0.0,7.549300789833069e-06,0.0,0.00027656368911266327,0.0,0.0,0.0,0.0,0.0,0.0,0.0,0.0,-8.310563862323761e-05,0.0,0.0,-5.126418545842171e-05,0.0003492850810289383,0.0,0.0,0.0,0.0,0.0,0.012147791683673859,0.0,0.0,0.0,9.869690984487534e-06,-0.0002889907918870449,0.0,0.0,0.0,0.0,4.248647019267082e-05,0.0,0.0,0.0,0.0,-4.275888204574585e-05,0.0,0.0
0.0,0.0012329872697591782,0.0005268175154924393,0.0,0.0,0.00013754446990787983,-3.181654028594494e-05,-0.0001788996160030365,-1.7745420336723328e-05,0.0,0.0,0.00010486319661140442,0.0,0.0,2.0884908735752106e-05,0.0,0.0,0.0,0.0,0.0,0.0,0.0,0.0,0.0,-0.0006543537601828575,0.0,7.5511634349823e-06,0.0,0.0002765599638223648,0.0,0.0,0.0,0.0,0.0,0.0,0.0,0.0,-8.310377597808838e-05,0.0,0.0,-5.12637197971344e-05,0.0003492850810289383,0.0,0.0,0.0,0.0,0.0,0.012044347822666168,0.0,0.0,0.0,9.869923815131187e-06,-0.0002889903262257576,0.0,0.0,0.0,0.0,4.248647019267082e-05,0.0,0.0,0.0,0.0,-4.275888204574585e-05,0.0,0.0
0.0,0.0012329872697591782,0.0005268175154924393,0.0,0.0,0.00013754330575466156,-3.1817471608519554e-05,-0.0001788996160030365,-1.7745420336723328e-05,0.0,0.0,0.00010486505925655365,0.0,0.0,2.0888634026050568e-05,0.0,0.0,0.0,0.0,0.0,0.0,0.0,0.0,0.0,-0.0006543556228280067,0.0,7.547438144683838e-06,0.0,0.0002765599638223648,0.0,0.0,0.0,0.0,0.0,0.0,0.0,0.0,-8.310563862323761e-05,0.0,0.0,-5.12637197971344e-05,0.00034928135573863983,0.0,0.0,0.0,0.0,0.0,0.011939086019992828,0.0,0.0,0.0,9.869225323200226e-06,-0.0002889903262257576,0.0,0.0,0.0,0.0,4.248553887009621e-05,0.0,0.0,0.0,0.0,-4.275515675544739e-05,0.0,0.0
0.0,0.0012329877354204655,0.0005268175154924393,0.0,0.0,0.00013754237443208694,-3.181910142302513e-05,-0.00017889775335788727,-1.774728298187256e-05,0.0,0.0,0.00010486505925655365,0.0,0.0,2.0886771380901337e-05,0.0,0.0,0.0,0.0,0.0,0.0,0.0,0.0,0.0,-0.000654357485473156,0.0,7.5511634349823e-06,0.0,0.00027656182646751404,0.0,0.0,0.0,0.0,0.0,0.0,0.0,0.0,-8.310563862323761e-05,0.0,0.0,-5.12637197971344e-05,0.0003492850810289383,0.0,0.0,0.0,0.0,0.0,0.01183108240365982,0.0,0.0,0.0,9.86945815384388e-06,-0.0002889912575483322,0.0,0.0,0.0,0.0,4.248553887009621e-05,0.0,0.0,0.0,0.0,-4.275888204574585e-05,0.0,0.0
0.0,0.0012329872697591782,0.0005268193781375885,0.0,0.0,0.0001375421416014433,-3.18172387778759e-05,-0.00017889868468046188,-1.7745420336723328e-05,0.0,0.0,0.00010486505925655365,0.0,0.0,2.0886771380901337e-05,0.0,0.0,0.0,0.0,0.0,0.0,0.0,0.0,0.0,-0.0006543528288602829,0.0,7.5511634349823e-06,0.0,0.00027656182646751404,0.0,0.0,0.0,0.0,0.0,0.0,0.0,0.0,-8.310563862323761e-05,0.0,0.0,-5.1262788474559784e-05,0.00034928135573863983,0.0,0.0,0.0,0.0,0.0,0.011720545589923859,0.0,0.0,0.0,9.870156645774841e-06,-0.0002889907918870449,0.0,0.0,0.0,0.0,4.248740151524544e-05,0.0,0.0,0.0,0.0,-4.275888204574585e-05,0.0,0.0
0.0,0.001232985407114029,0.0005268193781375885,0.0,0.0,0.00013754074461758137,-3.181886859238148e-05,-0.00017889868468046188,-1.7745420336723328e-05,0.0,0.0,0.00010486505925655365,0.0,0.0,2.0887702703475952e-05,0.0,0.0,0.0,0.0,0.0,0.0,0.0,0.0,0.0,-0.0006543537601828575,0.0,7.5511634349823e-06,0.0,0.0002765608951449394,0.0,0.0,0.0,0.0,0.0,0.0,0.0,0.0,-8.310563862323761e-05,0.0,0.0,-5.1264651119709015e-05,0.0003492850810289383,0.0,0.0,0.0,0.0,0.0,0.011607237160205841,0.0,0.0,0.0,9.86945815384388e-06,-0.0002889912575483322,0.0,0.0,0.0,0.0,4.248553887009621e-05,0.0,0.0,0.0,0.0,-4.275701940059662e-05,0.0,0.0
0.0,0.001232985407114029,0.0005268175154924393,0.0,0.0,0.00013754237443208694,-3.181886859238148e-05,-0.00017889868468046188,-1.7745420336723328e-05,0.0,0.0,0.00010486878454685211,0.0,0.0,2.088584005832672e-05,0.0,0.0,0.0,0.0,0.0,0.0,0.0,0.0,0.0,-0.0006543537601828575,0.0,7.553026080131531e-06,0.0,0.00027656275779008865,0.0,0.0,0.0,0.0,0.0,0.0,0.0,0.0,-8.310563862323761e-05,0.0,0.0,-5.1264651119709015e-05,0.00034928135573863983,0.0,0.0,0.0,0.0,0.0,0.011490829288959503,0.0,0.0,0.0,9.871087968349457e-06,-0.0002889903262257576,0.0,0.0,0.0,0.0,4.248460754752159e-05,0.0,0.0,0.0,0.0,-4.275701940059662e-05,0.0,0.0
0.0,0.001232985407114029,0.0005268175154924393,0.0,0.0,0.00013754377141594887,-3.181840293109417e-05,-0.00017889868468046188,-1.7745420336723328e-05,0.0,0.0,0.00010486505925655365,0.0,0.0,2.0887702703475952e-05,0.0,0.0,0.0,0.0,0.0,0.0,0.0,0.0,0.0,-0.0006543528288602829,0.0,7.5511634349823e-06,0.0,0.0002765608951449394,0.0,0.0,0.0,0.0,0.0,0.0,0.0,0.0,-8.310563862323761e-05,0.0,0.0,-5.126325413584709e-05,0.00034928321838378906,0.0,0.0,0.0,0.0,0.0,0.011371530592441559,0.0,0.0,0.0,9.868759661912918e-06,-0.0002889889292418957,0.0,0.0,0.0,0.0,4.248740151524544e-05,0.0,0.0,0.0,0.0,-4.275888204574585e-05,0.0,0.0
0.0,0.0012329849414527416,0.00052681565284729,0.0,0.0,0.00013754167594015598,-3.1818170100450516e-05,-0.0001788996160030365,-1.7745420336723328e-05,0.0,0.0,0.00010486505925655365,0.0,0.0,2.088584005832672e-05,0.0,0.0,0.0,0.0,0.0,0.0,0.0,0.0,0.0,-0.0006543537601828575,0.0,7.547438144683838e-06,0.0,0.00027656182646751404,0.0,0.0,0.0,0.0,0.0,0.0,0.0,0.0,-8.310563862323761e-05,0.0,0.0,-5.12637197971344e-05,0.0003492850810289383,0.0,0.0,0.0,0.0,0.0,0.011249132454395294,0.0,0.0,0.0,9.869923815131187e-06,-0.0002889898605644703,0.0,0.0,0.0,0.0,4.248833283782005e-05,0.0,0.0,0.0,0.0,-4.275701940059662e-05,0.0,0.0
0.0,0.001232985407114029,0.0005268175154924393,0.0,0.0,0.00013754237443208694,-3.181491047143936e-05,-0.00017889868468046188,-1.7745420336723328e-05,0.0,0.0,0.00010486692190170288,0.0,0.0,2.08904966711998e-05,0.0,0.0,0.0,0.0,0.0,0.0,0.0,0.0,0.0,-0.0006543556228280067,0.0,7.5511634349823e-06,0.0,0.0002765608951449394,0.0,0.0,0.0,0.0,0.0,0.0,0.0,0.0,-8.310563862323761e-05,0.0,0.0,-5.126418545842171e-05,0.0003492850810289383,0.0,0.0,0.0,0.0,0.0,0.011123575270175934,0.0,0.0,0.0,9.868992492556572e-06,-0.0002889903262257576,0.0,0.0,0.0,0.0,4.248647019267082e-05,0.0,0.0,0.0,0.0,-4.275701940059662e-05,0.0,0.0
0.0,0.0012329863384366035,0.0005268175154924393,0.0,0.0,0.00013754330575466156,-3.18172387778759e-05,-0.00017890054732561111,-1.7745420336723328e-05,0.0,0.0,0.00010486505925655365,0.0,0.0,2.0888634026050568e-05,0.0,0.0,0.0,0.0,0.0,0.0,0.0,0.0,0.0,-0.0006543556228280067,0.0,7.5511634349823e-06,0.0,0.00027656182646751404,0.0,0.0,0.0,0.0,0.0,0.0,0.0,0.0,-8.310563862323761e-05,0.0,0.0,-5.1262788474559784e-05,0.0003492850810289383,0.0,0.0,0.0,0.0,0.0,0.010994292795658112,0.0,0.0,0.0,9.868992492556572e-06,-0.00028899218887090683,0.0,0.0,0.0,0.0,4.248553887009621e-05,0.0,0.0,0.0,0.0,-4.275701940059662e-05,0.0,0.0
0.0,0.0012329863384366035,0.0005268193781375885,0.0,0.0,0.00013754540123045444,-3.18202655762434e-05,-0.0001788996160030365,-1.7745420336723328e-05,0.0,0.0,0.00010486505925655365,0.0,0.0,2.08904966711998e-05,0.0,0.0,0.0,0.0,0.0,0.0,0.0,0.0,0.0,-0.0006543556228280067,0.0,7.553026080131531e-06,0.0,0.0002765646204352379,0.0,0.0,0.0,0.0,0.0,0.0,0.0,0.0,-8.310563862323761e-05,0.0,0.0,-5.12637197971344e-05,0.0003492850810289383,0.0,0.0,0.0,0.0,0.0,0.01086203008890152,0.0,0.0,0.0,9.870389476418495e-06,-0.0002889903262257576,0.0,0.0,0.0,0.0,4.248553887009621e-05,0.0,0.0,0.0,0.0,-4.276074469089508e-05,0.0,0.0
0.0,0.0012329868040978909,0.0005268193781375885,0.0,0.0,0.00013754121027886868,-3.1817005947232246e-05,-0.00017890054732561111,-1.774728298187256e-05,0.0,0.0,0.00010486692190170288,0.0,0.0,2.0888634026050568e-05,0.0,0.0,0.0,0.0,0.0,0.0,0.0,0.0,0.0,-0.0006543556228280067,0.0,7.5511634349823e-06,0.0,0.0002765608951449394,0.0,0.0,0.0,0.0,0.0,0.0,0.0,0.0,-8.310377597808838e-05,0.0,0.0,-5.12637197971344e-05,0.0003492850810289383,0.0,0.0,0.0,0.0,0.0,0.010725833475589752,0.0,0.0,0.0,9.868992492556572e-06,-0.0002889912575483322,0.0,0.0,0.0,0.0,4.248460754752159e-05,0.0,0.0,0.0,0.0,-4.276260733604431e-05,0.0,0.0
0.0,0.0012329863384366035,0.0005268175154924393,0.0,0.0,0.00013754097744822502,-3.181491047143936e-05,-0.00017889868468046188,-1.7745420336723328e-05,0.0,0.0,0.00010486878454685211,0.0,0.0,2.0888634026050568e-05,0.0,0.0,0.0,0.0,0.0,0.0,0.0,0.0,0.0,-0.0006543556228280067,0.0,7.5511634349823e-06,0.0,0.00027656368911266327,0.0,0.0,0.0,0.0,0.0,0.0,0.0,0.0,-8.310191333293915e-05,0.0,0.0,-5.1262788474559784e-05,0.0003492850810289383,0.0,0.0,0.0,0.0,0.0,0.010586448013782501,0.0,0.0,0.0,9.86945815384388e-06,-0.00028899265453219414,0.0,0.0,0.0,0.0,4.248647019267082e-05,0.0,0.0,0.0,0.0,-4.276074469089508e-05,0.0,0.0
0.0,0.0012329849414527416,0.0005268175154924393,0.0,0.0,0.00013754190877079964,-3.181374631822109e-05,-0.00017889868468046188,-1.7743557691574097e-05,0.0,0.0,0.00010486505925655365,0.0,0.0,2.08904966711998e-05,0.0,0.0,0.0,0.0,0.0,0.0,0.0,0.0,0.0,-0.0006543556228280067,0.0,7.5511634349823e-06,0.0,0.00027656275779008865,0.0,0.0,0.0,0.0,0.0,0.0,0.0,0.0,-8.310563862323761e-05,0.0,0.0,-5.1266513764858246e-05,0.00034928880631923676,0.0,0.0,0.0,0.0,0.0,0.01044318825006485,0.0,0.0,0.0,9.86945815384388e-06,-0.000288989394903183,0.0,0.0,0.0,0.0,4.248647019267082e-05,0.0,0.0,0.0,0.0,-4.275515675544739e-05,0.0,0.0
0.0,0.0012329858727753162,0.0005268175154924393,0.0,0.0,0.00013754027895629406,-3.1814444810152054e-05,-0.00017889775335788727,-1.7745420336723328e-05,0.0,0.0,0.00010486505925655365,0.0,0.0,2.0887702703475952e-05,0.0,0.0,0.0,0.0,0.0,0.0,0.0,0.0,0.0,-0.0006543546915054321,0.0,7.549300789833069e-06,0.0,0.00027656182646751404,0.0,0.0,0.0,0.0,0.0,0.0,0.0,0.0,-8.310563862323761e-05,0.0,0.0,-5.126604810357094e-05,0.0003492850810289383,0.0,0.0,0.0,0.0,0.0,0.010296739637851715,0.0,0.0,0.0,9.868061169981956e-06,-0.000288989394903183,0.0,0.0,0.0,0.0,4.248553887009621e-05,0.0,0.0,0.0,0.0,-4.275515675544739e-05,0.0,0.0
0.0,0.001232985407114029,0.0005268175154924393,0.0,0.0,0.00013754470273852348,-3.181607462465763e-05,-0.00017889868468046188,-1.7745420336723328e-05,0.0,0.0,0.00010486505925655365,0.0,0.0,2.0888634026050568e-05,0.0,0.0,0.0,0.0,0.0,0.0,0.0,0.0,0.0,-0.0006543546915054321,0.0,7.549300789833069e-06,0.0,0.00027656182646751404,0.0,0.0,0.0,0.0,0.0,0.0,0.0,0.0,-8.310750126838684e-05,0.0,0.0,-5.126418545842171e-05,0.00034928321838378906,0.0,0.0,0.0,0.0,0.0,0.010146178305149078,0.0,0.0,0.0,9.866897016763687e-06,-0.000288989394903183,0.0,0.0,0.0,0.0,4.248833283782005e-05,0.0,0.0,0.0,0.0,-4.2751431465148926e-05,0.0,0.0
0.0,0.0012329849414527416,0.0005268175154924393,0.0,0.0,0.00013754097744822502,-3.181584179401398e-05,-0.0001788996160030365,-1.7745420336723328e-05,0.0,0.0,0.00010486505925655365,0.0,0.0,2.0887702703475952e-05,0.0,0.0,0.0,0.0,0.0,0.0,0.0,0.0,0.0,-0.0006543556228280067,0.0,7.547438144683838e-06,0.0,0.00027656182646751404,0.0,0.0,0.0,0.0,0.0,0.0,0.0,0.0,-8.310563862323761e-05,0.0,0.0,-5.126418545842171e-05,0.00034928321838378906,0.0,0.0,0.0,0.0,0.0,0.009992547333240509,0.0,0.0,0.0,9.86829400062561e-06,-0.0002889898605644703,0.0,0.0,0.0,0.0,4.248647019267082e-05,0.0,0.0,0.0,0.0,-4.2747706174850464e-05,0.0,0.0
0.0,0.0012329872697591782,0.0005268175154924393,0.0,0.0,0.00013754097744822502,-3.181491047143936e-05,-0.00017890054732561111,-1.7745420336723328e-05,0.0,0.0,0.00010486505925655365,0.0,0.0,2.0889565348625183e-05,0.0,0.0,0.0,0.0,0.0,0.0,0.0,0.0,0.0,-0.0006543537601828575,0.0,7.549300789833069e-06,0.0,0.00027656182646751404,0.0,0.0,0.0,0.0,0.0,0.0,0.0,0.0,-8.310563862323761e-05,0.0,0.0,-5.126325413584709e-05,0.00034928135573863983,0.0,0.0,0.0,0.0,0.0,0.009834803640842438,0.0,0.0,0.0,9.871553629636765e-06,-0.000288989394903183,0.0,0.0,0.0,0.0,4.248460754752159e-05,0.0,0.0,0.0,0.0,-4.2747706174850464e-05,0.0,0.0
0.0,0.0012329863384366035,0.0005268175154924393,0.0,0.0,0.0001375430729240179,-3.181467764079571e-05,-0.00017889868468046188,-1.7745420336723328e-05,0.0,0.0,0.00010486505925655365,0.0,0.0,2.0886771380901337e-05,0.0,0.0,0.0,0.0,0.0,0.0,0.0,0.0,0.0,-0.0006543537601828575,0.0,7.5511634349823e-06,0.0,0.00027656182646751404,0.0,0.0,0.0,0.0,0.0,0.0,0.0,0.0,-8.310191333293915e-05,0.0,0.0,-5.12637197971344e-05,0.0003492850810289383,0.0,0.0,0.0,0.0,0.0,0.009673990309238434,0.0,0.0,0.0,9.872717782855034e-06,-0.000288989394903183,0.0,0.0,0.0,0.0,4.248460754752159e-05,0.0,0.0,0.0,0.0,-4.2743980884552e-05,0.0,0.0
0.0,0.0012329872697591782,0.0005268175154924393,0.0,0.0,0.00013754074461758137,-3.18142119795084e-05,-0.00017890054732561111,-1.7743557691574097e-05,0.0,0.0,0.00010486133396625519,0.0,0.0,2.0886771380901337e-05,0.0,0.0,0.0,0.0,0.0,0.0,0.0,0.0,0.0,-0.0006543537601828575,0.0,7.549300789833069e-06,0.0,0.0002765590324997902,0.0,0.0,0.0,0.0,0.0,0.0,0.0,0.0,-8.310377597808838e-05,0.0,0.0,-5.1262788474559784e-05,0.00034928135573863983,0.0,0.0,0.0,0.0,0.0,0.009509362280368805,0.0,0.0,0.0,9.873881936073303e-06,-0.0002889903262257576,0.0,0.0,0.0,0.0,4.248460754752159e-05,0.0,0.0,0.0,0.0,-4.273466765880585e-05,0.0,0.0
0.0,0.0012329844757914543,0.0005268193781375885,0.0,0.0,0.0001375430729240179,-3.181607462465763e-05,-0.00017889868468046188,-1.7745420336723328e-05,0.0,0.0,0.00010486133396625519,0.0,0.0,2.0888634026050568e-05,0.0,0.0,0.0,0.0,0.0,0.0,0.0,0.0,0.0,-0.0006543509662151337,0.0,7.543712854385376e-06,0.0,0.00027656275779008865,0.0,0.0,0.0,0.0,0.0,0.0,0.0,0.0,-8.310191333293915e-05,0.0,0.0,-5.12637197971344e-05,0.00034928135573863983,0.0,0.0,0.0,0.0,0.0,0.009341664612293243,0.0,0.0,0.0,9.877607226371765e-06,-0.0002889912575483322,0.0,0.0,0.0,0.0,4.248553887009621e-05,0.0,0.0,0.0,0.0,-4.272162914276123e-05,0.0,0.0
0.0,0.0012329835444688797,0.0005268212407827377,0.0,0.0,0.0001375370193272829,-3.1822361052036285e-05,-0.00017890054732561111,-1.774914562702179e-05,0.0,0.0,0.0001048557460308075,0.0,0.0,2.08904966711998e-05,0.0,0.0,0.0,0.0,0.0,0.0,0.0,0.0,0.0,-0.0006543463096022606,0.0,7.547438144683838e-06,0.0,0.0002765590324997902,0.0,0.0,0.0,0.0,0.0,0.0,0.0,0.0,-8.310005068778992e-05,0.0,0.0,-5.126418545842171e-05,0.00034928135573863983,0.0,0.0,0.0,0.0,0.0,0.0091710165143013,0.0,0.0,0.0,9.882263839244843e-06,-0.0002889898605644703,0.0,0.0,0.0,0.0,4.248553887009621e-05,0.0,0.0,0.0,0.0,-4.2712315917015076e-05,0.0,0.0
0.0,0.0012329872697591782,0.00052681565284729,0.0,0.0,0.00013753492385149002,-3.182073123753071e-05,-0.00017890054732561111,-1.774914562702179e-05,0.0,0.0,0.00010485202074050903,0.0,0.0,2.0886771380901337e-05,0.0,0.0,0.0,0.0,0.0,0.0,0.0,0.0,0.0,-0.0006543444469571114,0.0,7.543712854385376e-06,0.0,0.0002765646204352379,0.0,0.0,0.0,0.0,0.0,0.0,0.0,0.0,-8.310005068778992e-05,0.0,0.0,-5.1262788474559784e-05,0.00034927763044834137,0.0,0.0,0.0,0.0,0.0,0.00899697095155716,0.0,0.0,0.0,9.887618944048882e-06,-0.00028898753225803375,0.0,0.0,0.0,0.0,4.248274490237236e-05,0.0,0.0,0.0,0.0,-4.268810153007507e-05,0.0,0.0
0.0,0.0012329858727753162,0.0005268137902021408,0.0,0.0,0.00013752863742411137,-3.182981163263321e-05,-0.00017890240997076035,-1.775287091732025e-05,0.0,0.0,0.00010484829545021057,0.0,0.0,2.088211476802826e-05,0.0,0.0,0.0,0.0,0.0,0.0,0.0,0.0,0.0,-0.0006543360650539398,0.0,7.547438144683838e-06,0.0,0.0002765608951449394,0.0,0.0,0.0,0.0,0.0,0.0,0.0,0.0,-8.310191333293915e-05,0.0,0.0,-5.126325413584709e-05,0.0003492739051580429,0.0,0.0,0.0,0.0,0.0,0.008820660412311554,0.0,0.0,0.0,9.900890290737152e-06,-0.00028898799791932106,0.0,0.0,0.0,0.0,4.2479950934648514e-05,0.0,0.0,0.0,0.0,-4.2654573917388916e-05,0.0,0.0
0.0,0.0012329835444688797,0.0005268137902021408,0.0,0.0,0.0001375244464725256,-3.1838659197092056e-05,-0.00017890334129333496,-1.7758458852767944e-05,0.0,0.0,0.00010483525693416595,0.0,0.0,2.0886771380901337e-05,0.0,0.0,0.0,0.0,0.0,0.0,0.0,0.0,0.0,-0.000654325820505619,0.0,7.541850209236145e-06,0.0,0.0002765608951449394,0.0,0.0,0.0,0.0,0.0,0.0,0.0,0.0,-8.310191333293915e-05,0.0,0.0,-5.126558244228363e-05,0.0003492683172225952,0.0,0.0,0.0,0.0,0.0,0.008641727268695831,0.0,0.0,0.0,9.919516742229462e-06,-0.00028898706659674644,0.0,0.0,0.0,0.0,4.248088225722313e-05,0.0,0.0,0.0,0.0,-4.260987043380737e-05,0.0,0.0
0.0,0.0012329807505011559,0.0005268100649118423,0.0,0.0,0.0001375132706016302,-3.186543472111225e-05,-0.00017890147864818573,-1.7760321497917175e-05,0.0,0.0,0.00010481476783752441,0.0,0.0,2.0886771380901337e-05,0.0,0.0,0.0,0.0,0.0,0.0,0.0,0.0,0.0,-0.0006543071940541267,0.0,7.545575499534607e-06,0.0,0.0002765590324997902,0.0,0.0,0.0,0.0,0.0,0.0,0.0,0.0,-8.310191333293915e-05,0.0,0.0,-5.127396434545517e-05,0.000349266454577446,0.0,0.0,0.0,0.0,0.0,0.00846005231142044,0.0,0.0,0.0,9.951647371053696e-06,-0.0002889838069677353,0.0,0.0,0.0,0.0,4.2475294321775436e-05,0.0,0.0,0.0,0.0,-4.254654049873352e-05,0.0,0.0
0.0,0.0012329742312431335,0.0005268007516860962,0.0,0.0,0.00013748952187597752,-3.189919516444206e-05,-0.00017890334129333496,-1.77677720785141e-05,0.0,0.0,0.00010478682816028595,0.0,0.0,2.0888634026050568e-05,0.0,0.0,0.0,0.0,0.0,0.0,0.0,0.0,0.0,-0.0006542811170220375,0.0,7.545575499534607e-06,0.0,0.0002765543758869171,0.0,0.0,0.0,0.0,0.0,0.0,0.0,0.0,-8.310563862323761e-05,0.0,0.0,-5.1283277571201324e-05,0.00034925155341625214,0.0,0.0,0.0,0.0,0.0,0.008276499807834625,0.0,0.0,0.0,1.0001938790082932e-05,-0.0002889782190322876,0.0,0.0,0.0,0.0,4.246877506375313e-05,0.0,0.0,0.0,0.0,-4.2438507080078125e-05,0.0,0.0
0.0,0.0012329565361142159,0.0005267877131700516,0.0,0.0,0.00013746158219873905,-3.1964853405952454e-05,-0.00017890986055135727,-1.777149736881256e-05,0.0,0.0,0.00010474584996700287,0.0,0.0,2.0889565348625183e-05,0.0,0.0,0.0,0.0,0.0,0.0,0.0,0.0,0.0,-0.0006542457267642021,0.0,7.5511634349823e-06,0.0,0.00027655158191919327,0.0,0.0,0.0,0.0,0.0,0.0,0.0,0.0,-8.310191333293915e-05,0.0,0.0,-5.1303766667842865e-05,0.00034922920167446136,0.0,0.0,0.0,0.0,0.0,0.008091308176517487,0.0,0.0,0.0,1.0084826499223709e-05,-0.0002889656461775303,0.0,0.0,0.0,0.0,4.2452942579984665e-05,0.0,0.0,0.0,0.0,-4.2300671339035034e-05,0.0,0.0
0.0,0.0012329351156949997,0.0005267690867185593,0.0,0.0,0.00013740244321525097,-3.206986002624035e-05,-0.0001789182424545288,-1.7778947949409485e-05,0.0,0.0,0.00010468065738677979,0.0,0.0,2.0884908735752106e-05,0.0,0.0,0.0,0.0,0.0,0.0,0.0,0.0,0.0,-0.0006541889160871506,0.0,7.556751370429993e-06,0.0,0.00027653947472572327,0.0,0.0,0.0,0.0,0.0,0.0,0.0,0.0,-8.311308920383453e-05,0.0,0.0,-5.134753882884979e-05,0.00034919939935207367,0.0,0.0,0.0,0.0,0.0,0.007903970777988434,0.0,0.0,0.0,1.0217772796750069e-05,-0.0002889493480324745,0.0,0.0,0.0,0.0,4.242872819304466e-05,0.0,0.0,0.0,0.0,-4.2106956243515015e-05,0.0,0.0
0.0,0.0012328997254371643,0.0005267374217510223,0.0,0.0,0.00013731559738516808,-3.223353996872902e-05,-0.00017893221229314804,-1.7782673239707947e-05,0.0,0.0,0.00010458379983901978,0.0,0.0,2.0884908735752106e-05,0.0,0.0,0.0,0.0,0.0,0.0,0.0,0.0,0.0,-0.0006541134789586067,0.0,7.59027898311615e-06,0.0,0.00027652550488710403,0.0,0.0,0.0,0.0,0.0,0.0,0.0,0.0,-8.315034210681915e-05,0.0,0.0,-5.142483860254288e-05,0.0003491472452878952,0.0,0.0,0.0,0.0,0.0,0.007715262472629547,0.0,0.0,0.0,1.0426156222820282e-05,-0.0002889190800487995,0.0,0.0,0.0,0.0,4.2384956032037735e-05,0.0,0.0,0.0,0.0,-4.1816383600234985e-05,0.0,0.0
0.0,0.0012328498996794224,0.0005266759544610977,0.0,0.0,0.00013717450201511383,-3.249640576541424e-05,-0.00017895828932523727,-1.7784535884857178e-05,0.0,0.0,0.00010443851351737976,0.0,0.0,2.0884908735752106e-05,0.0,0.0,0.0,0.0,0.0,0.0,0.0,0.0,0.0,-0.000654011033475399,0.0,7.653608918190002e-06,0.0,0.00027650315314531326,0.0,0.0,0.0,0.0,0.0,0.0,0.0,0.0,-8.323229849338531e-05,0.0,0.0,-5.155801773071289e-05,0.0003490578383207321,0.0,0.0,0.0,0.0,0.0,0.007524050772190094,0.0,0.0,0.0,1.0759802535176277e-05,-0.00028886785730719566,0.0,0.0,0.0,0.0,4.231417551636696e-05,0.0,0.0,0.0,0.0,-4.139915108680725e-05,0.0,0.0
0.0,0.001232803799211979,0.0005265753716230392,0.0,0.0,0.000136965187266469,-3.291270695626736e-05,-0.0001790085807442665,-1.777149736881256e-05,0.0,0.0,0.00010421313345432281,0.0,0.0,2.0877458155155182e-05,0.0,0.0,0.0,0.0,0.0,0.0,0.0,0.0,0.0,-0.0006538759917020798,0.0,7.772818207740784e-06,0.0,0.00027647893875837326,0.0,0.0,0.0,0.0,0.0,0.0,0.0,0.0,-8.339248597621918e-05,0.0,0.0,-5.1788054406642914e-05,0.0003489293158054352,0.0,0.0,0.0,0.0,0.0,0.007330812513828278,0.0,0.0,0.0,1.1281343176960945e-05,-0.0002887737937271595,0.0,0.0,0.0,0.0,4.21903096139431e-05,0.0,0.0,0.0,0.0,-4.0803104639053345e-05,0.0,0.0
0.0,0.0012327725999057293,0.0005264077335596085,0.0,0.0,0.00013664946891367435,-3.3534830436110497e-05,-0.00017910730093717575,-1.7745420336723328e-05,0.0,0.0,0.00010386668145656586,0.0,0.0,2.085510641336441e-05,0.0,0.0,0.0,0.0,0.0,0.0,0.0,0.0,0.0,-0.0006537223234772682,0.0,7.987022399902344e-06,0.0,0.00027646124362945557,0.0,0.0,0.0,0.0,0.0,0.0,0.0,0.0,-8.366256952285767e-05,0.0,0.0,-5.21661713719368e-05,0.0003487374633550644,0.0,0.0,0.0,0.0,0.0,0.007132835686206818,0.0,0.0,0.0,1.208484172821045e-05,-0.00028859591111540794,0.0,0.0,0.0,0.0,4.198262467980385e-05,0.0,0.0,0.0,0.0,-3.9946287870407104e-05,0.0,0.0
0.0,0.0012328317388892174,0.0005261246114969254,0.0,0.0,0.0001361854374408722,-3.446522168815136e-05,-0.0001792972907423973,-1.7682090401649475e-05,0.0,0.0,0.00010334514081478119,0.0,0.0,2.0808540284633636e-05,0.0,0.0,0.0,0.0,0.0,0.0,0.0,0.0,0.0,-0.0006535695865750313,0.0,8.339062333106995e-06,0.0,0.0002764509990811348,0.0,0.0,0.0,0.0,0.0,0.0,0.0,0.0,-8.407793939113617e-05,0.0,0.0,-5.276314914226532e-05,0.0003484431654214859,0.0,0.0,0.0,0.0,0.0,0.006931103765964508,0.0,0.0,0.0,1.3304175809025764e-05,-0.00028828438371419907,0.0,0.0,0.0,0.0,4.163803532719612e-05,0.0,0.0,0.0,0.0,-3.8702040910720825e-05,0.0,0.0
0.0,0.0012330934405326843,0.0005256477743387222,0.0,0.0,0.00013551698066294193,-3.5854289308190346e-05,-0.00017965584993362427,-1.755543053150177e-05,0.0,0.0,0.00010257028043270111,0.0,0.0,2.0734034478664398e-05,0.0,0.0,0.0,0.0,0.0,0.0,0.0,0.0,0.0,-0.0006534839048981667,0.0,8.87550413608551e-06,0.0,0.00027648545801639557,0.0,0.0,0.0,0.0,0.0,0.0,0.0,0.0,-8.45734030008316e-05,0.0,0.0,-5.367770791053772e-05,0.0003480147570371628,0.0,0.0,0.0,0.0,0.0,0.006719179451465607,0.0,0.0,0.0,1.512281596660614e-05,-0.00028773536905646324,0.0,0.0,0.0,0.0,4.106340929865837e-05,0.0,0.0,0.0,0.0,-3.692135214805603e-05,0.0,0.0
0.0,0.0012337672524154186,0.0005248449742794037,0.0,0.0,0.000134557718411088,-3.785500302910805e-05,-0.0001803068444132805,-1.7346814274787903e-05,0.0,0.0,0.00010143034160137177,0.0,0.0,2.060364931821823e-05,0.0,0.0,0.0,0.0,0.0,0.0,0.0,0.0,0.0,-0.0006535956636071205,0.0,9.622424840927124e-06,0.0,0.00027661770582199097,0.0,0.0,0.0,0.0,0.0,0.0,0.0,0.0,-8.499994874000549e-05,0.0,0.0,-5.500065162777901e-05,0.0003474187105894089,0.0,0.0,0.0,0.0,0.0,0.006497897207736969,0.0,0.0,0.0,1.77677720785141e-05,-0.0002867896109819412,0.0,0.0,0.0,0.0,4.0098559111356735e-05,0.0,0.0,0.0,0.0,-3.4356489777565e-05,0.0,0.0
0.0,0.0012351758778095245,0.0005235020071268082,0.0,0.0,0.00013319146819412708,-4.0669459849596024e-05,-0.00018144678324460983,-1.7033889889717102e-05,0.0,0.0,9.97837632894516e-05,0.0,0.0,2.0378269255161285e-05,0.0,0.0,0.0,0.0,0.0,0.0,0.0,0.0,0.0,-0.0006541954353451729,0.0,1.0542571544647217e-05,0.0,0.0002769501879811287,0.0,0.0,0.0,0.0,0.0,0.0,0.0,0.0,-8.501671254634857e-05,0.0,0.0,-5.682557821273804e-05,0.00034662894904613495,0.0,0.0,0.0,0.0,0.0,0.006252862513065338,0.0,0.0,0.0,2.1493760868906975e-05,-0.0002852194011211395,0.0,0.0,0.0,0.0,3.848923370242119e-05,0.0,0.0,0.0,0.0,-3.070756793022156e-05,0.0,0.0
0.0,0.001237756572663784,0.0005212705582380295,0.0,0.0,0.00013118400238454342,-4.4541433453559875e-05,-0.00018336903303861618,-1.6627833247184753e-05,0.0,0.0,9.746849536895752e-05,0.0,0.0,2.001877874135971e-05,0.0,0.0,0.0,0.0,0.0,0.0,0.0,0.0,0.0,-0.000655781477689743,0.0,1.1451542377471924e-05,0.0,0.00027770083397626877,0.0,0.0,0.0,0.0,0.0,0.0,0.0,0.0,-8.409097790718079e-05,0.0,0.0,-5.913618952035904e-05,0.00034564174711704254,0.0,0.0,0.0,0.0,0.0,0.0059906914830207825,0.0,0.0,0.0,2.6539433747529984e-05,-0.0002827197313308716,0.0,0.0,0.0,0.0,3.581354394555092e-05,0.0,0.0,0.0,0.0,-2.5548040866851807e-05,0.0,0.0
0.0,0.001242003869265318,0.0005175936967134476,0.0,0.0,0.00012813182547688484,-4.9647409468889236e-05,-0.00018643122166395187,-1.6236677765846252e-05,0.0,0.0,9.433552622795105e-05,0.0,0.0,1.9465573132038116e-05,0.0,0.0,0.0,0.0,0.0,0.0,0.0,0.0,0.0,-0.0006592776626348495,0.0,1.1924654245376587e-05,0.0,0.0002793204039335251,0.0,0.0,0.0,0.0,0.0,0.0,0.0,0.0,-8.151493966579437e-05,0.0,0.0,-6.170524284243584e-05,0.00034455396234989166,0.0,0.0,0.0,0.0,0.0,0.005674280226230621,0.0,0.0,0.0,3.302376717329025e-05,-0.00027894042432308197,0.0,0.0,0.0,0.0,3.138324245810509e-05,0.0,0.0,0.0,0.0,-1.8380582332611084e-05,0.0,0.0
0.0,0.001248326152563095,0.0005115345120429993,0.0,0.0,0.0001234058290719986,-5.600485019385815e-05,-0.00019102822989225388,-1.6165897250175476e-05,0.0,0.0,9.028427302837372e-05,0.0,0.0,1.8644146621227264e-05,0.0,0.0,0.0,0.0,0.0,0.0,0.0,0.0,0.0,-0.0006662756204605103,0.0,1.1157244443893433e-05,0.0,0.0002827132120728493,0.0,0.0,0.0,0.0,0.0,0.0,0.0,0.0,-7.678940892219543e-05,0.0,0.0,-6.392691284418106e-05,0.0003436040133237839,0.0,0.0,0.0,0.0,0.0,0.005331166088581085,0.0,0.0,0.0,4.076235927641392e-05,-0.0002736346796154976,0.0,0.0,0.0,0.0,2.4202745407819748e-05,0.0,0.0,0.0,0.0,-8.728355169296265e-06,0.0,0.0
0.0,0.0012567187659442425,0.0005015600472688675,0.0,0.0,0.00011613103561103344,-6.324076093733311e-05,-0.00019736681133508682,-1.7093494534492493e-05,0.0,0.0,8.545443415641785e-05,0.0,0.0,1.7401762306690216e-05,0.0,0.0,0.0,0.0,0.0,0.0,0.0,0.0,0.0,-0.000679435208439827,0.0,7.912516593933105e-06,0.0,0.00028938986361026764,0.0,0.0,0.0,0.0,0.0,0.0,0.0,0.0,-7.019378244876862e-05,0.0,0.0,-6.453506648540497e-05,0.0003433544188737869,0.0,0.0,0.0,0.0,0.0,0.004873387515544891,0.0,0.0,0.0,4.9016205593943596e-05,-0.0002669086679816246,0.0,0.0,0.0,0.0,1.2923497706651688e-05,0.0,0.0,0.0,0.0,3.5651028156280518e-06,0.0,0.0
0.0,0.0012662452645599842,0.0004850495606660843,0.0,0.0,0.0001053942833095789,-7.020984776318073e-05,-0.00020508188754320145,-2.0308420062065125e-05,0.0,0.0,8.032657206058502e-05,0.0,0.0,1.5611760318279266e-05,0.0,0.0,0.0,0.0,0.0,0.0,0.0,0.0,0.0,-0.0007031084969639778,0.0,6.780028343200684e-07,0.0,0.00030126888304948807,0.0,0.0,0.0,0.0,0.0,0.0,0.0,0.0,-6.351061165332794e-05,0.0,0.0,-6.137136369943619e-05,0.00034481100738048553,0.0,0.0,0.0,0.0,0.0,0.004392959177494049,0.0,0.0,0.0,5.616387352347374e-05,-0.00025966670364141464,0.0,0.0,0.0,0.0,-3.939960151910782e-06,0.0,0.0,0.0,0.0,1.771003007888794e-05,0.0,0.0
0.0,0.0012744227424263954,0.00045768730342388153,0.0,0.0,9.083002805709839e-05,-7.444829680025578e-05,-0.00021266937255859375,-2.7960166335105896e-05,0.0,0.0,7.61076807975769e-05,0.0,0.0,1.3154000043869019e-05,0.0,0.0,0.0,0.0,0.0,0.0,0.0,0.0,0.0,-0.0007442058995366096,0.0,-1.1816620826721191e-05,0.0,0.00031954236328601837,0.0,0.0,0.0,0.0,0.0,0.0,0.0,0.0,-6.0733407735824585e-05,0.0,0.0,-5.1332637667655945e-05,0.0003496576100587845,0.0,0.0,0.0,0.0,0.0,0.0036808177828788757,0.0,0.0,0.0,5.9480778872966766e-05,-0.0002541346475481987,0.0,0.0,0.0,0.0,-2.7406495064496994e-05,0.0,0.0,0.0,0.0,3.091990947723389e-05,0.0,0.0
0.0,0.0012767869047820568,0.00041277892887592316,0.0,0.0,7.36976508051157e-05,-7.173046469688416e-05,-0.0002169087529182434,-4.31109219789505e-05,0.0,0.0,7.492303848266602e-05,0.0,0.0,1.0167248547077179e-05,0.0,0.0,0.0,0.0,0.0,0.0,0.0,0.0,0.0,-0.0008134143427014351,0.0,-2.9355287551879883e-05,0.0,0.00034207385033369064,0.0,0.0,0.0,0.0,0.0,0.0,0.0,0.0,-6.754137575626373e-05,0.0,0.0,-3.084354102611542e-05,0.00036039017140865326,0.0,0.0,0.0,0.0,0.0,0.0030194297432899475,0.0,0.0,0.0,5.526375025510788e-05,-0.0002540750429034233,0.0,0.0,0.0,0.0,-5.672639235854149e-05,0.0,0.0,0.0,0.0,3.71299684047699e-05,0.0,0.0
0.0,0.0012672711163759232,0.00034111179411411285,0.0,0.0,5.823955871164799e-05,-5.589751526713371e-05,-0.00021294225007295609,-6.932951509952545e-05,0.0,0.0,8.00061970949173e-05,0.0,0.0,7.725320756435394e-06,0.0,0.0,0.0,0.0,0.0,0.0,0.0,0.0,0.0,-0.0009266519919037819,0.0,-4.838407039642334e-05,0.0,0.0003601629287004471,0.0,0.0,0.0,0.0,0.0,0.0,0.0,0.0,-8.862465620040894e-05,0.0,0.0,2.5420449674129486e-06,0.00038011930882930756,0.0,0.0,0.0,0.0,0.0,0.001905582845211029,0.0,0.0,0.0,3.977818414568901e-05,-0.0002637431025505066,0.0,0.0,0.0,0.0,-8.72383825480938e-05,0.0,0.0,0.0,0.0,2.6516616344451904e-05,0.0,0.0
0.0,0.0012404564768075943,0.0002317037433385849,0.0,0.0,5.193403922021389e-05,-2.028164453804493e-05,-0.00019632559269666672,-0.00010919012129306793,0.0,0.0,9.534507989883423e-05,0.0,0.0,9.034760296344757e-06,0.0,0.0,0.0,0.0,0.0,0.0,0.0,0.0,0.0,-0.0011064456775784492,0.0,-6.0111284255981445e-05,0.0,0.0003586476668715477,0.0,0.0,0.0,0.0,0.0,0.0,0.0,0.0,-0.00012205354869365692,0.0,0.0,4.711514338850975e-05,0.0004119258373975754,0.0,0.0,0.0,0.0,0.0,0.0011521503329277039,0.0,0.0,0.0,1.1502066627144814e-05,-0.000284313689917326,0.0,0.0,0.0,0.0,-0.0001080031506717205,0.0,0.0,0.0,0.0,-1.103617250919342e-05,0.0,0.0
0.0,0.0011965679004788399,7.241033017635345e-05,0.0,0.0,6.234226748347282e-05,3.862008452415466e-05,-0.00016863364726305008,-0.00016122497618198395,0.0,0.0,0.0001244284212589264,0.0,0.0,2.141576260328293e-05,0.0,0.0,0.0,0.0,0.0,0.0,0.0,0.0,0.0,-0.0013819364830851555,0.0,-5.096942186355591e-05,0.0,0.00032635312527418137,0.0,0.0,0.0,0.0,0.0,0.0,0.0,0.0,-0.00015214644372463226,0.0,0.0,9.34181734919548e-05,0.0004573725163936615,0.0,0.0,0.0,0.0,0.0,-0.0004817172884941101,0.0,0.0,0.0,-2.5345012545585632e-05,-0.0003069732338190079,0.0,0.0,0.0,0.0,-0.00010092509910464287,0.0,0.0,0.0,0.0,-7.457658648490906e-05,0.0,0.0
0.0,0.0011487780138850212,-0.00015541724860668182,0.0,0.0,8.749030530452728e-05,0.00011433358304202557,-0.00014630425721406937,-0.00021514855325222015,0.0,0.0,0.00016791373491287231,0.0,0.0,5.763676017522812e-05,0.0,0.0,0.0,0.0,0.0,0.0,0.0,0.0,0.0,-0.0017844177782535553,0.0,-9.346753358840942e-06,0.0,0.0002814801409840584,0.0,0.0,0.0,0.0,0.0,0.0,0.0,0.0,-0.00014703720808029175,0.0,0.0,0.00012430641800165176,0.0005151648074388504,0.0,0.0,0.0,0.0,0.0,-0.0007710382342338562,0.0,0.0,0.0,-5.8144330978393555e-05,-0.00030551571398973465,0.0,0.0,0.0,0.0,-4.5849476009607315e-05,0.0,0.0,0.0,0.0,-0.00013180822134017944,0.0,0.0
0.0,0.001127956435084343,-0.0005000792443752289,0.0,0.0,0.00010022264905273914,0.00018434785306453705,-0.00016568880528211594,-0.0002456270158290863,0.0,0.0,0.00022066570818424225,0.0,0.0,0.00013332907110452652,0.0,0.0,0.0,0.0,0.0,0.0,0.0,0.0,0.0,-0.0023316098377108574,0.0,5.718320608139038e-05,0.0,0.00029721949249505997,0.0,0.0,0.0,0.0,0.0,0.0,0.0,0.0,-7.284991443157196e-05,0.0,0.0,0.00012812577188014984,0.0005834568291902542,0.0,0.0,0.0,0.0,0.0,-0.0028660520911216736,0.0,0.0,0.0,-6.983242928981781e-05,-0.00023905420675873756,0.0,0.0,0.0,0.0,6.258441135287285e-05,0.0,0.0,0.0,0.0,-0.00010832026600837708,0.0,0.0
0.0,0.0011727698147296906,-0.0010881014168262482,0.0,0.0,3.8253841921687126e-05,0.00021630269475281239,-0.0002655666321516037,-0.00020297802984714508,0.0,0.0,0.00027013011276721954,0.0,0.0,0.00025479402393102646,0.0,0.0,0.0,0.0,0.0,0.0,0.0,0.0,0.0,-0.0029881056398153305,0.0,9.856559336185455e-05,0.0,0.0004754336550831795,0.0,0.0,0.0,0.0,0.0,0.0,0.0,0.0,6.52652233839035e-05,0.0,0.0,0.00013487692922353745,0.000673249363899231,0.0,0.0,0.0,0.0,0.0,-0.0010986849665641785,0.0,0.0,0.0,-5.909032188355923e-05,-8.156569674611092e-05,0.0,0.0,0.0,0.0,0.0001842002384364605,0.0,0.0,0.0,0.0,5.860626697540283e-05,0.0,0.0
0.0,0.0012883199378848076,-0.0021616704761981964,0.0,0.0,-0.00017135520465672016,0.00020391051657497883,-0.0004259534180164337,1.1939555406570435e-05,0.0,0.0,0.00029888376593589783,0.0,0.0,0.0004014112055301666,0.0,0.0,0.0,0.0,0.0,0.0,0.0,0.0,0.0,-0.0035842880606651306,0.0,2.3808330297470093e-05,0.0,0.0008027181029319763,0.0,0.0,0.0,0.0,0.0,0.0,0.0,0.0,0.0001692604273557663,0.0,0.0,0.00025781523436307907,0.0008360613137483597,0.0,0.0,0.0,0.0,0.0,-0.004141651093959808,0.0,0.0,0.0,-7.79060646891594e-05,0.00012684892863035202,0.0,0.0,0.0,0.0,0.00020799459889531136,0.0,0.0,0.0,0.0,0.00024573318660259247,0.0,0.0
0.0,0.0013782773166894913,-0.003955995664000511,0.0,0.0,-0.0005337295588105917,0.00021228566765785217,-0.0005021998658776283,0.0006254669278860092,0.0,0.0,0.0002939533442258835,0.0,0.0,0.0005506789311766624,0.0,0.0,0.0,0.0,0.0,0.0,0.0,0.0,0.0,-0.0036808662116527557,0.0,-0.000199928879737854,0.0,0.0009484300389885902,0.0,0.0,0.0,0.0,0.0,0.0,0.0,0.0,6.311200559139252e-05,0.0,0.0,0.0006379997357726097,0.001162465661764145,0.0,0.0,0.0,0.0,0.0,0.001580558717250824,0.0,0.0,0.0,-0.00023682834580540657,0.00030300766229629517,0.0,0.0,0.0,0.0,5.488749593496323e-06,0.0,0.0,0.0,0.0,2.6103109121322632e-05,0.0,0.0
0.0,0.001246788538992405,-0.006161404773592949,0.0,0.0,-0.000960271805524826,0.00024293549358844757,-0.0003802003338932991,0.002141868695616722,0.0,0.0,0.00025648437440395355,0.0,0.0,0.0008599450811743736,0.0,0.0,0.0,0.0,0.0,0.0,0.0,0.0,0.0,-0.0024020327255129814,0.0,-0.00030710920691490173,0.0,0.0004065306857228279,0.0,0.0,0.0,0.0,0.0,0.0,0.0,0.0,-0.0002677496522665024,0.0,0.0,0.0011229412630200386,0.0015785153955221176,0.0,0.0,0.0,0.0,0.0,-0.00338166207075119,0.0,0.0,0.0,-0.0005094124935567379,0.0005761254578828812,0.0,0.0,0.0,0.0,-0.00030657975003123283,0.0,0.0,0.0,0.0,-0.0006457418203353882,0.0,0.0
0.0,0.0008818348869681358,-0.007005160674452782,0.0,0.0,-0.0015915962867438793,-0.00038218777626752853,-0.0005714967846870422,0.005230803042650223,0.0,0.0,0.00013465434312820435,0.0,0.0,0.0018395176157355309,0.0,0.0,0.0,0.0,0.0,0.0,0.0,0.0,0.0,0.0016296207904815674,0.0,0.00023597106337547302,0.0,-0.00048339972272515297,0.0,0.0,0.0,0.0,0.0,0.0,0.0,0.0,-0.00028587132692337036,0.0,0.0,0.0010536788031458855,0.0012307781726121902,0.0,0.0,0.0,0.0,0.0,0.007307685911655426,0.0,0.0,0.0,-0.00024309521540999413,0.0012934179976582527,0.0,0.0,0.0,0.0,-3.460561856627464e-05,0.0,0.0,0.0,0.0,2.697668969631195e-05,0.0,0.0
0.0,0.0005393843166530132,-0.0045899804681539536,0.0,0.0,-0.0011144699528813362,-0.0012921239249408245,-0.0004474762827157974,0.008509773761034012,0.0,0.0,5.640648305416107e-05,0.0,0.0,0.0023766113445162773,0.0,0.0,0.0,0.0,0.0,0.0,0.0,0.0,0.0,0.009257514961063862,0.0,-0.0001156385987997055,0.0,-0.0010945377871394157,0.0,0.0,0.0,0.0,0.0,0.0,0.0,0.0,-0.0002692732959985733,0.0,0.0,0.0013578101061284542,-4.947185516357422e-06,0.0,0.0,0.0,0.0,0.0,0.013299278914928436,0.0,0.0,0.0,0.0003187272232025862,0.001577676273882389,0.0,0.0,0.0,0.0,-6.483448669314384e-05,0.0,0.0,0.0,0.0,0.001552768051624298,0.0,0.0
