LLD_0,LLD_1,LLD_2,LLD_3,LLD_4,LLD_5,LLD_6,LLD_7,LLD_8,LLD_9,LLD_10,LLD_11,LLD_12,LLD_13,LLD_14,LLD_15,LLD_16,LLD_17,LLD_18,LLD_19,LLD_20,LLD_21,LLD_22,LLD_23,LLD_24,LLD_25,LLD_26,LLD_27,LLD_28,LLD_29,LLD_30,LLD_31,LLD_32,LLD_33,LLD_34,LLD_35,LLD_36,LLD_37,LLD_38,LLD_39,LLD_40,LLD_41,LLD_42,LLD_43,LLD_44,LLD_45,LLD_46,LLD_47,LLD_48,LLD_49,LLD_50,LLD_51,LLD_52,LLD_53,LLD_54,LLD_55,LLD_56,LLD_57,LLD_58,LLD_59,LLD_60,LLD_61,LLD_62,LLD_63,LLD_64
0.0,0.0008971039205789566,0.3411598801612854,0.3295455,0.9204546,0.1077352911233902,0.13102903962135315,0.20349670946598053,0.023168684914708138,0.05162357,0.07725832,0.09953921288251877,0.4477021,0.3138978,0.05959941819310188,1.697852,6.752573,0.1457143,0.25,0.05,0.06253163,0.3465909,0.07386363,0.02272727,0.017601989209651947,0.4914286,0.5295546054840088,0.0004077003,-1.6138639450073242,0.1997444,0.1544485,-0.0276071,-0.06588691,0.7857803,0.1193182,0.4545455,0.9049324,0.9863394498825073,1.098414,0.0635736,0.2022237777709961,0.32468754053115845,0.7523524,1.502114,0.7497613,0.1582649,1.14695,7.979707717895508,0.1146667,0.28,0.03,0.11797767877578735,0.3799619674682617,0.2102273,0.06818182,0.02272727,0.4971429,0.5450541973114014,0.0127583,-1.109413,0.079635,0.06949358,-0.025512918829917908,-0.06028041,0.02163478
0.0,0.001102249138057232,0.00323672778904438,0.0,0.0,-0.0001643120776861906,-0.00013023684732615948,-0.0002009877935051918,0.001611439511179924,0.0,0.0,-9.5343217253685e-05,0.0,0.0,-0.002360695041716099,0.0,0.0,0.0,0.0,0.0,0.0,0.0,0.0,0.0,0.0008868351578712463,0.0,-4.843622446060181e-05,0.0,0.0036162533797323704,0.0,0.0,0.0,0.0,0.0,0.0,0.0,0.0,0.00043328478932380676,0.0,0.0,0.00014478899538516998,0.0013579297810792923,0.0,0.0,0.0,0.0,0.0,0.06839881092309952,0.0,0.0,0.0,-0.0008452420588582754,-0.0006676157936453819,0.0,0.0,0.0,0.0,-3.197835758328438e-05,0.0,0.0,0.0,0.0,6.37788325548172e-05,0.0,0.0
0.0,0.0011392789892852306,0.0018096119165420532,0.0,0.0,-0.00016197282820940018,0.0001392581034451723,-0.00042226072400808334,0.0012866351753473282,0.0,0.0,0.00016748160123825073,0.0,0.0,-0.001676221378147602,0.0,0.0,0.0,0.0,0.0,0.0,0.0,0.0,0.0,0.0009134626016020775,0.0,-2.4475157260894775e-05,0.0,0.0003709876909852028,0.0,0.0,0.0,0.0,0.0,0.0,0.0,0.0,-7.5232237577438354e-06,0.0,0.0,-1.923181116580963e-06,1.9626691937446594e-05,0.0,0.0,0.0,0.0,0.0,0.05429334193468094,0.0,0.0,0.0,0.0003792329225689173,-0.0015309648588299751,0.0,0.0,0.0,0.0,8.165370672941208e-06,0.0,0.0,0.0,0.0,-0.0004908666014671326,0.0,0.0
0.0,0.001214579213410616,0.000777367502450943,0.0,0.0,8.58423300087452e-06,7.811910472810268e-05,-0.0003281058743596077,0.0008905548602342606,0.0,0.0,0.00020159222185611725,0.0,0.0,-0.0009715920314192772,0.0,0.0,0.0,0.0,0.0,0.0,0.0,0.0,0.0,0.0006052209064364433,0.0,4.338845610618591e-05,0.0,-0.00010840874165296555,0.0,0.0,0.0,0.0,0.0,0.0,0.0,0.0,-0.00012956559658050537,0.0,0.0,0.00014243926852941513,0.00017205439507961273,0.0,0.0,0.0,0.0,0.0,0.044221289455890656,0.0,0.0,0.0,2.6338500902056694e-05,-0.0008923518471419811,0.0,0.0,0.0,0.0,0.00014315778389573097,0.0,0.0,0.0,0.0,-0.00043758004903793335,0.0,0.0
0.0,0.0012487559579312801,0.0006444510072469711,0.0,0.0,3.6680372431874275e-05,-5.962001159787178e-05,-0.00021480116993188858,0.0003414750099182129,0.0,0.0,0.00013139285147190094,0.0,0.0,-0.0004155365750193596,0.0,0.0,0.0,0.0,0.0,0.0,0.0,0.0,0.0,0.00017953384667634964,0.0,1.2703239917755127e-05,0.0,-0.00010412465780973434,0.0,0.0,0.0,0.0,0.0,0.0,0.0,0.0,-0.00022457167506217957,0.0,0.0,4.118960350751877e-05,0.0003941468894481659,0.0,0.0,0.0,0.0,0.0,0.03848931938409805,0.0,0.0,0.0,-2.3051630705595016e-05,-0.00022078119218349457,0.0,0.0,0.0,0.0,-0.00010401243343949318,0.0,0.0,0.0,0.0,-0.0003017894923686981,0.0,0.0
0.0,0.0012449710629880428,0.0006528329104185104,0.0,0.0,2.4397624656558037e-05,-7.235445082187653e-05,-0.00017309840768575668,9.237043559551239e-05,0.0,0.0,9.124167263507843e-05,0.0,0.0,-0.00012732483446598053,0.0,0.0,0.0,0.0,0.0,0.0,0.0,0.0,0.0,-0.00016494933515787125,0.0,3.129616379737854e-05,0.0,0.00010386761277914047,0.0,0.0,0.0,0.0,0.0,0.0,0.0,0.0,-0.0001685861498117447,0.0,0.0,4.824623465538025e-05,0.0003677327185869217,0.0,0.0,0.0,0.0,0.0,0.03140658885240555,0.0,0.0,0.0,-1.2611737474799156e-05,-0.00028427597135305405,0.0,0.0,0.0,0.0,-7.406109943985939e-05,0.0,0.0,0.0,0.0,-0.00010609813034534454,0.0,0.0
0.0,0.0012300708331167698,0.0006187260150909424,0.0,0.0,5.062413401901722e-05,-4.917639307677746e-05,-0.00017147790640592575,3.2456591725349426e-05,0.0,0.0,9.614042937755585e-05,0.0,0.0,-2.6199035346508026e-05,0.0,0.0,0.0,0.0,0.0,0.0,0.0,0.0,0.0,-0.0003845803439617157,0.0,3.4924596548080444e-05,0.0,0.0002424130216240883,0.0,0.0,0.0,0.0,0.0,0.0,0.0,0.0,-0.00012944266200065613,0.0,0.0,-9.588245302438736e-05,0.00025179423391819,0.0,0.0,0.0,0.0,0.0,0.025437630712985992,0.0,0.0,0.0,-6.485451012849808e-05,-0.00020211469382047653,0.0,0.0,0.0,0.0,-2.0982231944799423e-05,0.0,0.0,0.0,0.0,-7.729977369308472e-05,0.0,0.0
0.0,0.0012197052128612995,0.0005844216793775558,0.0,0.0,8.269795216619968e-05,-4.155957140028477e-05,-0.00018242653459310532,2.0733103156089783e-05,0.0,0.0,0.00010720454156398773,0.0,0.0,-6.224960088729858e-06,0.0,0.0,0.0,0.0,0.0,0.0,0.0,0.0,0.0,-0.0005071992054581642,0.0,2.3134052753448486e-05,0.0,0.0003226296976208687,0.0,0.0,0.0,0.0,0.0,0.0,0.0,0.0,-0.00011779554188251495,0.0,0.0,-0.00013086572289466858,0.0002776775509119034,0.0,0.0,0.0,0.0,0.0,0.02114618569612503,0.0,0.0,0.0,-6.641959771513939e-05,-0.00019103381782770157,0.0,0.0,0.0,0.0,6.250571459531784e-06,0.0,0.0,0.0,0.0,-6.505846977233887e-05,0.0,0.0
0.0,0.0012170551344752312,0.000567954033613205,0.0,0.0,0.00010702782310545444,-4.4918153434991837e-05,-0.00019080936908721924,1.3787299394607544e-05,0.0,0.0,0.00011138059198856354,0.0,0.0,-6.279908120632172e-06,0.0,0.0,0.0,0.0,0.0,0.0,0.0,0.0,0.0,-0.000570821575820446,0.0,1.1038035154342651e-05,0.0,0.0003882553428411484,0.0,0.0,0.0,0.0,0.0,0.0,0.0,0.0,-0.00011496618390083313,0.0,0.0,-0.00010184245184063911,0.000337773934006691,0.0,0.0,0.0,0.0,0.0,0.01849658042192459,0.0,0.0,0.0,-4.2838044464588165e-05,-0.00023238454014062881,0.0,0.0,0.0,0.0,1.9321683794260025e-05,0.0,0.0,0.0,0.0,-5.828961730003357e-05,0.0,0.0
0.0,0.0012196660973131657,0.0005603637546300888,0.0,0.0,0.00012188148684799671,-4.921155050396919e-05,-0.0001931777223944664,7.292255759239197e-06,0.0,0.0,0.00011047907173633575,0.0,0.0,-4.802830517292023e-06,0.0,0.0,0.0,0.0,0.0,0.0,0.0,0.0,0.0,-0.0006031319499015808,0.0,4.297122359275818e-06,0.0,0.00043658632785081863,0.0,0.0,0.0,0.0,0.0,0.0,0.0,0.0,-0.00011227279901504517,0.0,0.0,-7.343478500843048e-05,0.00036979280412197113,0.0,0.0,0.0,0.0,0.0,0.017073728144168854,0.0,0.0,0.0,-2.092914655804634e-05,-0.0002604029141366482,0.0,0.0,0.0,0.0,2.481834962964058e-05,0.0,0.0,0.0,0.0,-5.3200870752334595e-05,0.0,0.0
0.0,0.0012242896482348442,0.000554276630282402,0.0,0.0,0.0001296093687415123,-5.080294795334339e-05,-0.0001915236935019493,1.7210841178894043e-06,0.0,0.0,0.00010815449059009552,0.0,0.0,7.813796401023865e-07,0.0,0.0,0.0,0.0,0.0,0.0,0.0,0.0,0.0,-0.0006201649084687233,0.0,2.7045607566833496e-06,0.0,0.0004570009186863899,0.0,0.0,0.0,0.0,0.0,0.0,0.0,0.0,-0.00010818801820278168,0.0,0.0,-5.88512048125267e-05,0.00037603266537189484,0.0,0.0,0.0,0.0,0.0,0.01639706641435623,0.0,0.0,0.0,-6.895978003740311e-06,-0.00027274107560515404,0.0,0.0,0.0,0.0,2.749403938651085e-05,0.0,0.0,0.0,0.0,-4.968792200088501e-05,0.0,0.0
0.0,0.0012287367135286331,0.0005481485277414322,0.0,0.0,0.00013323244638741016,-4.9777328968048096e-05,-0.00018841493874788284,-3.1869858503341675e-06,0.0,0.0,0.0001063179224729538,0.0,0.0,7.822178304195404e-06,0.0,0.0,0.0,0.0,0.0,0.0,0.0,0.0,0.0,-0.0006300359964370728,0.0,4.1406601667404175e-06,0.0,0.0004503373056650162,0.0,0.0,0.0,0.0,0.0,0.0,0.0,0.0,-0.00010376237332820892,0.0,0.0,-5.311332643032074e-05,0.00037185847759246826,0.0,0.0,0.0,0.0,0.0,0.016090668737888336,0.0,0.0,0.0,9.76724550127983e-07,-0.00027886219322681427,0.0,0.0,0.0,0.0,2.9748771339654922e-05,0.0,0.0,0.0,0.0,-4.714168608188629e-05,0.0,0.0
0.0,0.0012320410460233688,0.0005424655973911285,0.0,0.0,0.0001348836813122034,-4.725274629890919e-05,-0.00018541421741247177,-7.4785202741622925e-06,0.0,0.0,0.00010537728667259216,0.0,0.0,1.3948418200016022e-05,0.0,0.0,0.0,0.0,0.0,0.0,0.0,0.0,0.0,-0.0006364835426211357,0.0,6.560236215591431e-06,0.0,0.00042575690895318985,0.0,0.0,0.0,0.0,0.0,0.0,0.0,0.0,-9.997747838497162e-05,0.0,0.0,-5.098618566989899e-05,0.0003658309578895569,0.0,0.0,0.0,0.0,0.0,0.015921182930469513,0.0,0.0,0.0,5.264533683657646e-06,-0.0002825353294610977,0.0,0.0,0.0,0.0,3.216089680790901e-05,0.0,0.0,0.0,0.0,-4.537403583526611e-05,0.0,0.0
0.0,0.0012340573593974113,0.0005377102643251419,0.0,0.0,0.00013570417650043964,-4.4206855818629265e-05,-0.00018309615552425385,-1.0950490832328796e-05,0.0,0.0,0.00010510720312595367,0.0,0.0,1.822877675294876e-05,0.0,0.0,0.0,0.0,0.0,0.0,0.0,0.0,0.0,-0.0006411205977201462,0.0,8.722767233848572e-06,0.0,0.00039372313767671585,0.0,0.0,0.0,0.0,0.0,0.0,0.0,0.0,-9.710527956485748e-05,0.0,0.0,-5.022389814257622e-05,0.00036058947443962097,0.0,0.0,0.0,0.0,0.0,0.015773065388202667,0.0,0.0,0.0,7.58003443479538e-06,-0.0002847975119948387,0.0,0.0,0.0,0.0,3.4592580050230026e-05,0.0,0.0,0.0,0.0,-4.422292113304138e-05,0.0,0.0
0.0,0.0012350166216492653,0.0005340296775102615,0.0,0.0,0.00013618171215057373,-4.128110595047474e-05,-0.00018150079995393753,-1.3509765267372131e-05,0.0,0.0,0.00010515376925468445,0.0,0.0,2.071727067232132e-05,0.0,0.0,0.0,0.0,0.0,0.0,0.0,0.0,0.0,-0.0006446139886975288,0.0,1.0147690773010254e-05,0.0,0.00036206282675266266,0.0,0.0,0.0,0.0,0.0,0.0,0.0,0.0,-9.492039680480957e-05,0.0,0.0,-5.0108879804611206e-05,0.0003565959632396698,0.0,0.0,0.0,0.0,0.0,0.01560557633638382,0.0,0.0,0.0,8.79308208823204e-06,-0.00028618937358260155,0.0,0.0,0.0,0.0,3.677746281027794e-05,0.0,0.0,0.0,0.0,-4.351511597633362e-05,0.0,0.0
0.0,0.0012352685444056988,0.0005313660949468613,0.0,0.0,0.00013652932830154896,-3.876653499901295e-05,-0.0001804763451218605,-1.5256926417350769e-05,0.0,0.0,0.00010528787970542908,0.0,0.0,2.1889805793762207e-05,0.0,0.0,0.0,0.0,0.0,0.0,0.0,0.0,0.0,-0.0006472812965512276,0.0,1.0792165994644165e-05,0.0,0.00033513549715280533,0.0,0.0,0.0,0.0,0.0,0.0,0.0,0.0,-9.308569133281708e-05,0.0,0.0,-5.028722807765007e-05,0.00035380013287067413,0.0,0.0,0.0,0.0,0.0,0.015417434275150299,0.0,0.0,0.0,9.384937584400177e-06,-0.00028708111494779587,0.0,0.0,0.0,0.0,3.856746479868889e-05,0.0,0.0,0.0,0.0,-4.310533404350281e-05,0.0,0.0
0.0,0.0012351158075034618,0.0005295462906360626,0.0,0.0,0.00013680546544492245,-3.6760931834578514e-05,-0.00017984863370656967,-1.6376376152038574e-05,0.0,0.0,0.0001053791493177414,0.0,0.0,2.2252090275287628e-05,0.0,0.0,0.0,0.0,0.0,0.0,0.0,0.0,0.0,-0.0006492966786026955,0.0,1.0866671800613403e-05,0.0,0.0003144582733511925,0.0,0.0,0.0,0.0,0.0,0.0,0.0,0.0,-9.139999747276306e-05,0.0,0.0,-5.0552189350128174e-05,0.00035197846591472626,0.0,0.0,0.0,0.0,0.0,0.015219457447528839,0.0,0.0,0.0,9.655486792325974e-06,-0.0002876892685890198,0.0,0.0,0.0,0.0,3.991415724158287e-05,0.0,0.0,0.0,0.0,-4.29004430770874e-05,0.0,0.0
0.0,0.0012347828596830368,0.0005283653736114502,0.0,0.0,0.00013702549040317535,-3.525451757013798e-05,-0.00017947237938642502,-1.705251634120941e-05,0.0,0.0,0.00010541453957557678,0.0,0.0,2.2190622985363007e-05,0.0,0.0,0.0,0.0,0.0,0.0,0.0,0.0,0.0,-0.0006507989019155502,0.0,1.0574236512184143e-05,0.0,0.00029978062957525253,0.0,0.0,0.0,0.0,0.0,0.0,0.0,0.0,-8.976645767688751e-05,0.0,0.0,-5.07882796227932e-05,0.0003508571535348892,0.0,0.0,0.0,0.0,0.0,0.015024490654468536,0.0,0.0,0.0,9.769806638360023e-06,-0.00028811627998948097,0.0,0.0,0.0,0.0,4.0865037590265274e-05,0.0,0.0,0.0,0.0,-4.2805448174476624e-05,0.0,0.0
0.0,0.001234397292137146,0.0005276408046483994,0.0,0.0,0.00013718544505536556,-3.415066748857498e-05,-0.00017924606800079346,-1.743622124195099e-05,0.0,0.0,0.00010538287460803986,0.0,0.0,2.1957792341709137e-05,0.0,0.0,0.0,0.0,0.0,0.0,0.0,0.0,0.0,-0.0006518857553601265,0.0,1.0106712579727173e-05,0.0,0.0002900445833802223,0.0,0.0,0.0,0.0,0.0,0.0,0.0,0.0,-8.824840188026428e-05,0.0,0.0,-5.097128450870514e-05,0.00035019032657146454,0.0,0.0,0.0,0.0,0.0,0.01484043151140213,0.0,0.0,0.0,9.815208613872528e-06,-0.00028841476887464523,0.0,0.0,0.0,0.0,4.1509512811899185e-05,0.0,0.0,0.0,0.0,-4.276260733604431e-05,0.0,0.0
0.0,0.0012340424582362175,0.0005272198468446732,0.0,0.0,0.00013730651699006557,-3.337790258228779e-05,-0.0001791110262274742,-1.76355242729187e-05,0.0,0.0,0.00010532140731811523,0.0,0.0,2.169143408536911e-05,0.0,0.0,0.0,0.0,0.0,0.0,0.0,0.0,0.0,-0.000652664341032505,0.0,9.600073099136353e-06,0.0,0.00028396397829055786,0.0,0.0,0.0,0.0,0.0,0.0,0.0,0.0,-8.69017094373703e-05,0.0,0.0,-5.109701305627823e-05,0.0003498028963804245,0.0,0.0,0.0,0.0,0.0,0.014671839773654938,0.0,0.0,0.0,9.82731580734253e-06,-0.00028861407190561295,0.0,0.0,0.0,0.0,4.1919294744729996e-05,0.0,0.0,0.0,0.0,-4.2751431465148926e-05,0.0,0.0
0.0,0.0012337439693510532,0.0005269888788461685,0.0,0.0,0.0001373926643282175,-3.2834941521286964e-05,-0.0001790253445506096,-1.773051917552948e-05,0.0,0.0,0.0001052413135766983,0.0,0.0,2.145674079656601e-05,0.0,0.0,0.0,0.0,0.0,0.0,0.0,0.0,0.0,-0.0006532156839966774,0.0,9.130686521530151e-06,0.0,0.0002803914248943329,0.0,0.0,0.0,0.0,0.0,0.0,0.0,0.0,-8.579343557357788e-05,0.0,0.0,-5.117664113640785e-05,0.00034958310425281525,0.0,0.0,0.0,0.0,0.0,0.01451817899942398,0.0,0.0,0.0,9.831041097640991e-06,-0.00028875144198536873,0.0,0.0,0.0,0.0,4.2170751839876175e-05,0.0,0.0,0.0,0.0,-4.2747706174850464e-05,0.0,0.0
0.0,0.001233512070029974,0.0005268733948469162,0.0,0.0,0.00013745413161814213,-3.247545100748539e-05,-0.00017898250371217728,-1.776963472366333e-05,0.0,0.0,0.0001051630824804306,0.0,0.0,2.1272338926792145e-05,0.0,0.0,0.0,0.0,0.0,0.0,0.0,0.0,0.0,-0.0006535928696393967,0.0,8.733943104743958e-06,0.0,0.0002784142270684242,0.0,0.0,0.0,0.0,0.0,0.0,0.0,0.0,-8.491799235343933e-05,0.0,0.0,-5.122041329741478e-05,0.00034946389496326447,0.0,0.0,0.0,0.0,0.0,0.014379747211933136,0.0,0.0,0.0,9.8375603556633e-06,-0.00028883665800094604,0.0,0.0,0.0,0.0,4.23225574195385e-05,0.0,0.0,0.0,0.0,-4.2749568819999695e-05,0.0,0.0
0.0,0.0012333439663052559,0.0005268193781375885,0.0,0.0,0.00013749138452112675,-3.224378451704979e-05,-0.00017895083874464035,-1.7778947949409485e-05,0.0,0.0,0.00010509230196475983,0.0,0.0,2.1138228476047516e-05,0.0,0.0,0.0,0.0,0.0,0.0,0.0,0.0,0.0,-0.0006538499146699905,0.0,8.417293429374695e-06,0.0,0.0002773897722363472,0.0,0.0,0.0,0.0,0.0,0.0,0.0,0.0,-8.428096771240234e-05,0.0,0.0,-5.12516126036644e-05,0.00034938566386699677,0.0,0.0,0.0,0.0,0.0,0.014252729713916779,0.0,0.0,0.0,9.8405871540308e-06,-0.0002888948656618595,0.0,0.0,0.0,0.0,4.240637645125389e-05,0.0,0.0,0.0,0.0,-4.275888204574585e-05,0.0,0.0
0.0,0.001233221497386694,0.0005268026143312454,0.0,0.0,0.0001375158317387104,-3.2081035897135735e-05,-0.0001789359375834465,-1.7775222659111023e-05,0.0,0.0,0.0001050308346748352,0.0,0.0,2.1044164896011353e-05,0.0,0.0,0.0,0.0,0.0,0.0,0.0,0.0,0.0,-0.0006540222093462944,0.0,8.167698979377747e-06,0.0,0.00027690082788467407,0.0,0.0,0.0,0.0,0.0,0.0,0.0,0.0,-8.382834494113922e-05,0.0,0.0,-5.1264651119709015e-05,0.0003493446856737137,0.0,0.0,0.0,0.0,0.0,0.014136828482151031,0.0,0.0,0.0,9.84780490398407e-06,-0.0002889316529035568,0.0,0.0,0.0,0.0,4.245387390255928e-05,0.0,0.0,0.0,0.0,-4.275515675544739e-05,0.0,0.0
0.0,0.0012331390753388405,0.0005267951637506485,0.0,0.0,0.00013752887025475502,-3.198161721229553e-05,-0.0001789238303899765,-1.776963472366333e-05,0.0,0.0,0.00010498426854610443,0.0,0.0,2.0981766283512115e-05,0.0,0.0,0.0,0.0,0.0,0.0,0.0,0.0,0.0,-0.000654139555990696,0.0,7.990747690200806e-06,0.0,0.000276690348982811,0.0,0.0,0.0,0.0,0.0,0.0,0.0,0.0,-8.35321843624115e-05,0.0,0.0,-5.1272567361593246e-05,0.00034932419657707214,0.0,0.0,0.0,0.0,0.0,0.014028973877429962,0.0,0.0,0.0,9.853392839431763e-06,-0.0002889554016292095,0.0,0.0,0.0,0.0,4.2471569031476974e-05,0.0,0.0,0.0,0.0,-4.275888204574585e-05,0.0,0.0
0.0,0.001233082264661789,0.0005268007516860962,0.0,0.0,0.00013753981329500675,-3.191991709172726e-05,-0.00017891358584165573,-1.7762184143066406e-05,0.0,0.0,0.00010495074093341827,0.0,0.0,2.0944513380527496e-05,0.0,0.0,0.0,0.0,0.0,0.0,0.0,0.0,0.0,-0.0006542159244418144,0.0,7.856637239456177e-06,0.0,0.0002766065299510956,0.0,0.0,0.0,0.0,0.0,0.0,0.0,0.0,-8.334219455718994e-05,0.0,0.0,-5.127629265189171e-05,0.0003493092954158783,0.0,0.0,0.0,0.0,0.0,0.013927526772022247,0.0,0.0,0.0,9.85804945230484e-06,-0.00028896844014525414,0.0,0.0,0.0,0.0,4.248553887009621e-05,0.0,0.0,0.0,0.0,-4.2766332626342773e-05,0.0,0.0
0.0,0.0012330440804362297,0.0005268026143312454,0.0,0.0,0.00013753771781921387,-3.18773090839386e-05,-0.00017890799790620804,-1.775287091732025e-05,0.0,0.0,0.00010492466390132904,0.0,0.0,2.0922161638736725e-05,0.0,0.0,0.0,0.0,0.0,0.0,0.0,0.0,0.0,-0.000654265284538269,0.0,7.76536762714386e-06,0.0,0.0002765823155641556,0.0,0.0,0.0,0.0,0.0,0.0,0.0,0.0,-8.323416113853455e-05,0.0,0.0,-5.127210170030594e-05,0.00034929998219013214,0.0,0.0,0.0,0.0,0.0,0.013831384479999542,0.0,0.0,0.0,9.858515113592148e-06,-0.000288977287709713,0.0,0.0,0.0,0.0,4.248926416039467e-05,0.0,0.0,0.0,0.0,-4.276260733604431e-05,0.0,0.0
0.0,0.0012330194003880024,0.0005268100649118423,0.0,0.0,0.00013754144310951233,-3.185635432600975e-05,-0.00017890427261590958,-1.774914562702179e-05,0.0,0.0,0.00010490790009498596,0.0,0.0,2.0907260477542877e-05,0.0,0.0,0.0,0.0,0.0,0.0,0.0,0.0,0.0,-0.0006542960181832314,0.0,7.696449756622314e-06,0.0,0.00027658697217702866,0.0,0.0,0.0,0.0,0.0,0.0,0.0,0.0,-8.317455649375916e-05,0.0,0.0,-5.1274895668029785e-05,0.0003492925316095352,0.0,0.0,0.0,0.0,0.0,0.013738878071308136,0.0,0.0,0.0,9.86224040389061e-06,-0.0002889856696128845,0.0,0.0,0.0,0.0,4.249485209584236e-05,0.0,0.0,0.0,0.0,-4.2766332626342773e-05,0.0,0.0
0.0,0.0012330040335655212,0.0005268119275569916,0.0,0.0,0.00013754493556916714,-3.1836098060011864e-05,-0.0001788996160030365,-1.7745420336723328e-05,0.0,0.0,0.00010489486157894135,0.0,0.0,2.089608460664749e-05,0.0,0.0,0.0,0.0,0.0,0.0,0.0,0.0,0.0,-0.0006543183699250221,0.0,7.64802098274231e-06,0.0,0.00027658604085445404,0.0,0.0,0.0,0.0,0.0,0.0,0.0,0.0,-8.313171565532684e-05,0.0,0.0,-5.127349868416786e-05,0.0003492925316095352,0.0,0.0,0.0,0.0,0.0,0.013649620115756989,0.0,0.0,0.0,9.863404557108879e-06,-0.00028898706659674644,0.0,0.0,0.0,0.0,4.248833283782005e-05,0.0,0.0,0.0,0.0,-4.275888204574585e-05,0.0,0.0
0.0,0.001232994720339775,0.00052681565284729,0.0,0.0,0.00013754446990787983,-3.182725049555302e-05,-0.0001788996160030365,-1.774914562702179e-05,0.0,0.0,0.00010488368570804596,0.0,0.0,2.08904966711998e-05,0.0,0.0,0.0,0.0,0.0,0.0,0.0,0.0,0.0,-0.000654333271086216,0.0,7.612630724906921e-06,0.0,0.0002765823155641556,0.0,0.0,0.0,0.0,0.0,0.0,0.0,0.0,-8.312053978443146e-05,0.0,0.0,-5.127117037773132e-05,0.0003492869436740875,0.0,0.0,0.0,0.0,0.0,0.01356244832277298,0.0,0.0,0.0,9.867129847407341e-06,-0.0002889898605644703,0.0,0.0,0.0,0.0,4.2492058128118515e-05,0.0,0.0,0.0,0.0,-4.2770057916641235e-05,0.0,0.0
0.0,0.0012329905293881893,0.0005268175154924393,0.0,0.0,0.00013754772953689098,-3.182445652782917e-05,-0.00017889868468046188,-1.7745420336723328e-05,0.0,0.0,0.00010487623512744904,0.0,0.0,2.08904966711998e-05,0.0,0.0,0.0,0.0,0.0,0.0,0.0,0.0,0.0,-0.0006543416529893875,0.0,7.597729563713074e-06,0.0,0.0002765776589512825,0.0,0.0,0.0,0.0,0.0,0.0,0.0,0.0,-8.310563862323761e-05,0.0,0.0,-5.126837641000748e-05,0.0003492850810289383,0.0,0.0,0.0,0.0,0.0,0.013477183878421783,0.0,0.0,0.0,9.868759661912918e-06,-0.00028898660093545914,0.0,0.0,0.0,0.0,4.2490195482969284e-05,0.0,0.0,0.0,0.0,-4.2766332626342773e-05,0.0,0.0
0.0,0.0012329895980656147,0.0005268175154924393,0.0,0.0,0.00013754772953689098,-3.1821662560105324e-05,-0.00017889868468046188,-1.7745420336723328e-05,0.0,0.0,0.00010487623512744904,0.0,0.0,2.0888634026050568e-05,0.0,0.0,0.0,0.0,0.0,0.0,0.0,0.0,0.0,-0.000654345378279686,0.0,7.580965757369995e-06,0.0,0.0002765776589512825,0.0,0.0,0.0,0.0,0.0,0.0,0.0,0.0,-8.310191333293915e-05,0.0,0.0,-5.126837641000748e-05,0.00034928880631923676,0.0,0.0,0.0,0.0,0.0,0.013392545282840729,0.0,0.0,0.0,9.867362678050995e-06,-0.000288989394903183,0.0,0.0,0.0,0.0,4.2492058128118515e-05,0.0,0.0,0.0,0.0,-4.276260733604431e-05,0.0,0.0
0.0,0.0012329882010817528,0.0005268175154924393,0.0,0.0,0.00013754633255302906,-3.181793726980686e-05,-0.00017889682203531265,-1.7745420336723328e-05,0.0,0.0,0.00010487250983715057,0.0,0.0,2.0889565348625183e-05,0.0,0.0,0.0,0.0,0.0,0.0,0.0,0.0,0.0,-0.0006543472409248352,0.0,7.569789886474609e-06,0.0,0.0002765720710158348,0.0,0.0,0.0,0.0,0.0,0.0,0.0,0.0,-8.310005068778992e-05,0.0,0.0,-5.126791074872017e-05,0.0003492850810289383,0.0,0.0,0.0,0.0,0.0,0.013308711349964142,0.0,0.0,0.0,9.867595508694649e-06,-0.000288989394903183,0.0,0.0,0.0,0.0,4.248740151524544e-05,0.0,0.0,0.0,0.0,-4.275329411029816e-05,0.0,0.0
0.0,0.0012329877354204655,0.0005268193781375885,0.0,0.0,0.00013754400424659252,-3.1818170100450516e-05,-0.00017889495939016342,-1.7741695046424866e-05,0.0,0.0,0.00010486878454685211,0.0,0.0,2.0888634026050568e-05,0.0,0.0,0.0,0.0,0.0,0.0,0.0,0.0,0.0,-0.0006543518975377083,0.0,7.5623393058776855e-06,0.0,0.0002765702083706856,0.0,0.0,0.0,0.0,0.0,0.0,0.0,0.0,-8.309446275234222e-05,0.0,0.0,-5.126558244228363e-05,0.0003492850810289383,0.0,0.0,0.0,0.0,0.0,0.013224609196186066,0.0,0.0,0.0,9.869690984487534e-06,-0.0002889912575483322,0.0,0.0,0.0,0.0,4.248647019267082e-05,0.0,0.0,0.0,0.0,-4.275701940059662e-05,0.0,0.0
0.0,0.001232984010130167,0.0005268175154924393,0.0,0.0,0.00013754330575466156,-3.181910142302513e-05,-0.00017889682203531265,-1.7743557691574097e-05,0.0,0.0,0.00010486878454685211,0.0,0.0,2.0887702703475952e-05,0.0,0.0,0.0,0.0,0.0,0.0,0.0,0.0,0.0,-0.0006543509662151337,0.0,7.558614015579224e-06,0.0,0.00027656275779008865,0.0,0.0,0.0,0.0,0.0,0.0,0.0,0.0,-8.310377597808838e-05,0.0,0.0,-5.126604810357094e-05,0.0003492850810289383,0.0,0.0,0.0,0.0,0.0,0.013140536844730377,0.0,0.0,0.0,9.86829400062561e-06,-0.00028899218887090683,0.0,0.0,0.0,0.0,4.248647019267082e-05,0.0,0.0,0.0,0.0,-4.275701940059662e-05,0.0,0.0
0.0,0.0012329868040978909,0.0005268175154924393,0.0,0.0,0.00013754167594015598,-3.181654028594494e-05,-0.00017889682203531265,-1.7745420336723328e-05,0.0,0.0,0.00010486319661140442,0.0,0.0,2.0886771380901337e-05,0.0,0.0,0.0,0.0,0.0,0.0,0.0,0.0,0.0,-0.0006543518975377083,0.0,7.556751370429993e-06,0.0,0.0002765646204352379,0.0,0.0,0.0,0.0,0.0,0.0,0.0,0.0,-8.310750126838684e-05,0.0,0.0,-5.1264651119709015e-05,0.0003492850810289383,0.0,0.0,0.0,0.0,0.0,0.013056047260761261,0.0,0.0,0.0,9.869225323200226e-06,-0.00028899218887090683,0.0,0.0,0.0,0.0,4.248740151524544e-05,0.0,0.0,0.0,0.0,-4.275888204574585e-05,0.0,0.0
0.0,0.0012329868040978909,0.0005268175154924393,0.0,0.0,0.00013754330575466156,-3.1813979148864746e-05,-0.00017889682203531265,-1.7743557691574097e-05,0.0,0.0,0.00010486319661140442,0.0,0.0,2.0887702703475952e-05,0.0,0.0,0.0,0.0,0.0,0.0,0.0,0.0,0.0,-0.0006543518975377083,0.0,7.554888725280762e-06,0.0,0.00027656834572553635,0.0,0.0,0.0,0.0,0.0,0.0,0.0,0.0,-8.310191333293915e-05,0.0,0.0,-5.12637197971344e-05,0.00034928135573863983,0.0,0.0,0.0,0.0,0.0,0.01297033578157425,0.0,0.0,0.0,9.868992492556572e-06,-0.00028899218887090683,0.0,0.0,0.0,0.0,4.248833283782005e-05,0.0,0.0,0.0,0.0,-4.275515675544739e-05,0.0,0.0
0.0,0.0012329872697591782,0.0005268175154924393,0.0,0.0,0.00013754353858530521,-3.181956708431244e-05,-0.00017889682203531265,-1.7745420336723328e-05,0.0,0.0,0.00010486505925655365,0.0,0.0,2.0887702703475952e-05,0.0,0.0,0.0,0.0,0.0,0.0,0.0,0.0,0.0,-0.0006543528288602829,0.0,7.553026080131531e-06,0.0,0.0002765664830803871,0.0,0.0,0.0,0.0,0.0,0.0,0.0,0.0,-8.310563862323761e-05,0.0,0.0,-5.1264651119709015e-05,0.00034928135573863983,0.0,0.0,0.0,0.0,0.0,0.012883968651294708,0.0,0.0,0.0,9.868061169981956e-06,-0.00028899312019348145,0.0,0.0,0.0,0.0,4.248740151524544e-05,0.0,0.0,0.0,0.0,-4.275701940059662e-05,0.0,0.0
0.0,0.0012329877354204655,0.0005268175154924393,0.0,0.0,0.0001375430729240179,-3.181607462465763e-05,-0.00017889682203531265,-1.7743557691574097e-05,0.0,0.0,0.00010486505925655365,0.0,0.0,2.0884908735752106e-05,0.0,0.0,0.0,0.0,0.0,0.0,0.0,0.0,0.0,-0.0006543528288602829,0.0,7.549300789833069e-06,0.0,0.00027656368911266327,0.0,0.0,0.0,0.0,0.0,0.0,0.0,0.0,-8.310191333293915e-05,0.0,0.0,-5.126418545842171e-05,0.00034928135573863983,0.0,0.0,0.0,0.0,0.0,0.012796171009540558,0.0,0.0,0.0,9.86829400062561e-06,-0.00028899312019348145,0.0,0.0,0.0,0.0,4.248553887009621e-05,0.0,0.0,0.0,0.0,-4.275701940059662e-05,0.0,0.0
0.0,0.0012329863384366035,0.0005268175154924393,0.0,0.0,0.00013754121027886868,-3.181188367307186e-05,-0.00017889682203531265,-1.7745420336723328e-05,0.0,0.0,0.00010486505925655365,0.0,0.0,2.0886771380901337e-05,0.0,0.0,0.0,0.0,0.0,0.0,0.0,0.0,0.0,-0.0006543537601828575,0.0,7.5511634349823e-06,0.0,0.00027656275779008865,0.0,0.0,0.0,0.0,0.0,0.0,0.0,0.0,-8.310191333293915e-05,0.0,0.0,-5.12637197971344e-05,0.00034928135573863983,0.0,0.0,0.0,0.0,0.0,0.012707240879535675,0.0,0.0,0.0,9.866897016763687e-06,-0.00028899312019348145,0.0,0.0,0.0,0.0,4.248553887009621e-05,0.0,0.0,0.0,0.0,-4.275515675544739e-05,0.0,0.0
0.0,0.0012329868040978909,0.0005268212407827377,0.0,0.0,0.00013754377141594887,-3.1818170100450516e-05,-0.00017889682203531265,-1.7745420336723328e-05,0.0,0.0,0.00010486505925655365,0.0,0.0,2.0888634026050568e-05,0.0,0.0,0.0,0.0,0.0,0.0,0.0,0.0,0.0,-0.0006543528288602829,0.0,7.547438144683838e-06,0.0,0.00027656275779008865,0.0,0.0,0.0,0.0,0.0,0.0,0.0,0.0,-8.310191333293915e-05,0.0,0.0,-5.126185715198517e-05,0.00034928135573863983,0.0,0.0,0.0,0.0,0.0,0.012616820633411407,0.0,0.0,0.0,9.869225323200226e-06,-0.0002889917232096195,0.0,0.0,0.0,0.0,4.248740151524544e-05,0.0,0.0,0.0,0.0,-4.275888204574585e-05,0.0,0.0
0.0,0.0012329858727753162,0.0005268212407827377,0.0,0.0,0.00013754330575466156,-3.1817471608519554e-05,-0.00017889868468046188,-1.7743557691574097e-05,0.0,0.0,0.00010486505925655365,0.0,0.0,2.0888634026050568e-05,0.0,0.0,0.0,0.0,0.0,0.0,0.0,0.0,0.0,-0.0006543556228280067,0.0,7.5511634349823e-06,0.0,0.00027656275779008865,0.0,0.0,0.0,0.0,0.0,0.0,0.0,0.0,-8.310191333293915e-05,0.0,0.0,-5.12637197971344e-05,0.0003492794930934906,0.0,0.0,0.0,0.0,0.0,0.012524254620075226,0.0,0.0,0.0,9.866664186120033e-06,-0.0002889917232096195,0.0,0.0,0.0,0.0,4.248553887009621e-05,0.0,0.0,0.0,0.0,-4.275701940059662e-05,0.0,0.0
0.0,0.0012329872697591782,0.0005268175154924393,0.0,0.0,0.00013754330575466156,-3.18172387778759e-05,-0.00017889682203531265,-1.7745420336723328e-05,0.0,0.0,0.00010486878454685211,0.0,0.0,2.0884908735752106e-05,0.0,0.0,0.0,0.0,0.0,0.0,0.0,0.0,0.0,-0.0006543537601828575,0.0,7.5511634349823e-06,0.0,0.00027656182646751404,0.0,0.0,0.0,0.0,0.0,0.0,0.0,0.0,-8.310191333293915e-05,0.0,0.0,-5.126418545842171e-05,0.0003492850810289383,0.0,0.0,0.0,0.0,0.0,0.012429960072040558,0.0,0.0,0.0,9.867129847407341e-06,-0.00028899218887090683,0.0,0.0,0.0,0.0,4.248553887009621e-05,0.0,0.0,0.0,0.0,-4.275701940059662e-05,0.0,0.0
0.0,0.0012329863384366035,0.0005268175154924393,0.0,0.0,0.00013754144310951233,-3.181560896337032e-05,-0.00017889868468046188,-1.7745420336723328e-05,0.0,0.0,0.00010486505925655365,0.0,0.0,2.0888634026050568e-05,0.0,0.0,0.0,0.0,0.0,0.0,0.0,0.0,0.0,-0.0006543537601828575,0.0,7.5511634349823e-06,0.0,0.0002765646204352379,0.0,0.0,0.0,0.0,0.0,0.0,0.0,0.0,-8.310563862323761e-05,0.0,0.0,-5.126511678099632e-05,0.00034928321838378906,0.0,0.0,0.0,0.0,0.0,0.0123334601521492,0.0,0.0,0.0,9.867595508694649e-06,-0.0002889912575483322,0.0,0.0,0.0,0.0,4.248647019267082e-05,0.0,0.0,0.0,0.0,-4.275888204574585e-05,0.0,0.0
0.0,0.0012329877354204655,0.0005268212407827377,0.0,0.0,0.00013754190877079964,-3.1816307455301285e-05,-0.00017889868468046188,-1.7745420336723328e-05,0.0,0.0,0.00010486692190170288,0.0,0.0,2.0888634026050568e-05,0.0,0.0,0.0,0.0,0.0,0.0,0.0,0.0,0.0,-0.0006543537601828575,0.0,7.5511634349823e-06,0.0,0.0002765608951449394,0.0,0.0,0.0,0.0,0.0,0.0,0.0,0.0,-8.310563862323761e-05,0.0,0.0,-5.1262788474559784e-05,0.00034928321838378906,0.0,0.0,0.0,0.0,0.0,0.012234814465045929,0.0,0.0,0.0,9.867129847407341e-06,-0.00028898846358060837,0.0,0.0,0.0,0.0,4.248553887009621e-05,0.0,0.0,0.0,0.0,-4.275888204574585e-05,0.0,0.0
0.0,0.0012329872697591782,0.0005268212407827377,0.0,0.0,0.00013754446990787983,-3.1815143302083015e-05,-0.00017889868468046188,-1.7745420336723328e-05,0.0,0.0,0.00010486878454685211,0.0,0.0,2.0888634026050568e-05,0.0,0.0,0.0,0.0,0.0,0.0,0.0,0.0,0.0,-0.0006543537601828575,0.0,7.549300789833069e-06,0.0,0.00027656275779008865,0.0,0.0,0.0,0.0,0.0,0.0,0.0,0.0,-8.310563862323761e-05,0.0,0.0,-5.1262322813272476e-05,0.0003492850810289383,0.0,0.0,0.0,0.0,0.0,0.012133218348026276,0.0,0.0,0.0,9.867129847407341e-06,-0.0002889903262257576,0.0,0.0,0.0,0.0,4.248740151524544e-05,0.0,0.0,0.0,0.0,-4.275515675544739e-05,0.0,0.0
0.0,0.0012329872697591782,0.0005268193781375885,0.0,0.0,0.0001375451683998108,-3.1814444810152054e-05,-0.00017889868468046188,-1.7745420336723328e-05,0.0,0.0,0.00010486692190170288,0.0,0.0,2.08904966711998e-05,0.0,0.0,0.0,0.0,0.0,0.0,0.0,0.0,0.0,-0.0006543537601828575,0.0,7.547438144683838e-06,0.0,0.0002765599638223648,0.0,0.0,0.0,0.0,0.0,0.0,0.0,0.0,-8.310750126838684e-05,0.0,0.0,-5.1264651119709015e-05,0.0003492850810289383,0.0,0.0,0.0,0.0,0.0,0.01202983409166336,0.0,0.0,0.0,9.866897016763687e-06,-0.0002889889292418957,0.0,0.0,0.0,0.0,4.248740151524544e-05,0.0,0.0,0.0,0.0,-4.275701940059662e-05,0.0,0.0
0.0,0.0012329877354204655,0.0005268193781375885,0.0,0.0,0.00013754330575466156,-3.1817471608519554e-05,-0.00017889682203531265,-1.7745420336723328e-05,0.0,0.0,0.00010486505925655365,0.0,0.0,2.0886771380901337e-05,0.0,0.0,0.0,0.0,0.0,0.0,0.0,0.0,0.0,-0.0006543537601828575,0.0,7.547438144683838e-06,0.0,0.0002765608951449394,0.0,0.0,0.0,0.0,0.0,0.0,0.0,0.0,-8.310563862323761e-05,0.0,0.0,-5.1262788474559784e-05,0.00034928135573863983,0.0,0.0,0.0,0.0,0.0,0.011923380196094513,0.0,0.0,0.0,9.866664186120033e-06,-0.0002889903262257576,0.0,0.0,0.0,0.0,4.248553887009621e-05,0.0,0.0,0.0,0.0,-4.275701940059662e-05,0.0,0.0
0.0,0.0012329872697591782,0.0005268193781375885,0.0,0.0,0.00013754353858530521,-3.181560896337032e-05,-0.00017889682203531265,-1.7745420336723328e-05,0.0,0.0,0.00010486692190170288,0.0,0.0,2.0886771380901337e-05,0.0,0.0,0.0,0.0,0.0,0.0,0.0,0.0,0.0,-0.0006543537601828575,0.0,7.5511634349823e-06,0.0,0.0002765590324997902,0.0,0.0,0.0,0.0,0.0,0.0,0.0,0.0,-8.310563862323761e-05,0.0,0.0,-5.1264651119709015e-05,0.00034928135573863983,0.0,0.0,0.0,0.0,0.0,0.011814095079898834,0.0,0.0,0.0,9.868759661912918e-06,-0.0002889903262257576,0.0,0.0,0.0,0.0,4.248647019267082e-05,0.0,0.0,0.0,0.0,-4.275888204574585e-05,0.0,0.0
0.0,0.001232985407114029,0.0005268175154924393,0.0,0.0,0.00013754051178693771,-3.181607462465763e-05,-0.00017889682203531265,-1.7745420336723328e-05,0.0,0.0,0.00010486505925655365,0.0,0.0,2.088584005832672e-05,0.0,0.0,0.0,0.0,0.0,0.0,0.0,0.0,0.0,-0.0006543518975377083,0.0,7.5511634349823e-06,0.0,0.00027656275779008865,0.0,0.0,0.0,0.0,0.0,0.0,0.0,0.0,-8.310191333293915e-05,0.0,0.0,-5.12637197971344e-05,0.0003492850810289383,0.0,0.0,0.0,0.0,0.0,0.011701889336109161,0.0,0.0,0.0,9.869923815131187e-06,-0.0002889912575483322,0.0,0.0,0.0,0.0,4.248647019267082e-05,0.0,0.0,0.0,0.0,-4.275888204574585e-05,0.0,0.0
0.0,0.001232985407114029,0.0005268175154924393,0.0,0.0,0.00013754284009337425,-3.181886859238148e-05,-0.00017889682203531265,-1.7745420336723328e-05,0.0,0.0,0.00010486505925655365,0.0,0.0,2.0888634026050568e-05,0.0,0.0,0.0,0.0,0.0,0.0,0.0,0.0,0.0,-0.0006543518975377083,0.0,7.5511634349823e-06,0.0,0.00027656275779008865,0.0,0.0,0.0,0.0,0.0,0.0,0.0,0.0,-8.310377597808838e-05,0.0,0.0,-5.1264651119709015e-05,0.00034928321838378906,0.0,0.0,0.0,0.0,0.0,0.011586673557758331,0.0,0.0,0.0,9.86829400062561e-06,-0.00028899218887090683,0.0,0.0,0.0,0.0,4.248553887009621e-05,0.0,0.0,0.0,0.0,-4.275888204574585e-05,0.0,0.0
0.0,0.001232985407114029,0.0005268175154924393,0.0,0.0,0.00013754051178693771,-3.1818170100450516e-05,-0.00017889868468046188,-1.7745420336723328e-05,0.0,0.0,0.00010486505925655365,0.0,0.0,2.0888634026050568e-05,0.0,0.0,0.0,0.0,0.0,0.0,0.0,0.0,0.0,-0.0006543546915054321,0.0,7.547438144683838e-06,0.0,0.00027656275779008865,0.0,0.0,0.0,0.0,0.0,0.0,0.0,0.0,-8.310191333293915e-05,0.0,0.0,-5.126604810357094e-05,0.00034928321838378906,0.0,0.0,0.0,0.0,0.0,0.011468298733234406,0.0,0.0,0.0,9.870156645774841e-06,-0.0002889912575483322,0.0,0.0,0.0,0.0,4.248833283782005e-05,0.0,0.0,0.0,0.0,-4.275888204574585e-05,0.0,0.0
0.0,0.0012329849414527416,0.0005268193781375885,0.0,0.0,0.00013754190877079964,-3.1818170100450516e-05,-0.00017889682203531265,-1.7745420336723328e-05,0.0,0.0,0.00010486505925655365,0.0,0.0,2.0888634026050568e-05,0.0,0.0,0.0,0.0,0.0,0.0,0.0,0.0,0.0,-0.0006543528288602829,0.0,7.547438144683838e-06,0.0,0.0002765608951449394,0.0,0.0,0.0,0.0,0.0,0.0,0.0,0.0,-8.310563862323761e-05,0.0,0.0,-5.126511678099632e-05,0.00034928135573863983,0.0,0.0,0.0,0.0,0.0,0.011346705257892609,0.0,0.0,0.0,9.869690984487534e-06,-0.0002889912575483322,0.0,0.0,0.0,0.0,4.248553887009621e-05,0.0,0.0,0.0,0.0,-4.275888204574585e-05,0.0,0.0
0.0,0.001232985407114029,0.0005268193781375885,0.0,0.0,0.00013754167594015598,-3.181770443916321e-05,-0.00017889775335788727,-1.7745420336723328e-05,0.0,0.0,0.00010486692190170288,0.0,0.0,2.0886771380901337e-05,0.0,0.0,0.0,0.0,0.0,0.0,0.0,0.0,0.0,-0.0006543537601828575,0.0,7.5511634349823e-06,0.0,0.00027656275779008865,0.0,0.0,0.0,0.0,0.0,0.0,0.0,0.0,-8.310191333293915e-05,0.0,0.0,-5.1264651119709015e-05,0.00034928135573863983,0.0,0.0,0.0,0.0,0.0,0.01122177392244339,0.0,0.0,0.0,9.868526831269264e-06,-0.0002889912575483322,0.0,0.0,0.0,0.0,4.248460754752159e-05,0.0,0.0,0.0,0.0,-4.275701940059662e-05,0.0,0.0
0.0,0.0012329863384366035,0.0005268193781375885,0.0,0.0,0.00013754586689174175,-3.181537613272667e-05,-0.00017889589071273804,-1.7745420336723328e-05,0.0,0.0,0.00010486505925655365,0.0,0.0,2.0886771380901337e-05,0.0,0.0,0.0,0.0,0.0,0.0,0.0,0.0,0.0,-0.0006543537601828575,0.0,7.549300789833069e-06,0.0,0.00027656182646751404,0.0,0.0,0.0,0.0,0.0,0.0,0.0,0.0,-8.310005068778992e-05,0.0,0.0,-5.1264651119709015e-05,0.00034928321838378906,0.0,0.0,0.0,0.0,0.0,0.011093325912952423,0.0,0.0,0.0,9.867828339338303e-06,-0.00028899405151605606,0.0,0.0,0.0,0.0,4.248647019267082e-05,0.0,0.0,0.0,0.0,-4.275701940059662e-05,0.0,0.0
0.0,0.0012329863384366035,0.0005268193781375885,0.0,0.0,0.00013754633255302906,-3.181584179401398e-05,-0.00017889682203531265,-1.7745420336723328e-05,0.0,0.0,0.00010486505925655365,0.0,0.0,2.0888634026050568e-05,0.0,0.0,0.0,0.0,0.0,0.0,0.0,0.0,0.0,-0.0006543537601828575,0.0,7.549300789833069e-06,0.0,0.00027656275779008865,0.0,0.0,0.0,0.0,0.0,0.0,0.0,0.0,-8.310563862323761e-05,0.0,0.0,-5.12637197971344e-05,0.00034928321838378906,0.0,0.0,0.0,0.0,0.0,0.010961391031742096,0.0,0.0,0.0,9.868526831269264e-06,-0.00028899218887090683,0.0,0.0,0.0,0.0,4.248647019267082e-05,0.0,0.0,0.0,0.0,-4.275888204574585e-05,0.0,0.0
0.0,0.0012329868040978909,0.0005268193781375885,0.0,0.0,0.00013754284009337425,-3.181607462465763e-05,-0.00017889775335788727,-1.7745420336723328e-05,0.0,0.0,0.00010486319661140442,0.0,0.0,2.0889565348625183e-05,0.0,0.0,0.0,0.0,0.0,0.0,0.0,0.0,0.0,-0.0006543537601828575,0.0,7.5511634349823e-06,0.0,0.00027656368911266327,0.0,0.0,0.0,0.0,0.0,0.0,0.0,0.0,-8.310563862323761e-05,0.0,0.0,-5.126558244228363e-05,0.00034928321838378906,0.0,0.0,0.0,0.0,0.0,0.01082608848810196,0.0,0.0,0.0,9.868526831269264e-06,-0.0002889912575483322,0.0,0.0,0.0,0.0,4.248740151524544e-05,0.0,0.0,0.0,0.0,-4.276446998119354e-05,0.0,0.0
0.0,0.0012329863384366035,0.0005268175154924393,0.0,0.0,0.00013754470273852348,-3.181374631822109e-05,-0.00017889868468046188,-1.7745420336723328e-05,0.0,0.0,0.00010486505925655365,0.0,0.0,2.08904966711998e-05,0.0,0.0,0.0,0.0,0.0,0.0,0.0,0.0,0.0,-0.0006543546915054321,0.0,7.5511634349823e-06,0.0,0.0002765590324997902,0.0,0.0,0.0,0.0,0.0,0.0,0.0,0.0,-8.310005068778992e-05,0.0,0.0,-5.1264651119709015e-05,0.0003492850810289383,0.0,0.0,0.0,0.0,0.0,0.010686613619327545,0.0,0.0,0.0,9.868759661912918e-06,-0.0002889912575483322,0.0,0.0,0.0,0.0,4.248553887009621e-05,0.0,0.0,0.0,0.0,-4.275888204574585e-05,0.0,0.0
0.0,0.0012329849414527416,0.0005268193781375885,0.0,0.0,0.00013754353858530521,-3.18172387778759e-05,-0.00017889868468046188,-1.7745420336723328e-05,0.0,0.0,0.00010486133396625519,0.0,0.0,2.0888634026050568e-05,0.0,0.0,0.0,0.0,0.0,0.0,0.0,0.0,0.0,-0.0006543556228280067,0.0,7.549300789833069e-06,0.0,0.00027656275779008865,0.0,0.0,0.0,0.0,0.0,0.0,0.0,0.0,-8.310563862323761e-05,0.0,0.0,-5.12637197971344e-05,0.00034928321838378906,0.0,0.0,0.0,0.0,0.0,0.010543830692768097,0.0,0.0,0.0,9.867595508694649e-06,-0.0002889917232096195,0.0,0.0,0.0,0.0,4.248460754752159e-05,0.0,0.0,0.0,0.0,-4.275515675544739e-05,0.0,0.0
0.0,0.0012329858727753162,0.0005268175154924393,0.0,0.0,0.00013754051178693771,-3.181560896337032e-05,-0.00017889682203531265,-1.7745420336723328e-05,0.0,0.0,0.00010486133396625519,0.0,0.0,2.0888634026050568e-05,0.0,0.0,0.0,0.0,0.0,0.0,0.0,0.0,0.0,-0.0006543546915054321,0.0,7.547438144683838e-06,0.0,0.0002765608951449394,0.0,0.0,0.0,0.0,0.0,0.0,0.0,0.0,-8.310563862323761e-05,0.0,0.0,-5.126418545842171e-05,0.0003492850810289383,0.0,0.0,0.0,0.0,0.0,0.010397680103778839,0.0,0.0,0.0,9.868061169981956e-06,-0.000288989394903183,0.0,0.0,0.0,0.0,4.248647019267082e-05,0.0,0.0,0.0,0.0,-4.275701940059662e-05,0.0,0.0
0.0,0.001232985407114029,0.0005268175154924393,0.0,0.0,0.00013754144310951233,-3.1817471608519554e-05,-0.00017889682203531265,-1.774728298187256e-05,0.0,0.0,0.00010486319661140442,0.0,0.0,2.0887702703475952e-05,0.0,0.0,0.0,0.0,0.0,0.0,0.0,0.0,0.0,-0.0006543537601828575,0.0,7.547438144683838e-06,0.0,0.00027656275779008865,0.0,0.0,0.0,0.0,0.0,0.0,0.0,0.0,-8.310563862323761e-05,0.0,0.0,-5.1264651119709015e-05,0.00034928135573863983,0.0,0.0,0.0,0.0,0.0,0.01024741679430008,0.0,0.0,0.0,9.869225323200226e-06,-0.0002889903262257576,0.0,0.0,0.0,0.0,4.248460754752159e-05,0.0,0.0,0.0,0.0,-4.275515675544739e-05,0.0,0.0
0.0,0.0012329849414527416,0.0005268175154924393,0.0,0.0,0.00013754237443208694,-3.180955536663532e-05,-0.00017889682203531265,-1.7745420336723328e-05,0.0,0.0,0.00010486505925655365,0.0,0.0,2.0888634026050568e-05,0.0,0.0,0.0,0.0,0.0,0.0,0.0,0.0,0.0,-0.0006543537601828575,0.0,7.5511634349823e-06,0.0,0.00027656275779008865,0.0,0.0,0.0,0.0,0.0,0.0,0.0,0.0,-8.310563862323761e-05,0.0,0.0,-5.1264651119709015e-05,0.00034928321838378906,0.0,0.0,0.0,0.0,0.0,0.010093815624713898,0.0,0.0,0.0,9.867828339338303e-06,-0.000288989394903183,0.0,0.0,0.0,0.0,4.248553887009621e-05,0.0,0.0,0.0,0.0,-4.2747706174850464e-05,0.0,0.0
0.0,0.0012329872697591782,0.0005268175154924393,0.0,0.0,0.00013754377141594887,-3.181537613272667e-05,-0.00017889775335788727,-1.7745420336723328e-05,0.0,0.0,0.00010486319661140442,0.0,0.0,2.0884908735752106e-05,0.0,0.0,0.0,0.0,0.0,0.0,0.0,0.0,0.0,-0.0006543528288602829,0.0,7.547438144683838e-06,0.0,0.00027656275779008865,0.0,0.0,0.0,0.0,0.0,0.0,0.0,0.0,-8.310191333293915e-05,0.0,0.0,-5.1262788474559784e-05,0.00034928135573863983,0.0,0.0,0.0,0.0,0.0,0.00993654876947403,0.0,0.0,0.0,9.871553629636765e-06,-0.0002889907918870449,0.0,0.0,0.0,0.0,4.248553887009621e-05,0.0,0.0,0.0,0.0,-4.2747706174850464e-05,0.0,0.0
0.0,0.0012329863384366035,0.0005268212407827377,0.0,0.0,0.00013754423707723618,-3.181467764079571e-05,-0.0001788996160030365,-1.7745420336723328e-05,0.0,0.0,0.00010486319661140442,0.0,0.0,2.088397741317749e-05,0.0,0.0,0.0,0.0,0.0,0.0,0.0,0.0,0.0,-0.0006543528288602829,0.0,7.5511634349823e-06,0.0,0.0002765608951449394,0.0,0.0,0.0,0.0,0.0,0.0,0.0,0.0,-8.310005068778992e-05,0.0,0.0,-5.126511678099632e-05,0.00034928321838378906,0.0,0.0,0.0,0.0,0.0,0.009775854647159576,0.0,0.0,0.0,9.873416274785995e-06,-0.0002889898605644703,0.0,0.0,0.0,0.0,4.2483676224946976e-05,0.0,0.0,0.0,0.0,-4.2743980884552e-05,0.0,0.0
0.0,0.0012329872697591782,0.0005268175154924393,0.0,0.0,0.0001375451683998108,-3.181654028594494e-05,-0.00017890054732561111,-1.774728298187256e-05,0.0,0.0,0.00010486133396625519,0.0,0.0,2.0886771380901337e-05,0.0,0.0,0.0,0.0,0.0,0.0,0.0,0.0,0.0,-0.0006543528288602829,0.0,7.5511634349823e-06,0.0,0.0002765590324997902,0.0,0.0,0.0,0.0,0.0,0.0,0.0,0.0,-8.309818804264069e-05,0.0,0.0,-5.12637197971344e-05,0.00034928135573863983,0.0,0.0,0.0,0.0,0.0,0.009611345827579498,0.0,0.0,0.0,9.873881936073303e-06,-0.00028899312019348145,0.0,0.0,0.0,0.0,4.248460754752159e-05,0.0,0.0,0.0,0.0,-4.2732805013656616e-05,0.0,0.0
0.0,0.0012329844757914543,0.0005268212407827377,0.0,0.0,0.0001375451683998108,-3.1815143302083015e-05,-0.00017890054732561111,-1.774914562702179e-05,0.0,0.0,0.00010485947132110596,0.0,0.0,2.088584005832672e-05,0.0,0.0,0.0,0.0,0.0,0.0,0.0,0.0,0.0,-0.000654350034892559,0.0,7.547438144683838e-06,0.0,0.0002765599638223648,0.0,0.0,0.0,0.0,0.0,0.0,0.0,0.0,-8.310377597808838e-05,0.0,0.0,-5.126558244228363e-05,0.0003492794930934906,0.0,0.0,0.0,0.0,0.0,0.009443975985050201,0.0,0.0,0.0,9.877374395728111e-06,-0.0002889903262257576,0.0,0.0,0.0,0.0,4.2483676224946976e-05,0.0,0.0,0.0,0.0,-4.272162914276123e-05,0.0,0.0
0.0,0.0012329835444688797,0.0005268175154924393,0.0,0.0,0.00013753864914178848,-3.182259388267994e-05,-0.00017890054732561111,-1.774914562702179e-05,0.0,0.0,0.00010485760867595673,0.0,0.0,2.0886771380901337e-05,0.0,0.0,0.0,0.0,0.0,0.0,0.0,0.0,0.0,-0.0006543481722474098,0.0,7.547438144683838e-06,0.0,0.00027656275779008865,0.0,0.0,0.0,0.0,0.0,0.0,0.0,0.0,-8.309632539749146e-05,0.0,0.0,-5.12637197971344e-05,0.00034928135573863983,0.0,0.0,0.0,0.0,0.0,0.00927317887544632,0.0,0.0,0.0,9.881798177957535e-06,-0.000288989394903183,0.0,0.0,0.0,0.0,4.248553887009621e-05,0.0,0.0,0.0,0.0,-4.2712315917015076e-05,0.0,0.0
0.0,0.0012329872697591782,0.0005268175154924393,0.0,0.0,0.0001375335268676281,-3.182073123753071e-05,-0.00017889868468046188,-1.775287091732025e-05,0.0,0.0,0.0001048501580953598,0.0,0.0,2.0886771380901337e-05,0.0,0.0,0.0,0.0,0.0,0.0,0.0,0.0,0.0,-0.0006543425843119621,0.0,7.547438144683838e-06,0.0,0.00027656368911266327,0.0,0.0,0.0,0.0,0.0,0.0,0.0,0.0,-8.310005068778992e-05,0.0,0.0,-5.1264651119709015e-05,0.00034927763044834137,0.0,0.0,0.0,0.0,0.0,0.009099490940570831,0.0,0.0,0.0,9.889481589198112e-06,-0.0002889903262257576,0.0,0.0,0.0,0.0,4.2483676224946976e-05,0.0,0.0,0.0,0.0,-4.2689964175224304e-05,0.0,0.0
0.0,0.0012329858727753162,0.0005268137902021408,0.0,0.0,0.00013752863742411137,-3.1828880310058594e-05,-0.00017890054732561111,-1.775287091732025e-05,0.0,0.0,0.00010484643280506134,0.0,0.0,2.0886771380901337e-05,0.0,0.0,0.0,0.0,0.0,0.0,0.0,0.0,0.0,-0.000654333271086216,0.0,7.547438144683838e-06,0.0,0.0002765590324997902,0.0,0.0,0.0,0.0,0.0,0.0,0.0,0.0,-8.309818804264069e-05,0.0,0.0,-5.126185715198517e-05,0.00034927576780319214,0.0,0.0,0.0,0.0,0.0,0.008923061192035675,0.0,0.0,0.0,9.900424629449844e-06,-0.0002889889292418957,0.0,0.0,0.0,0.0,4.248274490237236e-05,0.0,0.0,0.0,0.0,-4.2652711272239685e-05,0.0,0.0
0.0,0.0012329835444688797,0.0005268137902021408,0.0,0.0,0.00013752561062574387,-3.184354864060879e-05,-0.0001789061352610588,-1.7756596207618713e-05,0.0,0.0,0.00010483525693416595,0.0,0.0,2.0888634026050568e-05,0.0,0.0,0.0,0.0,0.0,0.0,0.0,0.0,0.0,-0.0006543239578604698,0.0,7.543712854385376e-06,0.0,0.0002765599638223648,0.0,0.0,0.0,0.0,0.0,0.0,0.0,0.0,-8.310191333293915e-05,0.0,0.0,-5.12637197971344e-05,0.00034927017986774445,0.0,0.0,0.0,0.0,0.0,0.008744187653064728,0.0,0.0,0.0,9.91765409708023e-06,-0.00028898846358060837,0.0,0.0,0.0,0.0,4.24790196120739e-05,0.0,0.0,0.0,0.0,-4.260987043380737e-05,0.0,0.0
0.0,0.0012329807505011559,0.0005268100649118423,0.0,0.0,0.0001375123392790556,-3.1863339245319366e-05,-0.00017890334129333496,-1.7760321497917175e-05,0.0,0.0,0.00010481290519237518,0.0,0.0,2.0889565348625183e-05,0.0,0.0,0.0,0.0,0.0,0.0,0.0,0.0,0.0,-0.000654309056699276,0.0,7.545575499534607e-06,0.0,0.0002765599638223648,0.0,0.0,0.0,0.0,0.0,0.0,0.0,0.0,-8.310377597808838e-05,0.0,0.0,-5.127117037773132e-05,0.0003492608666419983,0.0,0.0,0.0,0.0,0.0,0.008562691509723663,0.0,0.0,0.0,9.952113032341003e-06,-0.00028898613527417183,0.0,0.0,0.0,0.0,4.2475294321775436e-05,0.0,0.0,0.0,0.0,-4.254654049873352e-05,0.0,0.0
0.0,0.0012329742312431335,0.0005268007516860962,0.0,0.0,0.00013749138452112675,-3.1899427995085716e-05,-0.00017890427261590958,-1.77677720785141e-05,0.0,0.0,0.00010479055345058441,0.0,0.0,2.0891427993774414e-05,0.0,0.0,0.0,0.0,0.0,0.0,0.0,0.0,0.0,-0.0006542820483446121,0.0,7.547438144683838e-06,0.0,0.0002765534445643425,0.0,0.0,0.0,0.0,0.0,0.0,0.0,0.0,-8.310005068778992e-05,0.0,0.0,-5.1281414926052094e-05,0.00034925155341625214,0.0,0.0,0.0,0.0,0.0,0.008379168808460236,0.0,0.0,0.0,1.00000761449337e-05,-0.0002889782190322876,0.0,0.0,0.0,0.0,4.247250035405159e-05,0.0,0.0,0.0,0.0,-4.2440369725227356e-05,0.0,0.0
0.0,0.0012329565361142159,0.00052679143846035,0.0,0.0,0.00013746018521487713,-3.1966716051101685e-05,-0.0001789061352610588,-1.776963472366333e-05,0.0,0.0,0.00010474584996700287,0.0,0.0,2.0888634026050568e-05,0.0,0.0,0.0,0.0,0.0,0.0,0.0,0.0,0.0,-0.0006542457267642021,0.0,7.5511634349823e-06,0.0,0.00027655065059661865,0.0,0.0,0.0,0.0,0.0,0.0,0.0,0.0,-8.310563862323761e-05,0.0,0.0,-5.130656063556671e-05,0.0003492310643196106,0.0,0.0,0.0,0.0,0.0,0.00819394737482071,0.0,0.0,0.0,1.008552499115467e-05,-0.0002889647148549557,0.0,0.0,0.0,0.0,4.2451079934835434e-05,0.0,0.0,0.0,0.0,-4.2302533984184265e-05,0.0,0.0
0.0,0.0012329351156949997,0.0005267728120088577,0.0,0.0,0.00013740337453782558,-3.2070791348814964e-05,-0.0001789173111319542,-1.7775222659111023e-05,0.0,0.0,0.00010467879474163055,0.0,0.0,2.0888634026050568e-05,0.0,0.0,0.0,0.0,0.0,0.0,0.0,0.0,0.0,-0.0006541907787322998,0.0,7.558614015579224e-06,0.0,0.00027653854340314865,0.0,0.0,0.0,0.0,0.0,0.0,0.0,0.0,-8.310750126838684e-05,0.0,0.0,-5.134753882884979e-05,0.00034919753670692444,0.0,0.0,0.0,0.0,0.0,0.008006729185581207,0.0,0.0,0.0,1.0217074304819107e-05,-0.00028895074501633644,0.0,0.0,0.0,0.0,4.243152216076851e-05,0.0,0.0,0.0,0.0,-4.2105093598365784e-05,0.0,0.0
0.0,0.0012328997254371643,0.0005267355591058731,0.0,0.0,0.00013731629587709904,-3.223377279937267e-05,-0.0001789303496479988,-1.7784535884857178e-05,0.0,0.0,0.000104585662484169,0.0,0.0,2.0884908735752106e-05,0.0,0.0,0.0,0.0,0.0,0.0,0.0,0.0,0.0,-0.0006541116163134575,0.0,7.586553692817688e-06,0.0,0.00027652177959680557,0.0,0.0,0.0,0.0,0.0,0.0,0.0,0.0,-8.315220475196838e-05,0.0,0.0,-5.142157897353172e-05,0.00034914351999759674,0.0,0.0,0.0,0.0,0.0,0.007817871868610382,0.0,0.0,0.0,1.0427553206682205e-05,-0.0002889176830649376,0.0,0.0,0.0,0.0,4.238774999976158e-05,0.0,0.0,0.0,0.0,-4.1814520955085754e-05,0.0,0.0
0.0,0.0012328498996794224,0.0005266759544610977,0.0,0.0,0.00013717496767640114,-3.249873407185078e-05,-0.00017895828932523727,-1.7782673239707947e-05,0.0,0.0,0.00010443665087223053,0.0,0.0,2.0881183445453644e-05,0.0,0.0,0.0,0.0,0.0,0.0,0.0,0.0,0.0,-0.0006540091708302498,0.0,7.651746273040771e-06,0.0,0.00027650222182273865,0.0,0.0,0.0,0.0,0.0,0.0,0.0,0.0,-8.323043584823608e-05,0.0,0.0,-5.1557086408138275e-05,0.0003490615636110306,0.0,0.0,0.0,0.0,0.0,0.007626749575138092,0.0,0.0,0.0,1.07611995190382e-05,-0.00028886646032333374,0.0,0.0,0.0,0.0,4.2316969484090805e-05,0.0,0.0,0.0,0.0,-4.139915108680725e-05,0.0,0.0
0.0,0.001232803799211979,0.0005265772342681885,0.0,0.0,0.00013696798123419285,-3.2912008464336395e-05,-0.00017900671809911728,-1.777149736881256e-05,0.0,0.0,0.00010421127080917358,0.0,0.0,2.087559551000595e-05,0.0,0.0,0.0,0.0,0.0,0.0,0.0,0.0,0.0,-0.0006538787856698036,0.0,7.772818207740784e-06,0.0,0.00027647800743579865,0.0,0.0,0.0,0.0,0.0,0.0,0.0,0.0,-8.339248597621918e-05,0.0,0.0,-5.1788054406642914e-05,0.00034892745316028595,0.0,0.0,0.0,0.0,0.0,0.0074334219098091125,0.0,0.0,0.0,1.1281110346317291e-05,-0.0002887728624045849,0.0,0.0,0.0,0.0,4.2191240936517715e-05,0.0,0.0,0.0,0.0,-4.0804967284202576e-05,0.0,0.0
0.0,0.0012327725999057293,0.0005264077335596085,0.0,0.0,0.0001366492360830307,-3.3535296097397804e-05,-0.00017910730093717575,-1.7743557691574097e-05,0.0,0.0,0.00010386854410171509,0.0,0.0,2.085510641336441e-05,0.0,0.0,0.0,0.0,0.0,0.0,0.0,0.0,0.0,-0.0006537241861224174,0.0,7.985159754753113e-06,0.0,0.0002764575183391571,0.0,0.0,0.0,0.0,0.0,0.0,0.0,0.0,-8.366815745830536e-05,0.0,0.0,-5.21661713719368e-05,0.00034873560070991516,0.0,0.0,0.0,0.0,0.0,0.0072356536984443665,0.0,0.0,0.0,1.2085307389497757e-05,-0.00028859637677669525,0.0,0.0,0.0,0.0,4.1983556002378464e-05,0.0,0.0,0.0,0.0,-3.9944425225257874e-05,0.0,0.0
0.0,0.0012328317388892174,0.0005261246114969254,0.0,0.0,0.00013618520461022854,-3.447080962359905e-05,-0.0001792963594198227,-1.7682090401649475e-05,0.0,0.0,0.00010334514081478119,0.0,0.0,2.0811334252357483e-05,0.0,0.0,0.0,0.0,0.0,0.0,0.0,0.0,0.0,-0.000653567723929882,0.0,8.337199687957764e-06,0.0,0.00027645472437143326,0.0,0.0,0.0,0.0,0.0,0.0,0.0,0.0,-8.407421410083771e-05,0.0,0.0,-5.276361480355263e-05,0.00034843944013118744,0.0,0.0,0.0,0.0,0.0,0.007033891975879669,0.0,0.0,0.0,1.330208033323288e-05,-0.00028828252106904984,0.0,0.0,0.0,0.0,4.1637104004621506e-05,0.0,0.0,0.0,0.0,-3.8702040910720825e-05,0.0,0.0
0.0,0.0012330934405326843,0.0005256496369838715,0.0,0.0,0.0001355151180177927,-3.5851262509822845e-05,-0.00017965491861104965,-1.755543053150177e-05,0.0,0.0,0.00010257214307785034,0.0,0.0,2.073589712381363e-05,0.0,0.0,0.0,0.0,0.0,0.0,0.0,0.0,0.0,-0.000653482973575592,0.0,8.87550413608551e-06,0.0,0.0002764826640486717,0.0,0.0,0.0,0.0,0.0,0.0,0.0,0.0,-8.456967771053314e-05,0.0,0.0,-5.367910489439964e-05,0.0003480110317468643,0.0,0.0,0.0,0.0,0.0,0.006821878254413605,0.0,0.0,0.0,1.5124212950468063e-05,-0.0002877376973628998,0.0,0.0,0.0,0.0,4.1064340621232986e-05,0.0,0.0,0.0,0.0,-3.691762685775757e-05,0.0,0.0
0.0,0.0012337672524154186,0.0005248431116342545,0.0,0.0,0.00013455888256430626,-3.785174340009689e-05,-0.00018030870705842972,-1.7346814274787903e-05,0.0,0.0,0.0001014266163110733,0.0,0.0,2.0605511963367462e-05,0.0,0.0,0.0,0.0,0.0,0.0,0.0,0.0,0.0,-0.0006535975262522697,0.0,9.622424840927124e-06,0.0,0.00027661677449941635,0.0,0.0,0.0,0.0,0.0,0.0,0.0,0.0,-8.499994874000549e-05,0.0,0.0,-5.50001859664917e-05,0.0003474187105894089,0.0,0.0,0.0,0.0,0.0,0.006600655615329742,0.0,0.0,0.0,1.7766375094652176e-05,-0.00028679007664322853,0.0,0.0,0.0,0.0,4.0100421756505966e-05,0.0,0.0,0.0,0.0,-3.4358352422714233e-05,0.0,0.0
0.0,0.0012351758778095245,0.0005234982818365097,0.0,0.0,0.00013319146819412708,-4.06680628657341e-05,-0.00018144864588975906,-1.7033889889717102e-05,0.0,0.0,9.978748857975006e-05,0.0,0.0,2.037733793258667e-05,0.0,0.0,0.0,0.0,0.0,0.0,0.0,0.0,0.0,-0.0006541935727000237,0.0,1.0546296834945679e-05,0.0,0.0002769520506262779,0.0,0.0,0.0,0.0,0.0,0.0,0.0,0.0,-8.50241631269455e-05,0.0,0.0,-5.682744085788727e-05,0.00034662894904613495,0.0,0.0,0.0,0.0,0.0,0.0063555315136909485,0.0,0.0,0.0,2.1493062376976013e-05,-0.0002852226607501507,0.0,0.0,0.0,0.0,3.848923370242119e-05,0.0,0.0,0.0,0.0,-3.070756793022156e-05,0.0,0.0
0.0,0.001237756572663784,0.0005212705582380295,0.0,0.0,0.00013118167407810688,-4.45428304374218e-05,-0.0001833708956837654,-1.6629695892333984e-05,0.0,0.0,9.747222065925598e-05,0.0,0.0,2.0017847418785095e-05,0.0,0.0,0.0,0.0,0.0,0.0,0.0,0.0,0.0,-0.0006557842716574669,0.0,1.1451542377471924e-05,0.0,0.00027770083397626877,0.0,0.0,0.0,0.0,0.0,0.0,0.0,0.0,-8.408911526203156e-05,0.0,0.0,-5.913432687520981e-05,0.00034564174711704254,0.0,0.0,0.0,0.0,0.0,0.006093211472034454,0.0,0.0,0.0,2.6539666578173637e-05,-0.00028271880000829697,0.0,0.0,0.0,0.0,3.581354394555092e-05,0.0,0.0,0.0,0.0,-2.5546178221702576e-05,0.0,0.0
0.0,0.001242003869265318,0.0005175899714231491,0.0,0.0,0.00012813066132366657,-4.965253174304962e-05,-0.00018642935901880264,-1.6236677765846252e-05,0.0,0.0,9.433738887310028e-05,0.0,0.0,1.947116106748581e-05,0.0,0.0,0.0,0.0,0.0,0.0,0.0,0.0,0.0,-0.0006592785939574242,0.0,1.1920928955078125e-05,0.0,0.00027931760996580124,0.0,0.0,0.0,0.0,0.0,0.0,0.0,0.0,-8.151493966579437e-05,0.0,0.0,-6.170431151986122e-05,0.00034455209970474243,0.0,0.0,0.0,0.0,0.0,0.005777128040790558,0.0,0.0,0.0,3.302493132650852e-05,-0.0002789436839520931,0.0,0.0,0.0,0.0,3.138231113553047e-05,0.0,0.0,0.0,0.0,-1.8382444977760315e-05,0.0,0.0
0.0,0.001248326152563095,0.0005115345120429993,0.0,0.0,0.00012340489774942398,-5.600554868578911e-05,-0.00019102822989225388,-1.6165897250175476e-05,0.0,0.0,9.028799831867218e-05,0.0,0.0,1.8644146621227264e-05,0.0,0.0,0.0,0.0,0.0,0.0,0.0,0.0,0.0,-0.0006662774831056595,0.0,1.1155381798744202e-05,0.0,0.00028271134942770004,0.0,0.0,0.0,0.0,0.0,0.0,0.0,0.0,-7.67875462770462e-05,0.0,0.0,-6.392784416675568e-05,0.0003436040133237839,0.0,0.0,0.0,0.0,0.0,0.005433507263660431,0.0,0.0,0.0,4.076305776834488e-05,-0.0002736342139542103,0.0,0.0,0.0,0.0,2.4203676730394363e-05,0.0,0.0,0.0,0.0,-8.732080459594727e-06,0.0,0.0
0.0,0.0012567187659442425,0.0005015581846237183,0.0,0.0,0.00011613289825618267,-6.324378773570061e-05,-0.0001973658800125122,-1.7097219824790955e-05,0.0,0.0,8.545257151126862e-05,0.0,0.0,1.7403624951839447e-05,0.0,0.0,0.0,0.0,0.0,0.0,0.0,0.0,0.0,-0.0006794361397624016,0.0,7.912516593933105e-06,0.0,0.0002893880009651184,0.0,0.0,0.0,0.0,0.0,0.0,0.0,0.0,-7.018819451332092e-05,0.0,0.0,-6.453460082411766e-05,0.0003433544188737869,0.0,0.0,0.0,0.0,0.0,0.004976041615009308,0.0,0.0,0.0,4.901830106973648e-05,-0.0002669086679816246,0.0,0.0,0.0,0.0,1.2925360351800919e-05,0.0,0.0,0.0,0.0,3.56137752532959e-06,0.0,0.0
0.0,0.0012662452645599842,0.0004850495606660843,0.0,0.0,0.00010539288632571697,-7.020984776318073e-05,-0.00020508002489805222,-2.0310282707214355e-05,0.0,0.0,8.032843470573425e-05,0.0,0.0,1.5611760318279266e-05,0.0,0.0,0.0,0.0,0.0,0.0,0.0,0.0,0.0,-0.0007031066343188286,0.0,6.780028343200684e-07,0.0,0.0003012660890817642,0.0,0.0,0.0,0.0,0.0,0.0,0.0,0.0,-6.351247429847717e-05,0.0,0.0,-6.13722950220108e-05,0.00034481100738048553,0.0,0.0,0.0,0.0,0.0,0.004495300352573395,0.0,0.0,0.0,5.6164106354117393e-05,-0.0002596648409962654,0.0,0.0,0.0,0.0,-3.938097506761551e-06,0.0,0.0,0.0,0.0,1.771189272403717e-05,0.0,0.0
0.0,0.0012744227424263954,0.00045768730342388153,0.0,0.0,9.082979522645473e-05,-7.445248775184155e-05,-0.0002126665785908699,-2.7960166335105896e-05,0.0,0.0,7.61076807975769e-05,0.0,0.0,1.3153068721294403e-05,0.0,0.0,0.0,0.0,0.0,0.0,0.0,0.0,0.0,-0.0007442058995366096,0.0,-1.1820346117019653e-05,0.0,0.0003195451572537422,0.0,0.0,0.0,0.0,0.0,0.0,0.0,0.0,-6.0735270380973816e-05,0.0,0.0,-5.133124068379402e-05,0.0003496576100587845,0.0,0.0,0.0,0.0,0.0,0.003783218562602997,0.0,0.0,0.0,5.948171019554138e-05,-0.0002541337162256241,0.0,0.0,0.0,0.0,-2.7410220354795456e-05,0.0,0.0,0.0,0.0,3.091990947723389e-05,0.0,0.0
0.0,0.0012767869047820568,0.00041277892887592316,0.0,0.0,7.37006776034832e-05,-7.172836922109127e-05,-0.0002169087529182434,-4.31109219789505e-05,0.0,0.0,7.492117583751678e-05,0.0,0.0,1.0164454579353333e-05,0.0,0.0,0.0,0.0,0.0,0.0,0.0,0.0,0.0,-0.0008134134113788605,0.0,-2.9355287551879883e-05,0.0,0.00034206826239824295,0.0,0.0,0.0,0.0,0.0,0.0,0.0,0.0,-6.754137575626373e-05,0.0,0.0,-3.084354102611542e-05,0.00036039017140865326,0.0,0.0,0.0,0.0,0.0,0.0031216517090797424,0.0,0.0,0.0,5.526538006961346e-05,-0.0002540736459195614,0.0,0.0,0.0,0.0,-5.672639235854149e-05,0.0,0.0,0.0,0.0,3.71299684047699e-05,0.0,0.0
0.0,0.0012672711163759232,0.00034111179411411285,0.0,0.0,5.824072286486626e-05,-5.589728243649006e-05,-0.00021294225007295609,-6.932951509952545e-05,0.0,0.0,8.00061970949173e-05,0.0,0.0,7.72811472415924e-06,0.0,0.0,0.0,0.0,0.0,0.0,0.0,0.0,0.0,-0.0009266519919037819,0.0,-4.838407039642334e-05,0.0,0.0003601629287004471,0.0,0.0,0.0,0.0,0.0,0.0,0.0,0.0,-8.862651884555817e-05,0.0,0.0,2.542976289987564e-06,0.00038011930882930756,0.0,0.0,0.0,0.0,0.0,0.0020077452063560486,0.0,0.0,0.0,3.977748565375805e-05,-0.000263742171227932,0.0,0.0,0.0,0.0,-8.723745122551918e-05,0.0,0.0,0.0,0.0,2.6512891054153442e-05,0.0,0.0
0.0,0.0012404564768075943,0.0002317037433385849,0.0,0.0,5.1931943744421005e-05,-2.0278850570321083e-05,-0.0001963246613740921,-0.00010919012129306793,0.0,0.0,9.534694254398346e-05,0.0,0.0,9.031035006046295e-06,0.0,0.0,0.0,0.0,0.0,0.0,0.0,0.0,0.0,-0.0011064466089010239,0.0,-6.0111284255981445e-05,0.0,0.0003586532548069954,0.0,0.0,0.0,0.0,0.0,0.0,0.0,0.0,-0.00012205354869365692,0.0,0.0,4.711467772722244e-05,0.0004119277000427246,0.0,0.0,0.0,0.0,0.0,0.0012543126940727234,0.0,0.0,0.0,1.1500436812639236e-05,-0.00028431182727217674,0.0,0.0,0.0,0.0,-0.00010800128802657127,0.0,0.0,0.0,0.0,-1.1038035154342651e-05,0.0,0.0
0.0,0.0011965679004788399,7.241033017635345e-05,0.0,0.0,6.234319880604744e-05,3.861798904836178e-05,-0.00016863644123077393,-0.00016122497618198395,0.0,0.0,0.00012443028390407562,0.0,0.0,2.1412037312984467e-05,0.0,0.0,0.0,0.0,0.0,0.0,0.0,0.0,0.0,-0.0013819364830851555,0.0,-5.096942186355591e-05,0.0,0.0003263559192419052,0.0,0.0,0.0,0.0,0.0,0.0,0.0,0.0,-0.00015214458107948303,0.0,0.0,9.342003613710403e-05,0.00045737437903881073,0.0,0.0,0.0,0.0,0.0,-0.00037979334592819214,0.0,0.0,0.0,-2.5343848392367363e-05,-0.0003069741651415825,0.0,0.0,0.0,0.0,-0.00010092323645949364,0.0,0.0,0.0,0.0,-7.456913590431213e-05,0.0,0.0
0.0,0.0011487780138850212,-0.00015541724860668182,0.0,0.0,8.749240078032017e-05,0.00011433451436460018,-0.00014630239456892014,-0.00021514669060707092,0.0,0.0,0.00016791187226772308,0.0,0.0,5.7639554142951965e-05,0.0,0.0,0.0,0.0,0.0,0.0,0.0,0.0,0.0,-0.0017844168469309807,0.0,-9.34302806854248e-06,0.0,0.0002814829349517822,0.0,0.0,0.0,0.0,0.0,0.0,0.0,0.0,-0.00014703534543514252,0.0,0.0,0.00012430734932422638,0.0005151629447937012,0.0,0.0,0.0,0.0,0.0,-0.0006694719195365906,0.0,0.0,0.0,-5.8145029470324516e-05,-0.0003055180422961712,0.0,0.0,0.0,0.0,-4.58485446870327e-05,0.0,0.0,0.0,0.0,-0.00013181008398532867,0.0,0.0
0.0,0.001127956435084343,-0.0005000773817300797,0.0,0.0,0.0001002259086817503,0.00018435041420161724,-0.0001656869426369667,-0.00024562887847423553,0.0,0.0,0.00022066570818424225,0.0,0.0,0.00013332907110452652,0.0,0.0,0.0,0.0,0.0,0.0,0.0,0.0,0.0,-0.0023316098377108574,0.0,5.717948079109192e-05,0.0,0.0002972166985273361,0.0,0.0,0.0,0.0,0.0,0.0,0.0,0.0,-7.284805178642273e-05,0.0,0.0,0.0001281285658478737,0.000583454966545105,0.0,0.0,0.0,0.0,0.0,-0.0027649179100990295,0.0,0.0,0.0,-6.983312778174877e-05,-0.0002390560694038868,0.0,0.0,0.0,0.0,6.258534267544746e-05,0.0,0.0,0.0,0.0,-0.00010831840336322784,0.0,0.0
0.0,0.0011727698147296906,-0.0010880958288908005,0.0,0.0,3.8253841921687126e-05,0.00021630455739796162,-0.0002655657008290291,-0.00020297802984714508,0.0,0.0,0.00027013011276721954,0.0,0.0,0.00025479216128587723,0.0,0.0,0.0,0.0,0.0,0.0,0.0,0.0,0.0,-0.002988104708492756,0.0,9.856373071670532e-05,0.0,0.0004754336550831795,0.0,0.0,0.0,0.0,0.0,0.0,0.0,0.0,6.52708113193512e-05,0.0,0.0,0.00013487786054611206,0.0006732475012540817,0.0,0.0,0.0,0.0,0.0,-0.0009977445006370544,0.0,0.0,0.0,-5.908915773034096e-05,-8.156150579452515e-05,0.0,0.0,0.0,0.0,0.00018420210108160973,0.0,0.0,0.0,0.0,5.860626697540283e-05,0.0,0.0
0.0,0.0012883199378848076,-0.002161666750907898,0.0,0.0,-0.00017135962843894958,0.0002039060927927494,-0.00042595062404870987,1.1937692761421204e-05,0.0,0.0,0.0002988819032907486,0.0,0.0,0.00040141306817531586,0.0,0.0,0.0,0.0,0.0,0.0,0.0,0.0,0.0,-0.0035842889919877052,0.0,2.3812055587768555e-05,0.0,0.0008027190342545509,0.0,0.0,0.0,0.0,0.0,0.0,0.0,0.0,0.00016925297677516937,0.0,0.0,0.0002578161656856537,0.0008360613137483597,0.0,0.0,0.0,0.0,0.0,-0.004041664302349091,0.0,0.0,0.0,-7.790629751980305e-05,0.00012685079127550125,0.0,0.0,0.0,0.0,0.00020799366757273674,0.0,0.0,0.0,0.0,0.0002457350492477417,0.0,0.0
0.0,0.0013782773166894913,-0.003955995664000511,0.0,0.0,-0.0005337335169315338,0.0002122865989804268,-0.0005021989345550537,0.0006254669278860092,0.0,0.0,0.00029395706951618195,0.0,0.0,0.0005506798624992371,0.0,0.0,0.0,0.0,0.0,0.0,0.0,0.0,0.0,-0.003680865280330181,0.0,-0.000199928879737854,0.0,0.000948428176343441,0.0,0.0,0.0,0.0,0.0,0.0,0.0,0.0,6.311200559139252e-05,0.0,0.0,0.000638000201433897,0.001162465661764145,0.0,0.0,0.0,0.0,0.0,0.0016798749566078186,0.0,0.0,0.0,-0.00023682788014411926,0.0003030085936188698,0.0,0.0,0.0,0.0,5.489680916070938e-06,0.0,0.0,0.0,0.0,2.6103109121322632e-05,0.0,0.0
0.0,0.001246788538992405,-0.006161404773592949,0.0,0.0,-0.0009602722711861134,0.00024293409660458565,-0.00038020219653844833,0.0021418649703264236,0.0,0.0,0.00025648437440395355,0.0,0.0,0.000859944149851799,0.0,0.0,0.0,0.0,0.0,0.0,0.0,0.0,0.0,-0.002402030862867832,0.0,-0.00030710548162460327,0.0,0.00040652696043252945,0.0,0.0,0.0,0.0,0.0,0.0,0.0,0.0,-0.0002677515149116516,0.0,0.0,0.0011229445226490498,0.0015785172581672668,0.0,0.0,0.0,0.0,0.0,-0.003285028040409088,0.0,0.0,0.0,-0.0005094117950648069,0.0005761254578828812,0.0,0.0,0.0,0.0,-0.0003065844066441059,0.0,0.0,0.0,0.0,-0.0006457455456256866,0.0,0.0
0.0,0.0008818348869681358,-0.007005160674452782,0.0,0.0,-0.001591595821082592,-0.00038218474946916103,-0.0005714977160096169,0.0052308011800050735,0.0,0.0,0.00013465620577335358,0.0,0.0,0.0018395166844129562,0.0,0.0,0.0,0.0,0.0,0.0,0.0,0.0,0.0,0.001629621721804142,0.0,0.00023597292602062225,0.0,-0.0004834001883864403,0.0,0.0,0.0,0.0,0.0,0.0,0.0,0.0,-0.0002858750522136688,0.0,0.0,0.0010536802001297474,0.0012307744473218918,0.0,0.0,0.0,0.0,0.0,0.007401652634143829,0.0,0.0,0.0,-0.00024309614673256874,0.0012934152036905289,0.0,0.0,0.0,0.0,-3.460468724370003e-05,0.0,0.0,0.0,0.0,2.697855234146118e-05,0.0,0.0
0.0,0.0005393843166530132,-0.004589984193444252,0.0,0.0,-0.0011144725140184164,-0.0012921232264488935,-0.00044747721403837204,0.008509773761034012,0.0,0.0,5.640275776386261e-05,0.0,0.0,0.002376614138484001,0.0,0.0,0.0,0.0,0.0,0.0,0.0,0.0,0.0,0.009257516823709011,0.0,-0.00011564046144485474,0.0,-0.0010945377871394157,0.0,0.0,0.0,0.0,0.0,0.0,0.0,0.0,-0.00026926398277282715,0.0,0.0,0.0013578105717897415,-4.949048161506653e-06,0.0,0.0,0.0,0.0,0.0,0.013364829123020172,0.0,0.0,0.0,0.00031872745603322983,0.001577676273882389,0.0,0.0,0.0,0.0,-6.483681499958038e-05,0.0,0.0,0.0,0.0,0.001552768051624298,0.0,0.0
