LLD_0,LLD_1,LLD_2,LLD_3,LLD_4,LLD_5,LLD_6,LLD_7,LLD_8,LLD_9,LLD_10,LLD_11,LLD_12,LLD_13,LLD_14,LLD_15,LLD_16,LLD_17,LLD_18,LLD_19,LLD_20,LLD_21,LLD_22,LLD_23,LLD_24,LLD_25,LLD_26,LLD_27,LLD_28,LLD_29,LLD_30,LLD_31,LLD_32,LLD_33,LLD_34,LLD_35,LLD_36,LLD_37,LLD_38,LLD_39,LLD_40,LLD_41,LLD_42,LLD_43,LLD_44,LLD_45,LLD_46,LLD_47,LLD_48,LLD_49,LLD_50,LLD_51,LLD_52,LLD_53,LLD_54,LLD_55,LLD_56,LLD_57,LLD_58,LLD_59,LLD_60,LLD_61,LLD_62,LLD_63,LLD_64
0.0,0.0008971039205789566,0.22260402143001556,0.1726908,0.02811245,0.10939785838127136,0.13266564905643463,0.1977909952402115,0.008843578398227692,0.04167441,0.05398685,0.1004808247089386,0.3538228,0.1866167,0.0384247861802578,1.507859,5.438739,0.1191667,0.41,0.03,0.1187756,0.3172691,0.07228915,0.01606426,0.013429882004857063,0.4516129,0.5302558541297913,0.0003660997,-1.5776115655899048,0.1413476,0.127577,-0.00564412,-0.04042706,1.065456,0.1767068,0.5983936,0.9500861,0.9884234666824341,1.018985,0.02855331,0.13224881887435913,0.2396225929260254,0.8308138,1.745355,0.914541,0.1491432,3.159945,17.46108627319336,0.104,0.41,0.03,0.1423741728067398,0.13966071605682373,0.04016064,0.01606426,0.01204819,0.4717742,0.5467368364334106,0.009492651,-1.153745,0.06903078,0.07140004,-0.011282321065664291,-0.03775284,0.01426306
0.0,0.001102249138057232,0.0025221221148967743,0.0,0.0,-6.778072565793991e-05,-0.00012863241136074066,-0.00019383244216442108,0.0016881953924894333,0.0,0.0,5.5693089962005615e-05,0.0,0.0,-0.0024591898545622826,0.0,0.0,0.0,0.0,0.0,0.0,0.0,0.0,0.0,0.0009092129766941071,0.0,-5.5791810154914856e-05,0.0,0.0035134940408170223,0.0,0.0,0.0,0.0,0.0,0.0,0.0,0.0,0.0003815013915300369,0.0,0.0,0.0014650793746113777,0.0033855047076940536,0.0,0.0,0.0,0.0,0.0,0.1814241111278534,0.0,0.0,0.0,-0.0009532920084893703,-0.002403006423264742,0.0,0.0,0.0,0.0,-4.083709791302681e-05,0.0,0.0,0.0,0.0,-1.7452985048294067e-05,0.0,0.0
0.0,0.0011392789892852306,0.0015566777437925339,0.0,0.0,-6.249942816793919e-05,0.00014314311556518078,-0.0004249671474099159,0.0013139303773641586,0.0,0.0,0.0001446884125471115,0.0,0.0,-0.0017497306689620018,0.0,0.0,0.0,0.0,0.0,0.0,0.0,0.0,0.0,0.0008251378312706947,0.0,-2.549402415752411e-05,0.0,0.0005755196325480938,0.0,0.0,0.0,0.0,0.0,0.0,0.0,0.0,-8.297339081764221e-05,0.0,0.0,-0.0005132635124027729,-0.00028256699442863464,0.0,0.0,0.0,0.0,0.0,0.10407308489084244,0.0,0.0,0.0,0.00035206577740609646,-0.00012289220467209816,0.0,0.0,0.0,0.0,5.5818818509578705e-06,0.0,0.0,0.0,0.0,-0.0005005169659852982,0.0,0.0
0.0,0.001214579213410616,0.0006999894976615906,0.0,0.0,3.851111978292465e-05,7.754960097372532e-05,-0.0003294544294476509,0.0009033363312482834,0.0,0.0,0.0002537798136472702,0.0,0.0,-0.0010183677077293396,0.0,0.0,0.0,0.0,0.0,0.0,0.0,0.0,0.0,0.0005410248413681984,0.0,4.2475759983062744e-05,0.0,-3.0177179723978043e-05,0.0,0.0,0.0,0.0,0.0,0.0,0.0,0.0,-0.00015061162412166595,0.0,0.0,0.00011108862236142159,0.00010020285844802856,0.0,0.0,0.0,0.0,0.0,0.08612824231386185,0.0,0.0,0.0,5.091703496873379e-05,-0.0002951263450086117,0.0,0.0,0.0,0.0,0.0001338333822786808,0.0,0.0,0.0,0.0,-0.0004404820501804352,0.0,0.0
0.0,0.0012487559579312801,0.0006154365837574005,0.0,0.0,7.253373041749e-05,-5.790404975414276e-05,-0.0002159448340535164,0.00034086965024471283,0.0,0.0,0.00021540559828281403,0.0,0.0,-0.00043787993490695953,0.0,0.0,0.0,0.0,0.0,0.0,0.0,0.0,0.0,0.00014675501734018326,0.0,2.2156164050102234e-05,0.0,-0.00011253915727138519,0.0,0.0,0.0,0.0,0.0,0.0,0.0,0.0,-0.00019210577011108398,0.0,0.0,0.00010856287553906441,0.0004692152142524719,0.0,0.0,0.0,0.0,0.0,0.06254161149263382,0.0,0.0,0.0,-3.809947520494461e-05,-0.0003720037639141083,0.0,0.0,0.0,0.0,-9.478302672505379e-05,0.0,0.0,0.0,0.0,-0.0003370903432369232,0.0,0.0
0.0,0.0012449710629880428,0.0006415955722332001,0.0,0.0,4.350068047642708e-05,-7.098750211298466e-05,-0.00017378944903612137,9.104795753955841e-05,0.0,0.0,0.00011111609637737274,0.0,0.0,-0.0001361733302474022,0.0,0.0,0.0,0.0,0.0,0.0,0.0,0.0,0.0,-0.0001798206940293312,0.0,3.991462290287018e-05,0.0,6.753485649824142e-05,0.0,0.0,0.0,0.0,0.0,0.0,0.0,0.0,-0.00014345534145832062,0.0,0.0,9.502097964286804e-05,0.0003976244479417801,0.0,0.0,0.0,0.0,0.0,0.04454997926950455,0.0,0.0,0.0,-2.154638059437275e-05,-0.0003659036010503769,0.0,0.0,0.0,0.0,-6.6311564296484e-05,0.0,0.0,0.0,0.0,-0.0001024976372718811,0.0,0.0
0.0,0.0012300708331167698,0.0006157029420137405,0.0,0.0,6.389780901372433e-05,-4.852889105677605e-05,-0.00017200037837028503,3.2784417271614075e-05,0.0,0.0,7.793121039867401e-05,0.0,0.0,-2.9210932552814484e-05,0.0,0.0,0.0,0.0,0.0,0.0,0.0,0.0,0.0,-0.0003915540874004364,0.0,4.128366708755493e-05,0.0,0.00020947027951478958,0.0,0.0,0.0,0.0,0.0,0.0,0.0,0.0,-0.00011245161294937134,0.0,0.0,-0.00011625513434410095,0.00020919553935527802,0.0,0.0,0.0,0.0,0.0,0.03286335617303848,0.0,0.0,0.0,-5.2593182772397995e-05,-0.0004071197472512722,0.0,0.0,0.0,0.0,-1.6079749912023544e-05,0.0,0.0,0.0,0.0,-7.296353578567505e-05,0.0,0.0
0.0,0.0012197052128612995,0.000584334135055542,0.0,0.0,9.29336529225111e-05,-4.1135819628834724e-05,-0.00018290430307388306,2.1753832697868347e-05,0.0,0.0,8.248724043369293e-05,0.0,0.0,-7.078982889652252e-06,0.0,0.0,0.0,0.0,0.0,0.0,0.0,0.0,0.0,-0.0005110995844006538,0.0,2.773478627204895e-05,0.0,0.0003022225573658943,0.0,0.0,0.0,0.0,0.0,0.0,0.0,0.0,-0.00010210834443569183,0.0,0.0,-0.00016773073002696037,0.00023750774562358856,0.0,0.0,0.0,0.0,0.0,0.025857843458652496,0.0,0.0,0.0,-4.9061840400099754e-05,-0.0003833882510662079,0.0,0.0,0.0,0.0,9.824056178331375e-06,0.0,0.0,0.0,0.0,-6.23650848865509e-05,0.0,0.0
0.0,0.0012170551344752312,0.000568414106965065,0.0,0.0,0.00011410843580961227,-4.451116546988487e-05,-0.0001912228763103485,1.4808028936386108e-05,0.0,0.0,9.355135262012482e-05,0.0,0.0,-6.427988409996033e-06,0.0,0.0,0.0,0.0,0.0,0.0,0.0,0.0,0.0,-0.0005734926089644432,0.0,1.4275312423706055e-05,0.0,0.0003796527162194252,0.0,0.0,0.0,0.0,0.0,0.0,0.0,0.0,-9.85264778137207e-05,0.0,0.0,-0.00012633204460144043,0.00032307393848896027,0.0,0.0,0.0,0.0,0.0,0.021818436682224274,0.0,0.0,0.0,-2.9346905648708344e-05,-0.00034055858850479126,0.0,0.0,0.0,0.0,2.2109132260084152e-05,0.0,0.0,0.0,0.0,-5.717761814594269e-05,0.0,0.0
0.0,0.0012196660973131657,0.0005607176572084427,0.0,0.0,0.00012649898417294025,-4.880758933722973e-05,-0.0001935018226504326,8.130446076393127e-06,0.0,0.0,0.00010151788592338562,0.0,0.0,-4.737637937068939e-06,0.0,0.0,0.0,0.0,0.0,0.0,0.0,0.0,0.0,-0.0006051501259207726,0.0,6.513670086860657e-06,0.0,0.00043602846562862396,0.0,0.0,0.0,0.0,0.0,0.0,0.0,0.0,-9.610690176486969e-05,0.0,0.0,-8.522719144821167e-05,0.0003712642937898636,0.0,0.0,0.0,0.0,0.0,0.019659079611301422,0.0,0.0,0.0,-1.2405449524521828e-05,-0.00031438469886779785,0.0,0.0,0.0,0.0,2.7052592486143112e-05,0.0,0.0,0.0,0.0,-5.28581440448761e-05,0.0,0.0
0.0,0.0012242896482348442,0.0005544517189264297,0.0,0.0,0.00013260077685117722,-5.042878910899162e-05,-0.0001917453482747078,2.3581087589263916e-06,0.0,0.0,0.00010570138692855835,0.0,0.0,9.136274456977844e-07,0.0,0.0,0.0,0.0,0.0,0.0,0.0,0.0,0.0,-0.0006216904148459435,0.0,4.205852746963501e-06,0.0,0.0004606572911143303,0.0,0.0,0.0,0.0,0.0,0.0,0.0,0.0,-9.402260184288025e-05,0.0,0.0,-6.386172026395798e-05,0.0003828424960374832,0.0,0.0,0.0,0.0,0.0,0.018625713884830475,0.0,0.0,0.0,-1.9455328583717346e-06,-0.00030191242694854736,0.0,0.0,0.0,0.0,2.9263552278280258e-05,0.0,0.0,0.0,0.0,-4.9758702516555786e-05,0.0,0.0
0.0,0.0012287367135286331,0.0005481839179992676,0.0,0.0,0.00013520056381821632,-4.9473950639367104e-05,-0.00018856395035982132,-2.739951014518738e-06,0.0,0.0,0.00010742060840129852,0.0,0.0,7.986091077327728e-06,0.0,0.0,0.0,0.0,0.0,0.0,0.0,0.0,0.0,-0.0006311452016234398,0.0,5.140900611877441e-06,0.0,0.0004554232582449913,0.0,0.0,0.0,0.0,0.0,0.0,0.0,0.0,-9.26535576581955e-05,0.0,0.0,-5.5159442126750946e-05,0.00037893839180469513,0.0,0.0,0.0,0.0,0.0,0.018172509968280792,0.0,0.0,0.0,3.7495046854019165e-06,-0.00029570143669843674,0.0,0.0,0.0,0.0,3.109825775027275e-05,0.0,0.0,0.0,0.0,-4.7344714403152466e-05,0.0,0.0
0.0,0.0012320410460233688,0.0005424097180366516,0.0,0.0,0.00013618706725537777,-4.701944999396801e-05,-0.0001855054870247841,-7.187947630882263e-06,0.0,0.0,0.0001078583300113678,0.0,0.0,1.4128163456916809e-05,0.0,0.0,0.0,0.0,0.0,0.0,0.0,0.0,0.0,-0.0006372528150677681,0.0,7.2196125984191895e-06,0.0,0.00043064821511507034,0.0,0.0,0.0,0.0,0.0,0.0,0.0,0.0,-9.208731353282928e-05,0.0,0.0,-5.169771611690521e-05,0.00037165358662605286,0.0,0.0,0.0,0.0,0.0,0.017938949167728424,0.0,0.0,0.0,6.75395131111145e-06,-0.000292439479380846,0.0,0.0,0.0,0.0,3.315554931759834e-05,0.0,0.0,0.0,0.0,-4.558265209197998e-05,0.0,0.0
0.0,0.0012340573593974113,0.000537605956196785,0.0,0.0,0.00013655703514814377,-4.402804188430309e-05,-0.0001831529662013054,-1.0771676898002625e-05,0.0,0.0,0.00010772980749607086,0.0,0.0,1.8409453332424164e-05,0.0,0.0,0.0,0.0,0.0,0.0,0.0,0.0,0.0,-0.0006416188552975655,0.0,9.156763553619385e-06,0.0,0.00039767567068338394,0.0,0.0,0.0,0.0,0.0,0.0,0.0,0.0,-9.197555482387543e-05,0.0,0.0,-5.031563341617584e-05,0.00036492012441158295,0.0,0.0,0.0,0.0,0.0,0.01772744208574295,0.0,0.0,0.0,8.337432518601418e-06,-0.00029079336673021317,0.0,0.0,0.0,0.0,3.5292934626340866e-05,0.0,0.0,0.0,0.0,-4.4368207454681396e-05,0.0,0.0
0.0,0.0012350166216492653,0.0005339104682207108,0.0,0.0,0.0001367521472275257,-4.1151419281959534e-05,-0.00018153619021177292,-1.341104507446289e-05,0.0,0.0,0.00010737590491771698,0.0,0.0,2.0884908735752106e-05,0.0,0.0,0.0,0.0,0.0,0.0,0.0,0.0,0.0,-0.0006449231877923012,0.0,1.0427087545394897e-05,0.0,0.00036492105573415756,0.0,0.0,0.0,0.0,0.0,0.0,0.0,0.0,-9.18414443731308e-05,0.0,0.0,-4.995148628950119e-05,0.0003595929592847824,0.0,0.0,0.0,0.0,0.0,0.01745782047510147,0.0,0.0,0.0,9.1486144810915e-06,-0.00029001059010624886,0.0,0.0,0.0,0.0,3.725709393620491e-05,0.0,0.0,0.0,0.0,-4.3604522943496704e-05,0.0,0.0
0.0,0.0012352685444056988,0.0005312580615282059,0.0,0.0,0.00013689231127500534,-3.867829218506813e-05,-0.00018049683421850204,-1.5204772353172302e-05,0.0,0.0,0.00010695494711399078,0.0,0.0,2.2037886083126068e-05,0.0,0.0,0.0,0.0,0.0,0.0,0.0,0.0,0.0,-0.0006474601104855537,0.0,1.0980293154716492e-05,0.0,0.0003370186313986778,0.0,0.0,0.0,0.0,0.0,0.0,0.0,0.0,-9.137392044067383e-05,0.0,0.0,-5.0080474466085434e-05,0.00035575032234191895,0.0,0.0,0.0,0.0,0.0,0.017122723162174225,0.0,0.0,0.0,9.539537131786346e-06,-0.00028963107615709305,0.0,0.0,0.0,0.0,3.8883183151483536e-05,0.0,0.0,0.0,0.0,-4.31649386882782e-05,0.0,0.0
0.0,0.0012351158075034618,0.0005294550210237503,0.0,0.0,0.000137031776830554,-3.67059838026762e-05,-0.00017985980957746506,-1.635029911994934e-05,0.0,0.0,0.00010654516518115997,0.0,0.0,2.2376887500286102e-05,0.0,0.0,0.0,0.0,0.0,0.0,0.0,0.0,0.0,-0.0006493935361504555,0.0,1.097843050956726e-05,0.0,0.0003155963495373726,0.0,0.0,0.0,0.0,0.0,0.0,0.0,0.0,-9.050033986568451e-05,0.0,0.0,-5.038455128669739e-05,0.0003531891852617264,0.0,0.0,0.0,0.0,0.0,0.016744889318943024,0.0,0.0,0.0,9.715324267745018e-06,-0.0002894247882068157,0.0,0.0,0.0,0.0,4.012370482087135e-05,0.0,0.0,0.0,0.0,-4.2924657464027405e-05,0.0,0.0
0.0,0.0012347828596830368,0.0005283001810312271,0.0,0.0,0.00013715890236198902,-3.5211676731705666e-05,-0.0001794779673218727,-1.7041340470314026e-05,0.0,0.0,0.0001061800867319107,0.0,0.0,2.229493111371994e-05,0.0,0.0,0.0,0.0,0.0,0.0,0.0,0.0,0.0,-0.0006508445367217064,0.0,1.0643154382705688e-05,0.0,0.00030040647834539413,0.0,0.0,0.0,0.0,0.0,0.0,0.0,0.0,-8.935108780860901e-05,0.0,0.0,-5.0677917897701263e-05,0.0003515854477882385,0.0,0.0,0.0,0.0,0.0,0.016355104744434357,0.0,0.0,0.0,9.788433089852333e-06,-0.00028929952532052994,0.0,0.0,0.0,0.0,4.1004735976457596e-05,0.0,0.0,0.0,0.0,-4.281289875507355e-05,0.0,0.0
0.0,0.001234397292137146,0.0005275923758745193,0.0,0.0,0.00013727229088544846,-3.4126220270991325e-05,-0.00017924699932336807,-1.7428770661354065e-05,0.0,0.0,0.00010587088763713837,0.0,0.0,2.2036023437976837e-05,0.0,0.0,0.0,0.0,0.0,0.0,0.0,0.0,0.0,-0.0006519081071019173,0.0,1.0151416063308716e-05,0.0,0.00029034633189439774,0.0,0.0,0.0,0.0,0.0,0.0,0.0,0.0,-8.806772530078888e-05,0.0,0.0,-5.0906091928482056e-05,0.0003506205976009369,0.0,0.0,0.0,0.0,0.0,0.015976376831531525,0.0,0.0,0.0,9.82009805738926e-06,-0.00028920499607920647,0.0,0.0,0.0,0.0,4.1594263166189194e-05,0.0,0.0,0.0,0.0,-4.276260733604431e-05,0.0,0.0
0.0,0.0012340424582362175,0.000527186319231987,0.0,0.0,0.0001373528502881527,-3.33606731146574e-05,-0.00017911475151777267,-1.763366162776947e-05,0.0,0.0,0.0001056138426065445,0.0,0.0,2.1754764020442963e-05,0.0,0.0,0.0,0.0,0.0,0.0,0.0,0.0,0.0,-0.0006526699289679527,0.0,9.626150131225586e-06,0.0,0.0002840813249349594,0.0,0.0,0.0,0.0,0.0,0.0,0.0,0.0,-8.683837950229645e-05,0.0,0.0,-5.106022581458092e-05,0.00035005994141101837,0.0,0.0,0.0,0.0,0.0,0.01562250405550003,0.0,0.0,0.0,9.831041097640991e-06,-0.00028913700953125954,0.0,0.0,0.0,0.0,4.197051748633385e-05,0.0,0.0,0.0,0.0,-4.2747706174850464e-05,0.0,0.0
0.0,0.0012337439693510532,0.0005269702523946762,0.0,0.0,0.0001374224666506052,-3.2826559618115425e-05,-0.00017903093248605728,-1.773051917552948e-05,0.0,0.0,0.00010541640222072601,0.0,0.0,2.149958163499832e-05,0.0,0.0,0.0,0.0,0.0,0.0,0.0,0.0,0.0,-0.0006532128900289536,0.0,9.149312973022461e-06,0.0,0.0002804109826683998,0.0,0.0,0.0,0.0,0.0,0.0,0.0,0.0,-8.575990796089172e-05,0.0,0.0,-5.11612743139267e-05,0.00034973397850990295,0.0,0.0,0.0,0.0,0.0,0.015299178659915924,0.0,0.0,0.0,9.835697710514069e-06,-0.0002890918403863907,0.0,0.0,0.0,0.0,4.2201485484838486e-05,0.0,0.0,0.0,0.0,-4.275515675544739e-05,0.0,0.0
0.0,0.001233512070029974,0.0005268603563308716,0.0,0.0,0.00013747159391641617,-3.2474054023623466e-05,-0.0001789843663573265,-1.776963472366333e-05,0.0,0.0,0.00010526180267333984,0.0,0.0,2.1303072571754456e-05,0.0,0.0,0.0,0.0,0.0,0.0,0.0,0.0,0.0,-0.000653587281703949,0.0,8.745118975639343e-06,0.0,0.00027839094400405884,0.0,0.0,0.0,0.0,0.0,0.0,0.0,0.0,-8.491799235343933e-05,0.0,0.0,-5.122646689414978e-05,0.0003495495766401291,0.0,0.0,0.0,0.0,0.0,0.015006639063358307,0.0,0.0,0.0,9.844079613685608e-06,-0.00028905831277370453,0.0,0.0,0.0,0.0,4.234118387103081e-05,0.0,0.0,0.0,0.0,-4.276260733604431e-05,0.0,0.0
0.0,0.0012333439663052559,0.0005268137902021408,0.0,0.0,0.00013749999925494194,-3.223912790417671e-05,-0.00017895083874464035,-1.7780810594558716e-05,0.0,0.0,0.00010514818131923676,0.0,0.0,2.115406095981598e-05,0.0,0.0,0.0,0.0,0.0,0.0,0.0,0.0,0.0,-0.0006538471207022667,0.0,8.422881364822388e-06,0.0,0.00027736183255910873,0.0,0.0,0.0,0.0,0.0,0.0,0.0,0.0,-8.427537977695465e-05,0.0,0.0,-5.1256269216537476e-05,0.0003494415432214737,0.0,0.0,0.0,0.0,0.0,0.01474229246377945,0.0,0.0,0.0,9.846407920122147e-06,-0.0002890313044190407,0.0,0.0,0.0,0.0,4.241662099957466e-05,0.0,0.0,0.0,0.0,-4.275888204574585e-05,0.0,0.0
0.0,0.001233221497386694,0.0005267933011054993,0.0,0.0,0.00013752165250480175,-3.2076146453619e-05,-0.0001789350062608719,-1.7778947949409485e-05,0.0,0.0,0.00010505877435207367,0.0,0.0,2.1059997379779816e-05,0.0,0.0,0.0,0.0,0.0,0.0,0.0,0.0,0.0,-0.0006540212780237198,0.0,8.17328691482544e-06,0.0,0.0002768728882074356,0.0,0.0,0.0,0.0,0.0,0.0,0.0,0.0,-8.382834494113922e-05,0.0,0.0,-5.127210170030594e-05,0.00034937821328639984,0.0,0.0,0.0,0.0,0.0,0.01450318843126297,0.0,0.0,0.0,9.851763024926186e-06,-0.00028901640325784683,0.0,0.0,0.0,0.0,4.246039316058159e-05,0.0,0.0,0.0,0.0,-4.275888204574585e-05,0.0,0.0
0.0,0.0012331390753388405,0.00052679143846035,0.0,0.0,0.0001375279389321804,-3.197859041392803e-05,-0.00017892103642225266,-1.777149736881256e-05,0.0,0.0,0.00010500289499759674,0.0,0.0,2.0993873476982117e-05,0.0,0.0,0.0,0.0,0.0,0.0,0.0,0.0,0.0,-0.0006541358307003975,0.0,7.990747690200806e-06,0.0,0.00027666985988616943,0.0,0.0,0.0,0.0,0.0,0.0,0.0,0.0,-8.353032171726227e-05,0.0,0.0,-5.1280949264764786e-05,0.0003493409603834152,0.0,0.0,0.0,0.0,0.0,0.014285720884799957,0.0,0.0,0.0,9.856652468442917e-06,-0.00028900615870952606,0.0,0.0,0.0,0.0,4.248088225722313e-05,0.0,0.0,0.0,0.0,-4.2766332626342773e-05,0.0,0.0
0.0,0.001233082264661789,0.000526798889040947,0.0,0.0,0.0001375335268676281,-3.191595897078514e-05,-0.00017891265451908112,-1.7760321497917175e-05,0.0,0.0,0.0001049581915140152,0.0,0.0,2.095010131597519e-05,0.0,0.0,0.0,0.0,0.0,0.0,0.0,0.0,0.0,-0.000654212199151516,0.0,7.856637239456177e-06,0.0,0.0002765944227576256,0.0,0.0,0.0,0.0,0.0,0.0,0.0,0.0,-8.333660662174225e-05,0.0,0.0,-5.128281190991402e-05,0.0003493223339319229,0.0,0.0,0.0,0.0,0.0,0.014087088406085968,0.0,0.0,0.0,9.858515113592148e-06,-0.0002889968454837799,0.0,0.0,0.0,0.0,4.248740151524544e-05,0.0,0.0,0.0,0.0,-4.276446998119354e-05,0.0,0.0
0.0,0.0012330440804362297,0.0005268026143312454,0.0,0.0,0.00013754330575466156,-3.1875912100076675e-05,-0.00017890799790620804,-1.7754733562469482e-05,0.0,0.0,0.0001049283891916275,0.0,0.0,2.0927749574184418e-05,0.0,0.0,0.0,0.0,0.0,0.0,0.0,0.0,0.0,-0.0006542624905705452,0.0,7.763504981994629e-06,0.0,0.00027657393366098404,0.0,0.0,0.0,0.0,0.0,0.0,0.0,0.0,-8.323602378368378e-05,0.0,0.0,-5.127955228090286e-05,0.00034930743277072906,0.0,0.0,0.0,0.0,0.0,0.013904370367527008,0.0,0.0,0.0,9.86224040389061e-06,-0.0002889949828386307,0.0,0.0,0.0,0.0,4.2493920773267746e-05,0.0,0.0,0.0,0.0,-4.276446998119354e-05,0.0,0.0
0.0,0.0012330194003880024,0.0005268063396215439,0.0,0.0,0.00013754190877079964,-3.186007961630821e-05,-0.0001789052039384842,-1.774914562702179e-05,0.0,0.0,0.00010490976274013519,0.0,0.0,2.0908191800117493e-05,0.0,0.0,0.0,0.0,0.0,0.0,0.0,0.0,0.0,-0.0006542941555380821,0.0,7.694587111473083e-06,0.0,0.00027657579630613327,0.0,0.0,0.0,0.0,0.0,0.0,0.0,0.0,-8.317269384860992e-05,0.0,0.0,-5.1276758313179016e-05,0.0003492981195449829,0.0,0.0,0.0,0.0,0.0,0.013735629618167877,0.0,0.0,0.0,9.862706065177917e-06,-0.00028899405151605606,0.0,0.0,0.0,0.0,4.249485209584236e-05,0.0,0.0,0.0,0.0,-4.275888204574585e-05,0.0,0.0
0.0,0.0012330040335655212,0.0005268100649118423,0.0,0.0,0.0001375430729240179,-3.1836098060011864e-05,-0.00017890054732561111,-1.774914562702179e-05,0.0,0.0,0.00010489672422409058,0.0,0.0,2.0897947251796722e-05,0.0,0.0,0.0,0.0,0.0,0.0,0.0,0.0,0.0,-0.0006543146446347237,0.0,7.64802098274231e-06,0.0,0.0002765823155641556,0.0,0.0,0.0,0.0,0.0,0.0,0.0,0.0,-8.313171565532684e-05,0.0,0.0,-5.128048360347748e-05,0.0003492962568998337,0.0,0.0,0.0,0.0,0.0,0.013578958809375763,0.0,0.0,0.0,9.867129847407341e-06,-0.0002889912575483322,0.0,0.0,0.0,0.0,4.2493920773267746e-05,0.0,0.0,0.0,0.0,-4.276260733604431e-05,0.0,0.0
0.0,0.001232994720339775,0.0005268137902021408,0.0,0.0,0.0001375481951981783,-3.183027729392052e-05,-0.00017890054732561111,-1.7745420336723328e-05,0.0,0.0,0.00010488368570804596,0.0,0.0,2.08904966711998e-05,0.0,0.0,0.0,0.0,0.0,0.0,0.0,0.0,0.0,-0.0006543323397636414,0.0,7.618218660354614e-06,0.0,0.0002765776589512825,0.0,0.0,0.0,0.0,0.0,0.0,0.0,0.0,-8.312240242958069e-05,0.0,0.0,-5.1273033022880554e-05,0.000349290668964386,0.0,0.0,0.0,0.0,0.0,0.013432659208774567,0.0,0.0,0.0,9.867828339338303e-06,-0.00028899358585476875,0.0,0.0,0.0,0.0,4.2493920773267746e-05,0.0,0.0,0.0,0.0,-4.2766332626342773e-05,0.0,0.0
0.0,0.0012329905293881893,0.0005268193781375885,0.0,0.0,0.00013754796236753464,-3.1825387850403786e-05,-0.00017889495939016342,-1.774728298187256e-05,0.0,0.0,0.00010487623512744904,0.0,0.0,2.08904966711998e-05,0.0,0.0,0.0,0.0,0.0,0.0,0.0,0.0,0.0,-0.0006543407216668129,0.0,7.595866918563843e-06,0.0,0.0002765776589512825,0.0,0.0,0.0,0.0,0.0,0.0,0.0,0.0,-8.310563862323761e-05,0.0,0.0,-5.127023905515671e-05,0.0003492850810289383,0.0,0.0,0.0,0.0,0.0,0.013295210897922516,0.0,0.0,0.0,9.867129847407341e-06,-0.00028898846358060837,0.0,0.0,0.0,0.0,4.24911268055439e-05,0.0,0.0,0.0,0.0,-4.276446998119354e-05,0.0,0.0
0.0,0.0012329895980656147,0.0005268175154924393,0.0,0.0,0.0001375481951981783,-3.1818170100450516e-05,-0.00017889868468046188,-1.7745420336723328e-05,0.0,0.0,0.00010487623512744904,0.0,0.0,2.0889565348625183e-05,0.0,0.0,0.0,0.0,0.0,0.0,0.0,0.0,0.0,-0.0006543463096022606,0.0,7.579103112220764e-06,0.0,0.0002765776589512825,0.0,0.0,0.0,0.0,0.0,0.0,0.0,0.0,-8.310191333293915e-05,0.0,0.0,-5.126837641000748e-05,0.00034928880631923676,0.0,0.0,0.0,0.0,0.0,0.013165213167667389,0.0,0.0,0.0,9.867595508694649e-06,-0.00028898846358060837,0.0,0.0,0.0,0.0,4.2490195482969284e-05,0.0,0.0,0.0,0.0,-4.2768195271492004e-05,0.0,0.0
0.0,0.0012329882010817528,0.0005268175154924393,0.0,0.0,0.00013754470273852348,-3.1817471608519554e-05,-0.00017889495939016342,-1.7741695046424866e-05,0.0,0.0,0.00010487064719200134,0.0,0.0,2.08904966711998e-05,0.0,0.0,0.0,0.0,0.0,0.0,0.0,0.0,0.0,-0.0006543481722474098,0.0,7.5642019510269165e-06,0.0,0.0002765730023384094,0.0,0.0,0.0,0.0,0.0,0.0,0.0,0.0,-8.310005068778992e-05,0.0,0.0,-5.126604810357094e-05,0.0003492850810289383,0.0,0.0,0.0,0.0,0.0,0.013041920959949493,0.0,0.0,0.0,9.86945815384388e-06,-0.00028898753225803375,0.0,0.0,0.0,0.0,4.248647019267082e-05,0.0,0.0,0.0,0.0,-4.276260733604431e-05,0.0,0.0
0.0,0.0012329877354204655,0.0005268212407827377,0.0,0.0,0.0001375430729240179,-3.181979991495609e-05,-0.00017889589071273804,-1.7743557691574097e-05,0.0,0.0,0.00010486878454685211,0.0,0.0,2.0888634026050568e-05,0.0,0.0,0.0,0.0,0.0,0.0,0.0,0.0,0.0,-0.000654350034892559,0.0,7.5623393058776855e-06,0.0,0.00027656927704811096,0.0,0.0,0.0,0.0,0.0,0.0,0.0,0.0,-8.309818804264069e-05,0.0,0.0,-5.126744508743286e-05,0.0003492850810289383,0.0,0.0,0.0,0.0,0.0,0.01292324811220169,0.0,0.0,0.0,9.868061169981956e-06,-0.0002889917232096195,0.0,0.0,0.0,0.0,4.248833283782005e-05,0.0,0.0,0.0,0.0,-4.2751431465148926e-05,0.0,0.0
0.0,0.001232984010130167,0.0005268212407827377,0.0,0.0,0.00013754586689174175,-3.181677311658859e-05,-0.00017889868468046188,-1.7745420336723328e-05,0.0,0.0,0.00010486505925655365,0.0,0.0,2.0888634026050568e-05,0.0,0.0,0.0,0.0,0.0,0.0,0.0,0.0,0.0,-0.0006543518975377083,0.0,7.556751370429993e-06,0.0,0.00027656741440296173,0.0,0.0,0.0,0.0,0.0,0.0,0.0,0.0,-8.310563862323761e-05,0.0,0.0,-5.126930773258209e-05,0.0003492850810289383,0.0,0.0,0.0,0.0,0.0,0.012809552252292633,0.0,0.0,0.0,9.86945815384388e-06,-0.00028899451717734337,0.0,0.0,0.0,0.0,4.248647019267082e-05,0.0,0.0,0.0,0.0,-4.275515675544739e-05,0.0,0.0
0.0,0.0012329868040978909,0.0005268212407827377,0.0,0.0,0.0001375451683998108,-3.181654028594494e-05,-0.00017889589071273804,-1.7745420336723328e-05,0.0,0.0,0.00010486319661140442,0.0,0.0,2.0887702703475952e-05,0.0,0.0,0.0,0.0,0.0,0.0,0.0,0.0,0.0,-0.0006543518975377083,0.0,7.556751370429993e-06,0.0,0.0002765664830803871,0.0,0.0,0.0,0.0,0.0,0.0,0.0,0.0,-8.310377597808838e-05,0.0,0.0,-5.126744508743286e-05,0.0003492850810289383,0.0,0.0,0.0,0.0,0.0,0.012698538601398468,0.0,0.0,0.0,9.868061169981956e-06,-0.00028899312019348145,0.0,0.0,0.0,0.0,4.248833283782005e-05,0.0,0.0,0.0,0.0,-4.275701940059662e-05,0.0,0.0
0.0,0.0012329868040978909,0.0005268193781375885,0.0,0.0,0.0001375421416014433,-3.181584179401398e-05,-0.00017889682203531265,-1.7745420336723328e-05,0.0,0.0,0.00010486133396625519,0.0,0.0,2.0888634026050568e-05,0.0,0.0,0.0,0.0,0.0,0.0,0.0,0.0,0.0,-0.0006543518975377083,0.0,7.5511634349823e-06,0.0,0.0002765664830803871,0.0,0.0,0.0,0.0,0.0,0.0,0.0,0.0,-8.310563862323761e-05,0.0,0.0,-5.1264651119709015e-05,0.00034928321838378906,0.0,0.0,0.0,0.0,0.0,0.012590654194355011,0.0,0.0,0.0,9.868759661912918e-06,-0.0002889903262257576,0.0,0.0,0.0,0.0,4.248460754752159e-05,0.0,0.0,0.0,0.0,-4.275701940059662e-05,0.0,0.0
0.0,0.0012329872697591782,0.0005268193781375885,0.0,0.0,0.0001375421416014433,-3.181956708431244e-05,-0.00017889589071273804,-1.7745420336723328e-05,0.0,0.0,0.00010486505925655365,0.0,0.0,2.0888634026050568e-05,0.0,0.0,0.0,0.0,0.0,0.0,0.0,0.0,0.0,-0.0006543537601828575,0.0,7.553026080131531e-06,0.0,0.00027656275779008865,0.0,0.0,0.0,0.0,0.0,0.0,0.0,0.0,-8.310191333293915e-05,0.0,0.0,-5.1262788474559784e-05,0.00034928135573863983,0.0,0.0,0.0,0.0,0.0,0.012484140694141388,0.0,0.0,0.0,9.86829400062561e-06,-0.0002889903262257576,0.0,0.0,0.0,0.0,4.248647019267082e-05,0.0,0.0,0.0,0.0,-4.275888204574585e-05,0.0,0.0
0.0,0.0012329877354204655,0.0005268193781375885,0.0,0.0,0.00013754284009337425,-3.181654028594494e-05,-0.00017889589071273804,-1.7745420336723328e-05,0.0,0.0,0.00010486505925655365,0.0,0.0,2.0888634026050568e-05,0.0,0.0,0.0,0.0,0.0,0.0,0.0,0.0,0.0,-0.0006543537601828575,0.0,7.5511634349823e-06,0.0,0.00027656182646751404,0.0,0.0,0.0,0.0,0.0,0.0,0.0,0.0,-8.310191333293915e-05,0.0,0.0,-5.126418545842171e-05,0.00034928321838378906,0.0,0.0,0.0,0.0,0.0,0.012379653751850128,0.0,0.0,0.0,9.868992492556572e-06,-0.0002889898605644703,0.0,0.0,0.0,0.0,4.248647019267082e-05,0.0,0.0,0.0,0.0,-4.275888204574585e-05,0.0,0.0
0.0,0.0012329863384366035,0.0005268175154924393,0.0,0.0,0.00013754540123045444,-3.181467764079571e-05,-0.00017889682203531265,-1.7745420336723328e-05,0.0,0.0,0.00010486505925655365,0.0,0.0,2.08904966711998e-05,0.0,0.0,0.0,0.0,0.0,0.0,0.0,0.0,0.0,-0.0006543546915054321,0.0,7.5511634349823e-06,0.0,0.00027656275779008865,0.0,0.0,0.0,0.0,0.0,0.0,0.0,0.0,-8.310563862323761e-05,0.0,0.0,-5.12637197971344e-05,0.0003492850810289383,0.0,0.0,0.0,0.0,0.0,0.012275613844394684,0.0,0.0,0.0,9.867595508694649e-06,-0.0002889912575483322,0.0,0.0,0.0,0.0,4.248740151524544e-05,0.0,0.0,0.0,0.0,-4.275888204574585e-05,0.0,0.0
0.0,0.0012329868040978909,0.0005268212407827377,0.0,0.0,0.00013754400424659252,-3.1816307455301285e-05,-0.00017889868468046188,-1.7745420336723328e-05,0.0,0.0,0.00010486505925655365,0.0,0.0,2.0884908735752106e-05,0.0,0.0,0.0,0.0,0.0,0.0,0.0,0.0,0.0,-0.0006543546915054321,0.0,7.553026080131531e-06,0.0,0.00027656275779008865,0.0,0.0,0.0,0.0,0.0,0.0,0.0,0.0,-8.310377597808838e-05,0.0,0.0,-5.1264651119709015e-05,0.00034928135573863983,0.0,0.0,0.0,0.0,0.0,0.012171871960163116,0.0,0.0,0.0,9.86945815384388e-06,-0.0002889912575483322,0.0,0.0,0.0,0.0,4.248833283782005e-05,0.0,0.0,0.0,0.0,-4.275888204574585e-05,0.0,0.0
0.0,0.0012329858727753162,0.0005268175154924393,0.0,0.0,0.00013754377141594887,-3.181793726980686e-05,-0.00017889775335788727,-1.7745420336723328e-05,0.0,0.0,0.00010486319661140442,0.0,0.0,2.088584005832672e-05,0.0,0.0,0.0,0.0,0.0,0.0,0.0,0.0,0.0,-0.0006543546915054321,0.0,7.549300789833069e-06,0.0,0.0002765608951449394,0.0,0.0,0.0,0.0,0.0,0.0,0.0,0.0,-8.310936391353607e-05,0.0,0.0,-5.1262788474559784e-05,0.00034928135573863983,0.0,0.0,0.0,0.0,0.0,0.012068010866641998,0.0,0.0,0.0,9.866664186120033e-06,-0.00028899312019348145,0.0,0.0,0.0,0.0,4.248647019267082e-05,0.0,0.0,0.0,0.0,-4.275888204574585e-05,0.0,0.0
0.0,0.0012329872697591782,0.0005268175154924393,0.0,0.0,0.0001375421416014433,-3.1817005947232246e-05,-0.00017889682203531265,-1.7745420336723328e-05,0.0,0.0,0.00010486505925655365,0.0,0.0,2.0887702703475952e-05,0.0,0.0,0.0,0.0,0.0,0.0,0.0,0.0,0.0,-0.0006543537601828575,0.0,7.547438144683838e-06,0.0,0.00027656275779008865,0.0,0.0,0.0,0.0,0.0,0.0,0.0,0.0,-8.310563862323761e-05,0.0,0.0,-5.1264651119709015e-05,0.00034928321838378906,0.0,0.0,0.0,0.0,0.0,0.011963851749897003,0.0,0.0,0.0,9.86829400062561e-06,-0.00028899218887090683,0.0,0.0,0.0,0.0,4.248460754752159e-05,0.0,0.0,0.0,0.0,-4.275888204574585e-05,0.0,0.0
0.0,0.0012329863384366035,0.0005268175154924393,0.0,0.0,0.0001375430729240179,-3.181607462465763e-05,-0.00017889682203531265,-1.7745420336723328e-05,0.0,0.0,0.00010486692190170288,0.0,0.0,2.0887702703475952e-05,0.0,0.0,0.0,0.0,0.0,0.0,0.0,0.0,0.0,-0.0006543537601828575,0.0,7.549300789833069e-06,0.0,0.00027656182646751404,0.0,0.0,0.0,0.0,0.0,0.0,0.0,0.0,-8.310563862323761e-05,0.0,0.0,-5.1264651119709015e-05,0.00034928135573863983,0.0,0.0,0.0,0.0,0.0,0.011858738958835602,0.0,0.0,0.0,9.867362678050995e-06,-0.00028899265453219414,0.0,0.0,0.0,0.0,4.248553887009621e-05,0.0,0.0,0.0,0.0,-4.275888204574585e-05,0.0,0.0
0.0,0.0012329877354204655,0.0005268175154924393,0.0,0.0,0.00013754237443208694,-3.18172387778759e-05,-0.00017889589071273804,-1.7745420336723328e-05,0.0,0.0,0.00010486505925655365,0.0,0.0,2.0888634026050568e-05,0.0,0.0,0.0,0.0,0.0,0.0,0.0,0.0,0.0,-0.0006543537601828575,0.0,7.547438144683838e-06,0.0,0.00027656275779008865,0.0,0.0,0.0,0.0,0.0,0.0,0.0,0.0,-8.310563862323761e-05,0.0,0.0,-5.1264651119709015e-05,0.00034928321838378906,0.0,0.0,0.0,0.0,0.0,0.011752255260944366,0.0,0.0,0.0,9.86829400062561e-06,-0.0002889903262257576,0.0,0.0,0.0,0.0,4.248647019267082e-05,0.0,0.0,0.0,0.0,-4.275515675544739e-05,0.0,0.0
0.0,0.0012329872697591782,0.0005268212407827377,0.0,0.0,0.00013754330575466156,-3.181537613272667e-05,-0.00017889495939016342,-1.7745420336723328e-05,0.0,0.0,0.00010486505925655365,0.0,0.0,2.0884908735752106e-05,0.0,0.0,0.0,0.0,0.0,0.0,0.0,0.0,0.0,-0.0006543537601828575,0.0,7.5511634349823e-06,0.0,0.0002765599638223648,0.0,0.0,0.0,0.0,0.0,0.0,0.0,0.0,-8.310750126838684e-05,0.0,0.0,-5.1264651119709015e-05,0.00034928135573863983,0.0,0.0,0.0,0.0,0.0,0.011644430458545685,0.0,0.0,0.0,9.86829400062561e-06,-0.000288989394903183,0.0,0.0,0.0,0.0,4.248553887009621e-05,0.0,0.0,0.0,0.0,-4.275515675544739e-05,0.0,0.0
0.0,0.0012329872697591782,0.0005268175154924393,0.0,0.0,0.0001375430729240179,-3.181654028594494e-05,-0.00017889682203531265,-1.7743557691574097e-05,0.0,0.0,0.00010486505925655365,0.0,0.0,2.088584005832672e-05,0.0,0.0,0.0,0.0,0.0,0.0,0.0,0.0,0.0,-0.0006543537601828575,0.0,7.5511634349823e-06,0.0,0.0002765599638223648,0.0,0.0,0.0,0.0,0.0,0.0,0.0,0.0,-8.310936391353607e-05,0.0,0.0,-5.1264651119709015e-05,0.00034928321838378906,0.0,0.0,0.0,0.0,0.0,0.011534906923770905,0.0,0.0,0.0,9.866198524832726e-06,-0.0002889889292418957,0.0,0.0,0.0,0.0,4.248647019267082e-05,0.0,0.0,0.0,0.0,-4.275701940059662e-05,0.0,0.0
0.0,0.0012329877354204655,0.0005268193781375885,0.0,0.0,0.0001375426072627306,-3.1816307455301285e-05,-0.00017889682203531265,-1.7745420336723328e-05,0.0,0.0,0.00010486505925655365,0.0,0.0,2.0886771380901337e-05,0.0,0.0,0.0,0.0,0.0,0.0,0.0,0.0,0.0,-0.0006543546915054321,0.0,7.549300789833069e-06,0.0,0.0002765608951449394,0.0,0.0,0.0,0.0,0.0,0.0,0.0,0.0,-8.310563862323761e-05,0.0,0.0,-5.12637197971344e-05,0.0003492850810289383,0.0,0.0,0.0,0.0,0.0,0.011423297226428986,0.0,0.0,0.0,9.86643135547638e-06,-0.000288989394903183,0.0,0.0,0.0,0.0,4.248647019267082e-05,0.0,0.0,0.0,0.0,-4.275515675544739e-05,0.0,0.0
0.0,0.0012329872697591782,0.0005268175154924393,0.0,0.0,0.0001375395804643631,-3.181374631822109e-05,-0.00017889682203531265,-1.7745420336723328e-05,0.0,0.0,0.00010486878454685211,0.0,0.0,2.0887702703475952e-05,0.0,0.0,0.0,0.0,0.0,0.0,0.0,0.0,0.0,-0.0006543556228280067,0.0,7.547438144683838e-06,0.0,0.00027656275779008865,0.0,0.0,0.0,0.0,0.0,0.0,0.0,0.0,-8.310377597808838e-05,0.0,0.0,-5.1262788474559784e-05,0.0003492850810289383,0.0,0.0,0.0,0.0,0.0,0.011309720575809479,0.0,0.0,0.0,9.870156645774841e-06,-0.0002889912575483322,0.0,0.0,0.0,0.0,4.2483676224946976e-05,0.0,0.0,0.0,0.0,-4.275888204574585e-05,0.0,0.0
0.0,0.001232985407114029,0.0005268175154924393,0.0,0.0,0.0001375426072627306,-3.1816307455301285e-05,-0.00017889868468046188,-1.7745420336723328e-05,0.0,0.0,0.00010486878454685211,0.0,0.0,2.0884908735752106e-05,0.0,0.0,0.0,0.0,0.0,0.0,0.0,0.0,0.0,-0.0006543537601828575,0.0,7.5511634349823e-06,0.0,0.0002765599638223648,0.0,0.0,0.0,0.0,0.0,0.0,0.0,0.0,-8.310191333293915e-05,0.0,0.0,-5.1264651119709015e-05,0.00034928135573863983,0.0,0.0,0.0,0.0,0.0,0.011193670332431793,0.0,0.0,0.0,9.869225323200226e-06,-0.0002889898605644703,0.0,0.0,0.0,0.0,4.2483676224946976e-05,0.0,0.0,0.0,0.0,-4.275515675544739e-05,0.0,0.0
0.0,0.001232985407114029,0.0005268193781375885,0.0,0.0,0.00013754167594015598,-3.1814444810152054e-05,-0.00017889682203531265,-1.7745420336723328e-05,0.0,0.0,0.00010486505925655365,0.0,0.0,2.0888634026050568e-05,0.0,0.0,0.0,0.0,0.0,0.0,0.0,0.0,0.0,-0.0006543528288602829,0.0,7.549300789833069e-06,0.0,0.0002765646204352379,0.0,0.0,0.0,0.0,0.0,0.0,0.0,0.0,-8.309818804264069e-05,0.0,0.0,-5.1264651119709015e-05,0.0003492850810289383,0.0,0.0,0.0,0.0,0.0,0.011075057089328766,0.0,0.0,0.0,9.869225323200226e-06,-0.0002889903262257576,0.0,0.0,0.0,0.0,4.248553887009621e-05,0.0,0.0,0.0,0.0,-4.275701940059662e-05,0.0,0.0
0.0,0.001232985407114029,0.0005268193781375885,0.0,0.0,0.0001375430729240179,-3.181188367307186e-05,-0.00017889868468046188,-1.7745420336723328e-05,0.0,0.0,0.00010486505925655365,0.0,0.0,2.0888634026050568e-05,0.0,0.0,0.0,0.0,0.0,0.0,0.0,0.0,0.0,-0.0006543537601828575,0.0,7.547438144683838e-06,0.0,0.0002765608951449394,0.0,0.0,0.0,0.0,0.0,0.0,0.0,0.0,-8.310936391353607e-05,0.0,0.0,-5.12637197971344e-05,0.00034928321838378906,0.0,0.0,0.0,0.0,0.0,0.010953672230243683,0.0,0.0,0.0,9.868992492556572e-06,-0.000288989394903183,0.0,0.0,0.0,0.0,4.248740151524544e-05,0.0,0.0,0.0,0.0,-4.275515675544739e-05,0.0,0.0
0.0,0.0012329849414527416,0.0005268175154924393,0.0,0.0,0.00013754144310951233,-3.18172387778759e-05,-0.0001788996160030365,-1.7745420336723328e-05,0.0,0.0,0.00010486505925655365,0.0,0.0,2.0888634026050568e-05,0.0,0.0,0.0,0.0,0.0,0.0,0.0,0.0,0.0,-0.0006543537601828575,0.0,7.549300789833069e-06,0.0,0.0002765599638223648,0.0,0.0,0.0,0.0,0.0,0.0,0.0,0.0,-8.310563862323761e-05,0.0,0.0,-5.12637197971344e-05,0.00034928321838378906,0.0,0.0,0.0,0.0,0.0,0.010829277336597443,0.0,0.0,0.0,9.86829400062561e-06,-0.0002889912575483322,0.0,0.0,0.0,0.0,4.248553887009621e-05,0.0,0.0,0.0,0.0,-4.275701940059662e-05,0.0,0.0
0.0,0.001232985407114029,0.0005268175154924393,0.0,0.0,0.00013754144310951233,-3.18172387778759e-05,-0.00017890054732561111,-1.7745420336723328e-05,0.0,0.0,0.00010486692190170288,0.0,0.0,2.0888634026050568e-05,0.0,0.0,0.0,0.0,0.0,0.0,0.0,0.0,0.0,-0.0006543546915054321,0.0,7.5511634349823e-06,0.0,0.0002765599638223648,0.0,0.0,0.0,0.0,0.0,0.0,0.0,0.0,-8.310563862323761e-05,0.0,0.0,-5.12637197971344e-05,0.0003492850810289383,0.0,0.0,0.0,0.0,0.0,0.01070220023393631,0.0,0.0,0.0,9.869690984487534e-06,-0.00028899218887090683,0.0,0.0,0.0,0.0,4.248553887009621e-05,0.0,0.0,0.0,0.0,-4.275701940059662e-05,0.0,0.0
0.0,0.0012329863384366035,0.0005268175154924393,0.0,0.0,0.00013754051178693771,-3.1817005947232246e-05,-0.00017889868468046188,-1.7745420336723328e-05,0.0,0.0,0.00010486878454685211,0.0,0.0,2.08904966711998e-05,0.0,0.0,0.0,0.0,0.0,0.0,0.0,0.0,0.0,-0.0006543556228280067,0.0,7.5511634349823e-06,0.0,0.0002765590324997902,0.0,0.0,0.0,0.0,0.0,0.0,0.0,0.0,-8.310936391353607e-05,0.0,0.0,-5.1264651119709015e-05,0.0003492850810289383,0.0,0.0,0.0,0.0,0.0,0.01057145744562149,0.0,0.0,0.0,9.868526831269264e-06,-0.0002889903262257576,0.0,0.0,0.0,0.0,4.248740151524544e-05,0.0,0.0,0.0,0.0,-4.275701940059662e-05,0.0,0.0
0.0,0.0012329863384366035,0.0005268175154924393,0.0,0.0,0.00013754400424659252,-3.1817471608519554e-05,-0.00017889868468046188,-1.7745420336723328e-05,0.0,0.0,0.00010486505925655365,0.0,0.0,2.0887702703475952e-05,0.0,0.0,0.0,0.0,0.0,0.0,0.0,0.0,0.0,-0.0006543537601828575,0.0,7.5511634349823e-06,0.0,0.00027656182646751404,0.0,0.0,0.0,0.0,0.0,0.0,0.0,0.0,-8.310377597808838e-05,0.0,0.0,-5.1264651119709015e-05,0.00034928135573863983,0.0,0.0,0.0,0.0,0.0,0.010437674820423126,0.0,0.0,0.0,9.869225323200226e-06,-0.0002889903262257576,0.0,0.0,0.0,0.0,4.248926416039467e-05,0.0,0.0,0.0,0.0,-4.275888204574585e-05,0.0,0.0
0.0,0.0012329868040978909,0.0005268193781375885,0.0,0.0,0.00013754121027886868,-3.181560896337032e-05,-0.00017889868468046188,-1.7745420336723328e-05,0.0,0.0,0.00010486692190170288,0.0,0.0,2.0888634026050568e-05,0.0,0.0,0.0,0.0,0.0,0.0,0.0,0.0,0.0,-0.0006543537601828575,0.0,7.5511634349823e-06,0.0,0.00027656275779008865,0.0,0.0,0.0,0.0,0.0,0.0,0.0,0.0,-8.310377597808838e-05,0.0,0.0,-5.126558244228363e-05,0.0003492850810289383,0.0,0.0,0.0,0.0,0.0,0.010300584137439728,0.0,0.0,0.0,9.869690984487534e-06,-0.0002889912575483322,0.0,0.0,0.0,0.0,4.248926416039467e-05,0.0,0.0,0.0,0.0,-4.2766332626342773e-05,0.0,0.0
0.0,0.0012329863384366035,0.0005268175154924393,0.0,0.0,0.00013754144310951233,-3.18142119795084e-05,-0.00017889775335788727,-1.7745420336723328e-05,0.0,0.0,0.00010486692190170288,0.0,0.0,2.0886771380901337e-05,0.0,0.0,0.0,0.0,0.0,0.0,0.0,0.0,0.0,-0.0006543537601828575,0.0,7.553026080131531e-06,0.0,0.00027656275779008865,0.0,0.0,0.0,0.0,0.0,0.0,0.0,0.0,-8.310191333293915e-05,0.0,0.0,-5.126511678099632e-05,0.00034928321838378906,0.0,0.0,0.0,0.0,0.0,0.010160274803638458,0.0,0.0,0.0,9.870622307062149e-06,-0.00028899265453219414,0.0,0.0,0.0,0.0,4.248740151524544e-05,0.0,0.0,0.0,0.0,-4.275701940059662e-05,0.0,0.0
0.0,0.0012329849414527416,0.0005268212407827377,0.0,0.0,0.00013754190877079964,-3.1813280656933784e-05,-0.00017889682203531265,-1.7745420336723328e-05,0.0,0.0,0.00010486505925655365,0.0,0.0,2.0886771380901337e-05,0.0,0.0,0.0,0.0,0.0,0.0,0.0,0.0,0.0,-0.0006543537601828575,0.0,7.547438144683838e-06,0.0,0.0002765608951449394,0.0,0.0,0.0,0.0,0.0,0.0,0.0,0.0,-8.310191333293915e-05,0.0,0.0,-5.1264651119709015e-05,0.00034928321838378906,0.0,0.0,0.0,0.0,0.0,0.010016150772571564,0.0,0.0,0.0,9.870855137705803e-06,-0.0002889917232096195,0.0,0.0,0.0,0.0,4.248647019267082e-05,0.0,0.0,0.0,0.0,-4.275701940059662e-05,0.0,0.0
0.0,0.0012329858727753162,0.0005268175154924393,0.0,0.0,0.00013754051178693771,-3.181467764079571e-05,-0.00017889495939016342,-1.7745420336723328e-05,0.0,0.0,0.00010486319661140442,0.0,0.0,2.088584005832672e-05,0.0,0.0,0.0,0.0,0.0,0.0,0.0,0.0,0.0,-0.0006543537601828575,0.0,7.5511634349823e-06,0.0,0.0002765608951449394,0.0,0.0,0.0,0.0,0.0,0.0,0.0,0.0,-8.310191333293915e-05,0.0,0.0,-5.126558244228363e-05,0.0003492850810289383,0.0,0.0,0.0,0.0,0.0,0.009868569672107697,0.0,0.0,0.0,9.870389476418495e-06,-0.00028899265453219414,0.0,0.0,0.0,0.0,4.248647019267082e-05,0.0,0.0,0.0,0.0,-4.275888204574585e-05,0.0,0.0
0.0,0.001232985407114029,0.0005268175154924393,0.0,0.0,0.00013754284009337425,-3.18172387778759e-05,-0.00017889589071273804,-1.7745420336723328e-05,0.0,0.0,0.00010486319661140442,0.0,0.0,2.0888634026050568e-05,0.0,0.0,0.0,0.0,0.0,0.0,0.0,0.0,0.0,-0.0006543546915054321,0.0,7.5511634349823e-06,0.0,0.00027656275779008865,0.0,0.0,0.0,0.0,0.0,0.0,0.0,0.0,-8.310563862323761e-05,0.0,0.0,-5.1264651119709015e-05,0.0003492850810289383,0.0,0.0,0.0,0.0,0.0,0.009717412292957306,0.0,0.0,0.0,9.871087968349457e-06,-0.0002889889292418957,0.0,0.0,0.0,0.0,4.248553887009621e-05,0.0,0.0,0.0,0.0,-4.275515675544739e-05,0.0,0.0
0.0,0.0012329849414527416,0.0005268175154924393,0.0,0.0,0.0001375451683998108,-3.181537613272667e-05,-0.00017889682203531265,-1.7745420336723328e-05,0.0,0.0,0.00010486505925655365,0.0,0.0,2.0887702703475952e-05,0.0,0.0,0.0,0.0,0.0,0.0,0.0,0.0,0.0,-0.0006543556228280067,0.0,7.549300789833069e-06,0.0,0.0002765646204352379,0.0,0.0,0.0,0.0,0.0,0.0,0.0,0.0,-8.310750126838684e-05,0.0,0.0,-5.126604810357094e-05,0.00034928880631923676,0.0,0.0,0.0,0.0,0.0,0.009563185274600983,0.0,0.0,0.0,9.870156645774841e-06,-0.000288989394903183,0.0,0.0,0.0,0.0,4.248740151524544e-05,0.0,0.0,0.0,0.0,-4.274584352970123e-05,0.0,0.0
0.0,0.0012329872697591782,0.0005268175154924393,0.0,0.0,0.00013754284009337425,-3.181537613272667e-05,-0.00017889868468046188,-1.7745420336723328e-05,0.0,0.0,0.00010486319661140442,0.0,0.0,2.0886771380901337e-05,0.0,0.0,0.0,0.0,0.0,0.0,0.0,0.0,0.0,-0.0006543537601828575,0.0,7.547438144683838e-06,0.0,0.00027656368911266327,0.0,0.0,0.0,0.0,0.0,0.0,0.0,0.0,-8.310563862323761e-05,0.0,0.0,-5.12637197971344e-05,0.00034928321838378906,0.0,0.0,0.0,0.0,0.0,0.009404726326465607,0.0,0.0,0.0,9.871553629636765e-06,-0.0002889903262257576,0.0,0.0,0.0,0.0,4.248740151524544e-05,0.0,0.0,0.0,0.0,-4.2747706174850464e-05,0.0,0.0
0.0,0.0012329863384366035,0.0005268193781375885,0.0,0.0,0.00013754540123045444,-3.181677311658859e-05,-0.00017889775335788727,-1.7745420336723328e-05,0.0,0.0,0.00010486133396625519,0.0,0.0,2.088584005832672e-05,0.0,0.0,0.0,0.0,0.0,0.0,0.0,0.0,0.0,-0.0006543537601828575,0.0,7.5511634349823e-06,0.0,0.00027656182646751404,0.0,0.0,0.0,0.0,0.0,0.0,0.0,0.0,-8.310563862323761e-05,0.0,0.0,-5.126558244228363e-05,0.00034928135573863983,0.0,0.0,0.0,0.0,0.0,0.009243674576282501,0.0,0.0,0.0,9.873416274785995e-06,-0.0002889907918870449,0.0,0.0,0.0,0.0,4.248647019267082e-05,0.0,0.0,0.0,0.0,-4.274211823940277e-05,0.0,0.0
0.0,0.0012329872697591782,0.0005268175154924393,0.0,0.0,0.00013754353858530521,-3.181560896337032e-05,-0.0001788996160030365,-1.774914562702179e-05,0.0,0.0,0.00010486133396625519,0.0,0.0,2.0884908735752106e-05,0.0,0.0,0.0,0.0,0.0,0.0,0.0,0.0,0.0,-0.0006543528288602829,0.0,7.547438144683838e-06,0.0,0.00027656182646751404,0.0,0.0,0.0,0.0,0.0,0.0,0.0,0.0,-8.310191333293915e-05,0.0,0.0,-5.126558244228363e-05,0.0003492850810289383,0.0,0.0,0.0,0.0,0.0,0.009078599512577057,0.0,0.0,0.0,9.874813258647919e-06,-0.0002889903262257576,0.0,0.0,0.0,0.0,4.248740151524544e-05,0.0,0.0,0.0,0.0,-4.273466765880585e-05,0.0,0.0
0.0,0.0012329844757914543,0.0005268212407827377,0.0,0.0,0.00013754330575466156,-3.181560896337032e-05,-0.00017890054732561111,-1.774914562702179e-05,0.0,0.0,0.00010485947132110596,0.0,0.0,2.088584005832672e-05,0.0,0.0,0.0,0.0,0.0,0.0,0.0,0.0,0.0,-0.0006543491035699844,0.0,7.549300789833069e-06,0.0,0.00027656182646751404,0.0,0.0,0.0,0.0,0.0,0.0,0.0,0.0,-8.310191333293915e-05,0.0,0.0,-5.1264651119709015e-05,0.00034928135573863983,0.0,0.0,0.0,0.0,0.0,0.008910544216632843,0.0,0.0,0.0,9.876908734440804e-06,-0.0002889912575483322,0.0,0.0,0.0,0.0,4.248460754752159e-05,0.0,0.0,0.0,0.0,-4.2719766497612e-05,0.0,0.0
0.0,0.0012329835444688797,0.0005268175154924393,0.0,0.0,0.00013753934763371944,-3.182305954396725e-05,-0.00017889775335788727,-1.775100827217102e-05,0.0,0.0,0.0001048557460308075,0.0,0.0,2.0887702703475952e-05,0.0,0.0,0.0,0.0,0.0,0.0,0.0,0.0,0.0,-0.0006543472409248352,0.0,7.547438144683838e-06,0.0,0.0002765608951449394,0.0,0.0,0.0,0.0,0.0,0.0,0.0,0.0,-8.310005068778992e-05,0.0,0.0,-5.12637197971344e-05,0.00034928135573863983,0.0,0.0,0.0,0.0,0.0,0.008739568293094635,0.0,0.0,0.0,9.881332516670227e-06,-0.000288989394903183,0.0,0.0,0.0,0.0,4.248460754752159e-05,0.0,0.0,0.0,0.0,-4.271417856216431e-05,0.0,0.0
0.0,0.0012329872697591782,0.0005268137902021408,0.0,0.0,0.0001375374849885702,-3.182445652782917e-05,-0.00017890054732561111,-1.774914562702179e-05,0.0,0.0,0.00010485388338565826,0.0,0.0,2.0884908735752106e-05,0.0,0.0,0.0,0.0,0.0,0.0,0.0,0.0,0.0,-0.0006543444469571114,0.0,7.543712854385376e-06,0.0,0.0002765646204352379,0.0,0.0,0.0,0.0,0.0,0.0,0.0,0.0,-8.310005068778992e-05,0.0,0.0,-5.126185715198517e-05,0.00034927576780319214,0.0,0.0,0.0,0.0,0.0,0.008565343916416168,0.0,0.0,0.0,9.888783097267151e-06,-0.000288989394903183,0.0,0.0,0.0,0.0,4.248553887009621e-05,0.0,0.0,0.0,0.0,-4.268810153007507e-05,0.0,0.0
0.0,0.0012329858727753162,0.00052681565284729,0.0,0.0,0.00013753259554505348,-3.18323727697134e-05,-0.00017890240997076035,-1.775287091732025e-05,0.0,0.0,0.00010484643280506134,0.0,0.0,2.0884908735752106e-05,0.0,0.0,0.0,0.0,0.0,0.0,0.0,0.0,0.0,-0.0006543351337313652,0.0,7.543712854385376e-06,0.0,0.0002765581011772156,0.0,0.0,0.0,0.0,0.0,0.0,0.0,0.0,-8.310005068778992e-05,0.0,0.0,-5.126185715198517e-05,0.0003492739051580429,0.0,0.0,0.0,0.0,0.0,0.008388377726078033,0.0,0.0,0.0,9.899027645587921e-06,-0.0002889898605644703,0.0,0.0,0.0,0.0,4.248088225722313e-05,0.0,0.0,0.0,0.0,-4.2654573917388916e-05,0.0,0.0
0.0,0.0012329835444688797,0.00052681565284729,0.0,0.0,0.00013752165250480175,-3.1842151656746864e-05,-0.00017890427261590958,-1.7756596207618713e-05,0.0,0.0,0.00010483525693416595,0.0,0.0,2.0886771380901337e-05,0.0,0.0,0.0,0.0,0.0,0.0,0.0,0.0,0.0,-0.0006543267518281937,0.0,7.547438144683838e-06,0.0,0.0002765581011772156,0.0,0.0,0.0,0.0,0.0,0.0,0.0,0.0,-8.310191333293915e-05,0.0,0.0,-5.126418545842171e-05,0.0003492720425128937,0.0,0.0,0.0,0.0,0.0,0.008209384977817535,0.0,0.0,0.0,9.921146556735039e-06,-0.00028898613527417183,0.0,0.0,0.0,0.0,4.247715696692467e-05,0.0,0.0,0.0,0.0,-4.260987043380737e-05,0.0,0.0
0.0,0.0012329807505011559,0.0005268100649118423,0.0,0.0,0.00013750768266618252,-3.186613321304321e-05,-0.00017890054732561111,-1.7756596207618713e-05,0.0,0.0,0.00010481663048267365,0.0,0.0,2.0887702703475952e-05,0.0,0.0,0.0,0.0,0.0,0.0,0.0,0.0,0.0,-0.0006543071940541267,0.0,7.547438144683838e-06,0.0,0.0002765599638223648,0.0,0.0,0.0,0.0,0.0,0.0,0.0,0.0,-8.310191333293915e-05,0.0,0.0,-5.12697733938694e-05,0.00034926459193229675,0.0,0.0,0.0,0.0,0.0,0.008027471601963043,0.0,0.0,0.0,9.95071604847908e-06,-0.00028898240998387337,0.0,0.0,0.0,0.0,4.247808828949928e-05,0.0,0.0,0.0,0.0,-4.254281520843506e-05,0.0,0.0
0.0,0.0012329742312431335,0.0005268026143312454,0.0,0.0,0.00013749045319855213,-3.190315328538418e-05,-0.0001789061352610588,-1.77677720785141e-05,0.0,0.0,0.00010478869080543518,0.0,0.0,2.0888634026050568e-05,0.0,0.0,0.0,0.0,0.0,0.0,0.0,0.0,0.0,-0.000654284842312336,0.0,7.543712854385376e-06,0.0,0.0002765525132417679,0.0,0.0,0.0,0.0,0.0,0.0,0.0,0.0,-8.310377597808838e-05,0.0,0.0,-5.1283277571201324e-05,0.00034925155341625214,0.0,0.0,0.0,0.0,0.0,0.00784388929605484,0.0,0.0,0.0,1.0001705959439278e-05,-0.0002889791503548622,0.0,0.0,0.0,0.0,4.246877506375313e-05,0.0,0.0,0.0,0.0,-4.2440369725227356e-05,0.0,0.0
0.0,0.0012329565361142159,0.00052679143846035,0.0,0.0,0.00013746018521487713,-3.1967414543032646e-05,-0.00017890986055135727,-1.777149736881256e-05,0.0,0.0,0.0001047421246767044,0.0,0.0,2.08904966711998e-05,0.0,0.0,0.0,0.0,0.0,0.0,0.0,0.0,0.0,-0.0006542457267642021,0.0,7.547438144683838e-06,0.0,0.00027654971927404404,0.0,0.0,0.0,0.0,0.0,0.0,0.0,0.0,-8.310377597808838e-05,0.0,0.0,-5.130330100655556e-05,0.00034922920167446136,0.0,0.0,0.0,0.0,0.0,0.0076584592461586,0.0,0.0,0.0,1.0084360837936401e-05,-0.00028896797448396683,0.0,0.0,0.0,0.0,4.2454805225133896e-05,0.0,0.0,0.0,0.0,-4.2300671339035034e-05,0.0,0.0
0.0,0.0012329351156949997,0.0005267690867185593,0.0,0.0,0.00013740151189267635,-3.206753171980381e-05,-0.00017891265451908112,-1.7778947949409485e-05,0.0,0.0,0.00010468252003192902,0.0,0.0,2.0888634026050568e-05,0.0,0.0,0.0,0.0,0.0,0.0,0.0,0.0,0.0,-0.0006541898474097252,0.0,7.558614015579224e-06,0.0,0.00027653854340314865,0.0,0.0,0.0,0.0,0.0,0.0,0.0,0.0,-8.31112265586853e-05,0.0,0.0,-5.134847015142441e-05,0.00034919939935207367,0.0,0.0,0.0,0.0,0.0,0.007471032440662384,0.0,0.0,0.0,1.0215910151600838e-05,-0.00028895214200019836,0.0,0.0,0.0,0.0,4.242965951561928e-05,0.0,0.0,0.0,0.0,-4.2106956243515015e-05,0.0,0.0
0.0,0.0012328997254371643,0.0005267355591058731,0.0,0.0,0.00013731536455452442,-3.223284147679806e-05,-0.00017893128097057343,-1.7782673239707947e-05,0.0,0.0,0.000104585662484169,0.0,0.0,2.0886771380901337e-05,0.0,0.0,0.0,0.0,0.0,0.0,0.0,0.0,0.0,-0.0006541134789586067,0.0,7.588416337966919e-06,0.0,0.0002765236422419548,0.0,0.0,0.0,0.0,0.0,0.0,0.0,0.0,-8.314475417137146e-05,0.0,0.0,-5.142204463481903e-05,0.0003491472452878952,0.0,0.0,0.0,0.0,0.0,0.00728229433298111,0.0,0.0,0.0,1.0427087545394897e-05,-0.0002889181487262249,0.0,0.0,0.0,0.0,4.2386818677186966e-05,0.0,0.0,0.0,0.0,-4.1816383600234985e-05,0.0,0.0
0.0,0.0012328498996794224,0.0005266759544610977,0.0,0.0,0.00013717496767640114,-3.2499199733138084e-05,-0.00017895642668008804,-1.7782673239707947e-05,0.0,0.0,0.00010443665087223053,0.0,0.0,2.0881183445453644e-05,0.0,0.0,0.0,0.0,0.0,0.0,0.0,0.0,0.0,-0.0006540091708302498,0.0,7.651746273040771e-06,0.0,0.00027650315314531326,0.0,0.0,0.0,0.0,0.0,0.0,0.0,0.0,-8.323043584823608e-05,0.0,0.0,-5.155801773071289e-05,0.0003490615636110306,0.0,0.0,0.0,0.0,0.0,0.007090635597705841,0.0,0.0,0.0,1.0760035365819931e-05,-0.0002888697199523449,0.0,0.0,0.0,0.0,4.2315106838941574e-05,0.0,0.0,0.0,0.0,-4.139728844165802e-05,0.0,0.0
0.0,0.001232803799211979,0.0005265753716230392,0.0,0.0,0.00013696751557290554,-3.291177563369274e-05,-0.0001790085807442665,-1.777149736881256e-05,0.0,0.0,0.00010421127080917358,0.0,0.0,2.0877458155155182e-05,0.0,0.0,0.0,0.0,0.0,0.0,0.0,0.0,0.0,-0.0006538769230246544,0.0,7.774680852890015e-06,0.0,0.00027647893875837326,0.0,0.0,0.0,0.0,0.0,0.0,0.0,0.0,-8.339248597621918e-05,0.0,0.0,-5.1788054406642914e-05,0.0003489293158054352,0.0,0.0,0.0,0.0,0.0,0.006897665560245514,0.0,0.0,0.0,1.1280644685029984e-05,-0.0002887751907110214,0.0,0.0,0.0,0.0,4.219496622681618e-05,0.0,0.0,0.0,0.0,-4.0803104639053345e-05,0.0,0.0
0.0,0.0012327725999057293,0.0005264095962047577,0.0,0.0,0.0001366457436233759,-3.3532967790961266e-05,-0.00017910264432430267,-1.7745420336723328e-05,0.0,0.0,0.00010386668145656586,0.0,0.0,2.085510641336441e-05,0.0,0.0,0.0,0.0,0.0,0.0,0.0,0.0,0.0,-0.0006537241861224174,0.0,7.987022399902344e-06,0.0,0.00027645938098430634,0.0,0.0,0.0,0.0,0.0,0.0,0.0,0.0,-8.366629481315613e-05,0.0,0.0,-5.216430872678757e-05,0.0003487374633550644,0.0,0.0,0.0,0.0,0.0,0.0066996291279792786,0.0,0.0,0.0,1.2085307389497757e-05,-0.00028859730809926987,0.0,0.0,0.0,0.0,4.198634997010231e-05,0.0,0.0,0.0,0.0,-3.9944425225257874e-05,0.0,0.0
0.0,0.0012328317388892174,0.0005261283367872238,0.0,0.0,0.0001361854374408722,-3.446871414780617e-05,-0.0001792972907423973,-1.7682090401649475e-05,0.0,0.0,0.00010334514081478119,0.0,0.0,2.0811334252357483e-05,0.0,0.0,0.0,0.0,0.0,0.0,0.0,0.0,0.0,-0.0006535686552524567,0.0,8.339062333106995e-06,0.0,0.0002764509990811348,0.0,0.0,0.0,0.0,0.0,0.0,0.0,0.0,-8.407793939113617e-05,0.0,0.0,-5.2764080464839935e-05,0.00034843944013118744,0.0,0.0,0.0,0.0,0.0,0.006497658789157867,0.0,0.0,0.0,1.3301149010658264e-05,-0.00028828438371419907,0.0,0.0,0.0,0.0,4.1637104004621506e-05,0.0,0.0,0.0,0.0,-3.869831562042236e-05,0.0,0.0
0.0,0.0012330934405326843,0.0005256496369838715,0.0,0.0,0.0001355151180177927,-3.585102967917919e-05,-0.00017965491861104965,-1.755543053150177e-05,0.0,0.0,0.00010257214307785034,0.0,0.0,2.0733103156089783e-05,0.0,0.0,0.0,0.0,0.0,0.0,0.0,0.0,0.0,-0.0006534801796078682,0.0,8.87364149093628e-06,0.0,0.00027648452669382095,0.0,0.0,0.0,0.0,0.0,0.0,0.0,0.0,-8.456967771053314e-05,0.0,0.0,-5.3678639233112335e-05,0.0003480147570371628,0.0,0.0,0.0,0.0,0.0,0.006285734474658966,0.0,0.0,0.0,1.5123048797249794e-05,-0.00028773676604032516,0.0,0.0,0.0,0.0,4.106154665350914e-05,0.0,0.0,0.0,0.0,-3.692321479320526e-05,0.0,0.0
0.0,0.0012337672524154186,0.0005248431116342545,0.0,0.0,0.00013455678708851337,-3.7852441892027855e-05,-0.00018030870705842972,-1.7346814274787903e-05,0.0,0.0,0.00010142847895622253,0.0,0.0,2.0605511963367462e-05,0.0,0.0,0.0,0.0,0.0,0.0,0.0,0.0,0.0,-0.0006535965949296951,0.0,9.624287486076355e-06,0.0,0.00027661677449941635,0.0,0.0,0.0,0.0,0.0,0.0,0.0,0.0,-8.500553667545319e-05,0.0,0.0,-5.5002979934215546e-05,0.0003474187105894089,0.0,0.0,0.0,0.0,0.0,0.0060646310448646545,0.0,0.0,0.0,1.7765909433364868e-05,-0.00028679100796580315,0.0,0.0,0.0,0.0,4.0100421756505966e-05,0.0,0.0,0.0,0.0,-3.4362077713012695e-05,0.0,0.0
0.0,0.0012351758778095245,0.0005235001444816589,0.0,0.0,0.00013319356366991997,-4.0674349293112755e-05,-0.00018144678324460983,-1.7033889889717102e-05,0.0,0.0,9.97837632894516e-05,0.0,0.0,2.037733793258667e-05,0.0,0.0,0.0,0.0,0.0,0.0,0.0,0.0,0.0,-0.0006541935727000237,0.0,1.0542571544647217e-05,0.0,0.0002769520506262779,0.0,0.0,0.0,0.0,0.0,0.0,0.0,0.0,-8.502230048179626e-05,0.0,0.0,-5.682557821273804e-05,0.00034662894904613495,0.0,0.0,0.0,0.0,0.0,0.005819477140903473,0.0,0.0,0.0,2.1492596715688705e-05,-0.00028522079810500145,0.0,0.0,0.0,0.0,3.849109634757042e-05,0.0,0.0,0.0,0.0,-3.070943057537079e-05,0.0,0.0
0.0,0.001237756572663784,0.0005212705582380295,0.0,0.0,0.00013118144124746323,-4.454120062291622e-05,-0.00018336903303861618,-1.6627833247184753e-05,0.0,0.0,9.747222065925598e-05,0.0,0.0,2.001877874135971e-05,0.0,0.0,0.0,0.0,0.0,0.0,0.0,0.0,0.0,-0.0006557805463671684,0.0,1.1455267667770386e-05,0.0,0.00027769897133111954,0.0,0.0,0.0,0.0,0.0,0.0,0.0,0.0,-8.408352732658386e-05,0.0,0.0,-5.91338612139225e-05,0.00034564174711704254,0.0,0.0,0.0,0.0,0.0,0.005557365715503693,0.0,0.0,0.0,2.6538502424955368e-05,-0.0002827220596373081,0.0,0.0,0.0,0.0,3.581726923584938e-05,0.0,0.0,0.0,0.0,-2.555549144744873e-05,0.0,0.0
0.0,0.001242003869265318,0.0005175936967134476,0.0,0.0,0.00012812926433980465,-4.965043626725674e-05,-0.00018643122166395187,-1.6236677765846252e-05,0.0,0.0,9.433552622795105e-05,0.0,0.0,1.9466504454612732e-05,0.0,0.0,0.0,0.0,0.0,0.0,0.0,0.0,0.0,-0.0006592785939574242,0.0,1.1928379535675049e-05,0.0,0.0002793222665786743,0.0,0.0,0.0,0.0,0.0,0.0,0.0,0.0,-8.151121437549591e-05,0.0,0.0,-6.170617416501045e-05,0.00034455209970474243,0.0,0.0,0.0,0.0,0.0,0.005241043865680695,0.0,0.0,0.0,3.302493132650852e-05,-0.00027894042432308197,0.0,0.0,0.0,0.0,3.138510510325432e-05,0.0,0.0,0.0,0.0,-1.838989555835724e-05,0.0,0.0
0.0,0.001248326152563095,0.00051153264939785,0.0,0.0,0.00012340792454779148,-5.600461736321449e-05,-0.00019102822989225388,-1.6165897250175476e-05,0.0,0.0,9.028799831867218e-05,0.0,0.0,1.864507794380188e-05,0.0,0.0,0.0,0.0,0.0,0.0,0.0,0.0,0.0,-0.0006662784144282341,0.0,1.1157244443893433e-05,0.0,0.00028271228075027466,0.0,0.0,0.0,0.0,0.0,0.0,0.0,0.0,-7.679499685764313e-05,0.0,0.0,-6.392830982804298e-05,0.0003436058759689331,0.0,0.0,0.0,0.0,0.0,0.0048979297280311584,0.0,0.0,0.0,4.076235927641392e-05,-0.0002736346796154976,0.0,0.0,0.0,0.0,2.4202745407819748e-05,0.0,0.0,0.0,0.0,-8.730217814445496e-06,0.0,0.0
0.0,0.0012567187659442425,0.000501556321978569,0.0,0.0,0.00011613196693360806,-6.324355490505695e-05,-0.00019736681133508682,-1.7093494534492493e-05,0.0,0.0,8.545257151126862e-05,0.0,0.0,1.7404556274414062e-05,0.0,0.0,0.0,0.0,0.0,0.0,0.0,0.0,0.0,-0.0006794370710849762,0.0,7.912516593933105e-06,0.0,0.000289388932287693,0.0,0.0,0.0,0.0,0.0,0.0,0.0,0.0,-7.019005715847015e-05,0.0,0.0,-6.453366950154305e-05,0.0003433544188737869,0.0,0.0,0.0,0.0,0.0,0.004440344870090485,0.0,0.0,0.0,4.901760257780552e-05,-0.0002669072709977627,0.0,0.0,0.0,0.0,1.2923497706651688e-05,0.0,0.0,0.0,0.0,3.56137752532959e-06,0.0,0.0
0.0,0.0012662452645599842,0.00048505328595638275,0.0,0.0,0.00010539311915636063,-7.020658813416958e-05,-0.0002050790935754776,-2.0310282707214355e-05,0.0,0.0,8.032843470573425e-05,0.0,0.0,1.561082899570465e-05,0.0,0.0,0.0,0.0,0.0,0.0,0.0,0.0,0.0,-0.000703105702996254,0.0,6.780028343200684e-07,0.0,0.00030126702040433884,0.0,0.0,0.0,0.0,0.0,0.0,0.0,0.0,-6.351247429847717e-05,0.0,0.0,-6.13718293607235e-05,0.00034481100738048553,0.0,0.0,0.0,0.0,0.0,0.003960050642490387,0.0,0.0,0.0,5.616527050733566e-05,-0.0002596648409962654,0.0,0.0,0.0,0.0,-3.941822797060013e-06,0.0,0.0,0.0,0.0,1.771003007888794e-05,0.0,0.0
0.0,0.0012744227424263954,0.0004576854407787323,0.0,0.0,9.082932956516743e-05,-7.444829680025578e-05,-0.00021267123520374298,-2.7960166335105896e-05,0.0,0.0,7.610581815242767e-05,0.0,0.0,1.3150274753570557e-05,0.0,0.0,0.0,0.0,0.0,0.0,0.0,0.0,0.0,-0.0007442040368914604,0.0,-1.181289553642273e-05,0.0,0.00031954608857631683,0.0,0.0,0.0,0.0,0.0,0.0,0.0,0.0,-6.0731545090675354e-05,0.0,0.0,-5.1334500312805176e-05,0.0003496576100587845,0.0,0.0,0.0,0.0,0.0,0.003247953951358795,0.0,0.0,0.0,5.948217585682869e-05,-0.00025413278490304947,0.0,0.0,0.0,0.0,-2.740556374192238e-05,0.0,0.0,0.0,0.0,3.0918046832084656e-05,0.0,0.0
0.0,0.0012767869047820568,0.0004127770662307739,0.0,0.0,7.369788363575935e-05,-7.17297662049532e-05,-0.0002169087529182434,-4.310905933380127e-05,0.0,0.0,7.491931319236755e-05,0.0,0.0,1.0162591934204102e-05,0.0,0.0,0.0,0.0,0.0,0.0,0.0,0.0,0.0,-0.0008134143427014351,0.0,-2.9355287551879883e-05,0.0,0.0003420710563659668,0.0,0.0,0.0,0.0,0.0,0.0,0.0,0.0,-6.754137575626373e-05,0.0,0.0,-3.084447234869003e-05,0.0003603864461183548,0.0,0.0,0.0,0.0,0.0,0.0025868043303489685,0.0,0.0,0.0,5.526444874703884e-05,-0.0002540755085647106,0.0,0.0,0.0,0.0,-5.672639235854149e-05,0.0,0.0,0.0,0.0,3.7128105759620667e-05,0.0,0.0
0.0,0.0012672711163759232,0.0003411136567592621,0.0,0.0,5.824281834065914e-05,-5.5897049605846405e-05,-0.0002129431813955307,-6.932951509952545e-05,0.0,0.0,8.000247180461884e-05,0.0,0.0,7.725320756435394e-06,0.0,0.0,0.0,0.0,0.0,0.0,0.0,0.0,0.0,-0.0009266510605812073,0.0,-4.838407039642334e-05,0.0,0.0003601638600230217,0.0,0.0,0.0,0.0,0.0,0.0,0.0,0.0,-8.862651884555817e-05,0.0,0.0,2.5406479835510254e-06,0.0003801211714744568,0.0,0.0,0.0,0.0,0.0,0.001473166048526764,0.0,0.0,0.0,3.9777252823114395e-05,-0.0002637426368892193,0.0,0.0,0.0,0.0,-8.724117651581764e-05,0.0,0.0,0.0,0.0,2.6516616344451904e-05,0.0,0.0
0.0,0.0012404564768075943,0.00023170560598373413,0.0,0.0,5.193357355892658e-05,-2.0277686417102814e-05,-0.00019632559269666672,-0.0001091882586479187,0.0,0.0,9.534694254398346e-05,0.0,0.0,9.034760296344757e-06,0.0,0.0,0.0,0.0,0.0,0.0,0.0,0.0,0.0,-0.0011064456775784492,0.0,-6.0109421610832214e-05,0.0,0.00035865139216184616,0.0,0.0,0.0,0.0,0.0,0.0,0.0,0.0,-0.00012205541133880615,0.0,0.0,4.711560904979706e-05,0.00041192956268787384,0.0,0.0,0.0,0.0,0.0,0.0007200613617897034,0.0,0.0,0.0,1.1500436812639236e-05,-0.00028431229293346405,0.0,0.0,0.0,0.0,-0.00010800408199429512,0.0,0.0,0.0,0.0,-1.103430986404419e-05,0.0,0.0
0.0,0.0011965679004788399,7.241033017635345e-05,0.0,0.0,6.234552711248398e-05,3.8616592064499855e-05,-0.00016863923519849777,-0.00016122497618198395,0.0,0.0,0.00012443028390407562,0.0,0.0,2.1413899958133698e-05,0.0,0.0,0.0,0.0,0.0,0.0,0.0,0.0,0.0,-0.0013819364830851555,0.0,-5.096755921840668e-05,0.0,0.00032635778188705444,0.0,0.0,0.0,0.0,0.0,0.0,0.0,0.0,-0.00015214085578918457,0.0,0.0,9.341910481452942e-05,0.00045737437903881073,0.0,0.0,0.0,0.0,0.0,-0.000913374125957489,0.0,0.0,0.0,-2.5344081223011017e-05,-0.00030697230249643326,0.0,0.0,0.0,0.0,-0.00010092416778206825,0.0,0.0,0.0,0.0,-7.457658648490906e-05,0.0,0.0
0.0,0.0011487780138850212,-0.00015541911125183105,0.0,0.0,8.749077096581459e-05,0.00011433218605816364,-0.00014630146324634552,-0.00021514855325222015,0.0,0.0,0.00016791187226772308,0.0,0.0,5.763862282037735e-05,0.0,0.0,0.0,0.0,0.0,0.0,0.0,0.0,0.0,-0.0017844168469309807,0.0,-9.346753358840942e-06,0.0,0.00028147827833890915,0.0,0.0,0.0,0.0,0.0,0.0,0.0,0.0,-0.00014703348278999329,0.0,0.0,0.0001243031583726406,0.0005151685327291489,0.0,0.0,0.0,0.0,0.0,-0.0012020990252494812,0.0,0.0,0.0,-5.8142468333244324e-05,-0.0003055185079574585,0.0,0.0,0.0,0.0,-4.5849476009607315e-05,0.0,0.0,0.0,0.0,-0.00013181008398532867,0.0,0.0
0.0,0.001127956435084343,-0.0005000773817300797,0.0,0.0,0.00010022101923823357,0.00018435087986290455,-0.00016568787395954132,-0.00024562515318393707,0.0,0.0,0.00022066384553909302,0.0,0.0,0.00013333093374967575,0.0,0.0,0.0,0.0,0.0,0.0,0.0,0.0,0.0,-0.0023316098377108574,0.0,5.718320608139038e-05,0.0,0.0002972204238176346,0.0,0.0,0.0,0.0,0.0,0.0,0.0,0.0,-7.285363972187042e-05,0.0,0.0,0.00012812577188014984,0.0005834568291902542,0.0,0.0,0.0,0.0,0.0,-0.003296278417110443,0.0,0.0,0.0,-6.983033381402493e-05,-0.00023905280977487564,0.0,0.0,0.0,0.0,6.258627399802208e-05,0.0,0.0,0.0,0.0,-0.00010832026600837708,0.0,0.0
0.0,0.0011727698147296906,-0.0010880976915359497,0.0,0.0,3.82554717361927e-05,0.00021630455739796162,-0.0002655666321516037,-0.00020297616720199585,0.0,0.0,0.0002701263874769211,0.0,0.0,0.00025479216128587723,0.0,0.0,0.0,0.0,0.0,0.0,0.0,0.0,0.0,-0.002988104708492756,0.0,9.856745600700378e-05,0.0,0.00047543086111545563,0.0,0.0,0.0,0.0,0.0,0.0,0.0,0.0,6.526894867420197e-05,0.0,0.0,0.00013487273827195168,0.000673249363899231,0.0,0.0,0.0,0.0,0.0,-0.0015281066298484802,0.0,0.0,0.0,-5.9090787544846535e-05,-8.156709372997284e-05,0.0,0.0,0.0,0.0,0.00018420489504933357,0.0,0.0,0.0,0.0,5.860626697540283e-05,0.0,0.0
0.0,0.0012883199378848076,-0.002161668613553047,0.0,0.0,-0.00017135892994701862,0.00020390702411532402,-0.00042595062404870987,1.1937692761421204e-05,0.0,0.0,0.0002988819032907486,0.0,0.0,0.000401410274207592,0.0,0.0,0.0,0.0,0.0,0.0,0.0,0.0,0.0,-0.0035842889919877052,0.0,2.3812055587768555e-05,0.0,0.0008027171716094017,0.0,0.0,0.0,0.0,0.0,0.0,0.0,0.0,0.00016925670206546783,0.0,0.0,0.0002578157000243664,0.0008360650390386581,0.0,0.0,0.0,0.0,0.0,-0.004568897187709808,0.0,0.0,0.0,-7.790816016495228e-05,0.0001268479973077774,0.0,0.0,0.0,0.0,0.00020799459889531136,0.0,0.0,0.0,0.0,0.0002457350492477417,0.0,0.0
0.0,0.0013782773166894913,-0.003955995664000511,0.0,0.0,-0.000533735379576683,0.0002122870646417141,-0.0005021998658776283,0.0006254669278860092,0.0,0.0,0.00029395706951618195,0.0,0.0,0.0005506798624992371,0.0,0.0,0.0,0.0,0.0,0.0,0.0,0.0,0.0,-0.003680863417685032,0.0,-0.00019993074238300323,0.0,0.0009484253823757172,0.0,0.0,0.0,0.0,0.0,0.0,0.0,0.0,6.311386823654175e-05,0.0,0.0,0.0006379992701113224,0.001162465661764145,0.0,0.0,0.0,0.0,0.0,0.001155368983745575,0.0,0.0,0.0,-0.0002368276473134756,0.00030300673097372055,0.0,0.0,0.0,0.0,5.490612238645554e-06,0.0,0.0,0.0,0.0,2.6103109121322632e-05,0.0,0.0
0.0,0.001246788538992405,-0.006161404773592949,0.0,0.0,-0.0009602739010006189,0.00024293363094329834,-0.0003802059218287468,0.002141868695616722,0.0,0.0,0.0002564825117588043,0.0,0.0,0.000859944149851799,0.0,0.0,0.0,0.0,0.0,0.0,0.0,0.0,0.0,-0.0024020327255129814,0.0,-0.0003071073442697525,0.0,0.0004065297544002533,0.0,0.0,0.0,0.0,0.0,0.0,0.0,0.0,-0.0002677496522665024,0.0,0.0,0.0011229431256651878,0.0015785153955221176,0.0,0.0,0.0,0.0,0.0,-0.003800801932811737,0.0,0.0,0.0,-0.0005094124935567379,0.0005761254578828812,0.0,0.0,0.0,0.0,-0.0003065825439989567,0.0,0.0,0.0,0.0,-0.0006457455456256866,0.0,0.0
0.0,0.0008818348869681358,-0.007005160674452782,0.0,0.0,-0.001591595821082592,-0.00038218661211431026,-0.0005714967846870422,0.0052308011800050735,0.0,0.0,0.00013465993106365204,0.0,0.0,0.0018395213410258293,0.0,0.0,0.0,0.0,0.0,0.0,0.0,0.0,0.0,0.001629621721804142,0.0,0.00023596733808517456,0.0,-0.0004834001883864403,0.0,0.0,0.0,0.0,0.0,0.0,0.0,0.0,-0.00028586573898792267,0.0,0.0,0.0010536788031458855,0.0012307744473218918,0.0,0.0,0.0,0.0,0.0,0.006896980106830597,0.0,0.0,0.0,-0.0002430942840874195,0.0012934179976582527,0.0,0.0,0.0,0.0,-3.460794687271118e-05,0.0,0.0,0.0,0.0,2.6982277631759644e-05,0.0,0.0
0.0,0.0005393843166530132,-0.004589984193444252,0.0,0.0,-0.0011144713498651981,-0.001292120199650526,-0.0004474753513932228,0.008509773761034012,0.0,0.0,5.640089511871338e-05,0.0,0.0,0.0023766132071614265,0.0,0.0,0.0,0.0,0.0,0.0,0.0,0.0,0.0,0.009257516823709011,0.0,-0.00011563673615455627,0.0,-0.0010945373214781284,0.0,0.0,0.0,0.0,0.0,0.0,0.0,0.0,-0.00026926957070827484,0.0,0.0,0.0013578105717897415,-4.947185516357422e-06,0.0,0.0,0.0,0.0,0.0,0.012958057224750519,0.0,0.0,0.0,0.00031872745603322983,0.001577676273882389,0.0,0.0,0.0,0.0,-6.483541801571846e-05,0.0,0.0,0.0,0.0,0.0015527699142694473,0.0,0.0
