LLD_0,LLD_1,LLD_2,LLD_3,LLD_4,LLD_5,LLD_6,LLD_7,LLD_8,LLD_9,LLD_10,LLD_11,LLD_12,LLD_13,LLD_14,LLD_15,LLD_16,LLD_17,LLD_18,LLD_19,LLD_20,LLD_21,LLD_22,LLD_23,LLD_24,LLD_25,LLD_26,LLD_27,LLD_28,LLD_29,LLD_30,LLD_31,LLD_32,LLD_33,LLD_34,LLD_35,LLD_36,LLD_37,LLD_38,LLD_39,LLD_40,LLD_41,LLD_42,LLD_43,LLD_44,LLD_45,LLD_46,LLD_47,LLD_48,LLD_49,LLD_50,LLD_51,LLD_52,LLD_53,LLD_54,LLD_55,LLD_56,LLD_57,LLD_58,LLD_59,LLD_60,LLD_61,LLD_62,LLD_63,LLD_64
0.0,0.0008971039205789566,0.60334712266922,0.6746988,0.2831325,0.09985136240720749,0.12148687988519669,0.25685107707977295,0.06078215688467026,0.1341354,0.1948898,0.0917927697300911,0.6790864,0.5798858,0.15708929300308228,1.249119,3.699964,0.142,0.52,0.05,0.1334016,0.3614458,0.1566265,0.04819277,0.023488610982894897,0.4181818,0.527681291103363,0.0005495629,-1.9935849905014038,0.7938933,0.2889653,-0.4563518,0.174059,2.809841,0.3253012,0.7710843,0.8204305,0.9934448003768921,1.227756,0.1829786,0.26894256472587585,0.4582667052745819,0.5236319,3.190889,2.667257,0.5653632,1.803825,9.669463157653809,0.1525,0.51,0.03,0.16875824332237244,0.2111937403678894,0.1204819,0.03614458,0.02409638,0.4848485,0.5702863931655884,0.01742207,-1.520947,0.3606033,0.2174964,-0.015028927475214005,-0.09385459,0.03344261
0.0,0.001102249138057232,0.004574904218316078,0.0,0.0,-0.0001731088850647211,-0.00013266177847981453,-0.00025393348187208176,0.0013978444039821625,0.0,0.0,5.4467469453811646e-05,0.0,0.0,-0.0019904421642422676,0.0,0.0,0.0,0.0,0.0,0.0,0.0,0.0,0.0,0.0008552419021725655,0.0,-2.7455389499664307e-05,0.0,0.0033540106378495693,0.0,0.0,0.0,0.0,0.0,0.0,0.0,0.0,0.00018121115863323212,0.0,0.0,-0.0002748100087046623,0.00013454817235469818,0.0,0.0,0.0,0.0,0.0,0.10353902727365494,0.0,0.0,0.0,-0.0010004686191678047,-0.002203917596489191,0.0,0.0,0.0,0.0,-0.00012318463996052742,0.0,0.0,0.0,0.0,1.3336539268493652e-06,0.0,0.0
0.0,0.0011392789892852306,0.0022868532687425613,0.0,0.0,-0.0005898855160921812,0.00011491053737699986,-0.0003965254873037338,0.0012104865163564682,0.0,0.0,0.00013288483023643494,0.0,0.0,-0.0013914750888943672,0.0,0.0,0.0,0.0,0.0,0.0,0.0,0.0,0.0,0.0010380735620856285,0.0,-2.1751970052719116e-05,0.0,0.0009673577733337879,0.0,0.0,0.0,0.0,0.0,0.0,0.0,0.0,-0.00023896992206573486,0.0,0.0,0.0002679899334907532,0.00012545473873615265,0.0,0.0,0.0,0.0,0.0,0.08252895623445511,0.0,0.0,0.0,0.0002919519320130348,-0.00039470382034778595,0.0,0.0,0.0,0.0,-3.684917464852333e-05,0.0,0.0,0.0,0.0,-0.000501072034239769,0.0,0.0
0.0,0.001214579213410616,0.0009374115616083145,0.0,0.0,-0.00010560289956629276,8.141528815031052e-05,-0.0003153374418616295,0.0008573196828365326,0.0,0.0,8.733198046684265e-05,0.0,0.0,-0.0007796045392751694,0.0,0.0,0.0,0.0,0.0,0.0,0.0,0.0,0.0,0.0006957855075597763,0.0,4.581548273563385e-05,0.0,-0.00010971492156386375,0.0,0.0,0.0,0.0,0.0,0.0,0.0,0.0,-0.00020123273134231567,0.0,0.0,0.00018018996343016624,0.0002702493220567703,0.0,0.0,0.0,0.0,0.0,0.061370767652988434,0.0,0.0,0.0,7.499707862734795e-05,-0.0004219934344291687,0.0,0.0,0.0,0.0,-1.0863877832889557e-06,0.0,0.0,0.0,0.0,-0.00044106878340244293,0.0,0.0
0.0,0.0012487559579312801,0.0007022786885499954,0.0,0.0,-7.475912570953369e-05,-6.964104250073433e-05,-0.00020417477935552597,0.00034334324300289154,0.0,0.0,2.4259090423583984e-05,0.0,0.0,-0.00032345857471227646,0.0,0.0,0.0,0.0,0.0,0.0,0.0,0.0,0.0,0.00022577214986085892,0.0,-1.2498348951339722e-05,0.0,-3.9771199226379395e-05,0.0,0.0,0.0,0.0,0.0,0.0,0.0,0.0,-0.00011399760842323303,0.0,0.0,5.158130079507828e-06,0.000273238867521286,0.0,0.0,0.0,0.0,0.0,0.04754997044801712,0.0,0.0,0.0,-5.257199518382549e-05,-0.0003490336239337921,0.0,0.0,0.0,0.0,3.466429188847542e-05,0.0,0.0,0.0,0.0,-0.0003282800316810608,0.0,0.0
0.0,0.0012449710629880428,0.0006729122251272202,0.0,0.0,-3.4565338864922523e-05,-8.034380152821541e-05,-0.0001666974276304245,9.602122008800507e-05,0.0,0.0,6.35143369436264e-05,0.0,0.0,-9.193550795316696e-05,0.0,0.0,0.0,0.0,0.0,0.0,0.0,0.0,0.0,-0.00014396384358406067,0.0,8.303672075271606e-06,0.0,0.0003028642386198044,0.0,0.0,0.0,0.0,0.0,0.0,0.0,0.0,-8.258409798145294e-05,0.0,0.0,1.5988945960998535e-05,0.0003319252282381058,0.0,0.0,0.0,0.0,0.0,0.0365772619843483,0.0,0.0,0.0,-3.002234734594822e-05,-0.0003575338050723076,0.0,0.0,0.0,0.0,4.2481813579797745e-05,0.0,0.0,0.0,0.0,-0.0001037493348121643,0.0,0.0
0.0,0.0012300708331167698,0.0006234366446733475,0.0,0.0,9.957235306501389e-06,-5.3043942898511887e-05,-0.00016662105917930603,3.1694769859313965e-05,0.0,0.0,0.00011233799159526825,0.0,0.0,-1.4998950064182281e-05,0.0,0.0,0.0,0.0,0.0,0.0,0.0,0.0,0.0,-0.00037473347038030624,0.0,1.7959624528884888e-05,0.0,0.0004154946655035019,0.0,0.0,0.0,0.0,0.0,0.0,0.0,0.0,-7.105804979801178e-05,0.0,0.0,-6.120465695858002e-05,0.0003385860472917557,0.0,0.0,0.0,0.0,0.0,0.028838761150836945,0.0,0.0,0.0,-3.738049417734146e-05,-0.0003605424426496029,0.0,0.0,0.0,0.0,5.287257954478264e-05,0.0,0.0,0.0,0.0,-7.424131035804749e-05,0.0,0.0
0.0,0.0012197052128612995,0.0005841273814439774,0.0,0.0,5.122646689414978e-05,-4.400755278766155e-05,-0.00017795246094465256,1.8106773495674133e-05,0.0,0.0,0.00013199448585510254,0.0,0.0,-3.584660589694977e-06,0.0,0.0,0.0,0.0,0.0,0.0,0.0,0.0,0.0,-0.0005016922950744629,0.0,1.0836869478225708e-05,0.0,0.0003960244357585907,0.0,0.0,0.0,0.0,0.0,0.0,0.0,0.0,-6.357952952384949e-05,0.0,0.0,-8.370401337742805e-05,0.0003549102693796158,0.0,0.0,0.0,0.0,0.0,0.023594029247760773,0.0,0.0,0.0,-2.848333679139614e-05,-0.00033741816878318787,0.0,0.0,0.0,0.0,6.021792069077492e-05,0.0,0.0,0.0,0.0,-6.313808262348175e-05,0.0,0.0
0.0,0.0012170551344752312,0.0005668122321367264,0.0,0.0,8.51775985211134e-05,-4.7258101403713226e-05,-0.00018692295998334885,1.1125579476356506e-05,0.0,0.0,0.00012968853116035461,0.0,0.0,-6.209127604961395e-06,0.0,0.0,0.0,0.0,0.0,0.0,0.0,0.0,0.0,-0.000567055307328701,0.0,2.421438694000244e-06,0.0,0.0003662053495645523,0.0,0.0,0.0,0.0,0.0,0.0,0.0,0.0,-5.809031426906586e-05,0.0,0.0,-7.136259227991104e-05,0.0003673713654279709,0.0,0.0,0.0,0.0,0.0,0.02033836394548416,0.0,0.0,0.0,-1.3486016541719437e-05,-0.00031490717083215714,0.0,0.0,0.0,0.0,6.139883771538734e-05,0.0,0.0,0.0,0.0,-5.749054253101349e-05,0.0,0.0
0.0,0.0012196660973131657,0.0005594734102487564,0.0,0.0,0.00010762014426290989,-5.155359394848347e-05,-0.00019017141312360764,5.086883902549744e-06,0.0,0.0,0.00011976994574069977,0.0,0.0,-5.380250513553619e-06,0.0,0.0,0.0,0.0,0.0,0.0,0.0,0.0,0.0,-0.0006002848967909813,0.0,-1.6130506992340088e-06,0.0,0.00035383179783821106,0.0,0.0,0.0,0.0,0.0,0.0,0.0,0.0,-5.640462040901184e-05,0.0,0.0,-5.853502079844475e-05,0.00036923401057720184,0.0,0.0,0.0,0.0,0.0,0.0185324028134346,0.0,0.0,0.0,-2.414919435977936e-06,-0.00030176248401403427,0.0,0.0,0.0,0.0,5.8535952121019363e-05,0.0,0.0,0.0,0.0,-5.295500159263611e-05,0.0,0.0
0.0,0.0012242896482348442,0.0005537662655115128,0.0,0.0,0.00012033130042254925,-5.293777212500572e-05,-0.00018940772861242294,3.91155481338501e-08,0.0,0.0,0.00011071003973484039,0.0,0.0,4.190951585769653e-08,0.0,0.0,0.0,0.0,0.0,0.0,0.0,0.0,0.0,-0.0006180079653859138,0.0,-1.2926757335662842e-06,0.0,0.0003500077873468399,0.0,0.0,0.0,0.0,0.0,0.0,0.0,0.0,-5.924887955188751e-05,0.0,0.0,-5.2370596677064896e-05,0.00036507658660411835,0.0,0.0,0.0,0.0,0.0,0.01763061434030533,0.0,0.0,0.0,3.858236595988274e-06,-0.00029510073363780975,0.0,0.0,0.0,0.0,5.4247211664915085e-05,0.0,0.0,0.0,0.0,-4.973262548446655e-05,0.0,0.0
0.0,0.0012287367135286331,0.0005479548126459122,0.0,0.0,0.0001271150540560484,-5.157105624675751e-05,-0.0001870226114988327,-4.377216100692749e-06,0.0,0.0,0.00010516680777072906,0.0,0.0,7.013790309429169e-06,0.0,0.0,0.0,0.0,0.0,0.0,0.0,0.0,0.0,-0.0006284667178988457,0.0,1.471489667892456e-06,0.0,0.0003454480320215225,0.0,0.0,0.0,0.0,0.0,0.0,0.0,0.0,-6.539560854434967e-05,0.0,0.0,-5.041435360908508e-05,0.00035990215837955475,0.0,0.0,0.0,0.0,0.0,0.017193742096424103,0.0,0.0,0.0,6.9928355515003204e-06,-0.0002917395904660225,0.0,0.0,0.0,0.0,5.023228004574776e-05,0.0,0.0,0.0,0.0,-4.728883504867554e-05,0.0,0.0
0.0,0.0012320410460233688,0.0005424898117780685,0.0,0.0,0.0001308247447013855,-4.865345545113087e-05,-0.0001845378428697586,-8.255243301391602e-06,0.0,0.0,0.00010278262197971344,0.0,0.0,1.3100914657115936e-05,0.0,0.0,0.0,0.0,0.0,0.0,0.0,0.0,0.0,-0.0006354032084345818,0.0,4.798173904418945e-06,0.0,0.0003372868523001671,0.0,0.0,0.0,0.0,0.0,0.0,0.0,0.0,-7.27381557226181e-05,0.0,0.0,-5.0010159611701965e-05,0.00035581551492214203,0.0,0.0,0.0,0.0,0.0,0.016937024891376495,0.0,0.0,0.0,8.504372090101242e-06,-0.0002900930121541023,0.0,0.0,0.0,0.0,4.720175638794899e-05,0.0,0.0,0.0,0.0,-4.552677273750305e-05,0.0,0.0
0.0,0.0012340573593974113,0.0005378555506467819,0.0,0.0,0.0001330091618001461,-4.5251334086060524e-05,-0.00018256064504384995,-1.1421740055084229e-05,0.0,0.0,0.00010235607624053955,0.0,0.0,1.739244908094406e-05,0.0,0.0,0.0,0.0,0.0,0.0,0.0,0.0,0.0,-0.0006404099985957146,0.0,7.577240467071533e-06,0.0,0.0003265421837568283,0.0,0.0,0.0,0.0,0.0,0.0,0.0,0.0,-7.939152419567108e-05,0.0,0.0,-5.005486309528351e-05,0.00035308487713336945,0.0,0.0,0.0,0.0,0.0,0.016711898148059845,0.0,0.0,0.0,9.231269359588623e-06,-0.00028936704620718956,0.0,0.0,0.0,0.0,4.521245136857033e-05,0.0,0.0,0.0,0.0,-4.4329091906547546e-05,0.0,0.0
0.0,0.0012350166216492653,0.0005342233926057816,0.0,0.0,0.0001344254706054926,-4.202895797789097e-05,-0.00018118228763341904,-1.377798616886139e-05,0.0,0.0,0.00010282918810844421,0.0,0.0,1.9933097064495087e-05,0.0,0.0,0.0,0.0,0.0,0.0,0.0,0.0,0.0,-0.0006441771984100342,0.0,9.40077006816864e-06,0.0,0.00031520798802375793,0.0,0.0,0.0,0.0,0.0,0.0,0.0,0.0,-8.429400622844696e-05,0.0,0.0,-5.0263479351997375e-05,0.0003513917326927185,0.0,0.0,0.0,0.0,0.0,0.01646459847688675,0.0,0.0,0.0,9.570736438035965e-06,-0.0002890853211283684,0.0,0.0,0.0,0.0,4.402501508593559e-05,0.0,0.0,0.0,0.0,-4.3587759137153625e-05,0.0,0.0
0.0,0.0012352685444056988,0.0005315523594617844,0.0,0.0,0.0001353924162685871,-3.928854130208492e-05,-0.00018029101192951202,-1.539662480354309e-05,0.0,0.0,0.00010353513062000275,0.0,0.0,2.1197833120822906e-05,0.0,0.0,0.0,0.0,0.0,0.0,0.0,0.0,0.0,-0.0006470298394560814,0.0,1.031532883644104e-05,0.0,0.0003048917278647423,0.0,0.0,0.0,0.0,0.0,0.0,0.0,0.0,-8.717738091945648e-05,0.0,0.0,-5.051447078585625e-05,0.00035040266811847687,0.0,0.0,0.0,0.0,0.0,0.016191013157367706,0.0,0.0,0.0,9.722309187054634e-06,-0.00028900522738695145,0.0,0.0,0.0,0.0,4.3386127799749374e-05,0.0,0.0,0.0,0.0,-4.3157488107681274e-05,0.0,0.0
0.0,0.0012351158075034618,0.0005297083407640457,0.0,0.0,0.00013607973232865334,-3.712181933224201e-05,-0.00017974060028791428,-1.644529402256012e-05,0.0,0.0,0.00010416470468044281,0.0,0.0,2.166908234357834e-05,0.0,0.0,0.0,0.0,0.0,0.0,0.0,0.0,0.0,-0.000649159774184227,0.0,1.0557472705841064e-05,0.0,0.00029639340937137604,0.0,0.0,0.0,0.0,0.0,0.0,0.0,0.0,-8.834153413772583e-05,0.0,0.0,-5.074311047792435e-05,0.0003498625010251999,0.0,0.0,0.0,0.0,0.0,0.015905655920505524,0.0,0.0,0.0,9.78703610599041e-06,-0.00028899218887090683,0.0,0.0,0.0,0.0,4.30508516728878e-05,0.0,0.0,0.0,0.0,-4.291906952857971e-05,0.0,0.0
0.0,0.0012347828596830368,0.0005284938961267471,0.0,0.0,0.00013656821101903915,-3.5487813875079155e-05,-0.00017940718680620193,-1.7078593373298645e-05,0.0,0.0,0.00010461173951625824,0.0,0.0,2.1721236407756805e-05,0.0,0.0,0.0,0.0,0.0,0.0,0.0,0.0,0.0,-0.0006507290527224541,0.0,1.0378658771514893e-05,0.0,0.00028991326689720154,0.0,0.0,0.0,0.0,0.0,0.0,0.0,0.0,-8.830614387989044e-05,0.0,0.0,-5.0922855734825134e-05,0.0003495737910270691,0.0,0.0,0.0,0.0,0.0,0.015625514090061188,0.0,0.0,0.0,9.81288030743599e-06,-0.0002889949828386307,0.0,0.0,0.0,0.0,4.2883213609457016e-05,0.0,0.0,0.0,0.0,-4.281848669052124e-05,0.0,0.0
0.0,0.001234397292137146,0.0005277376621961594,0.0,0.0,0.00013690907508134842,-3.430875949561596e-05,-0.00017921160906553268,-1.744180917739868e-05,0.0,0.0,0.00010487623512744904,0.0,0.0,2.1599233150482178e-05,0.0,0.0,0.0,0.0,0.0,0.0,0.0,0.0,0.0,-0.0006518596783280373,0.0,9.98377799987793e-06,0.0,0.00028525106608867645,0.0,0.0,0.0,0.0,0.0,0.0,0.0,0.0,-8.761323988437653e-05,0.0,0.0,-5.1052309572696686e-05,0.00034942664206027985,0.0,0.0,0.0,0.0,0.0,0.015361227095127106,0.0,0.0,0.0,9.824056178331375e-06,-0.00028900615870952606,0.0,0.0,0.0,0.0,4.2786356061697006e-05,0.0,0.0,0.0,0.0,-4.2766332626342773e-05,0.0,0.0
0.0,0.0012340424582362175,0.0005272906273603439,0.0,0.0,0.00013713864609599113,-3.3474527299404144e-05,-0.00017909612506628036,-1.7637386918067932e-05,0.0,0.0,0.00010501407086849213,0.0,0.0,2.1423213183879852e-05,0.0,0.0,0.0,0.0,0.0,0.0,0.0,0.0,0.0,-0.0006526606157422066,0.0,9.525567293167114e-06,0.0,0.0002820538356900215,0.0,0.0,0.0,0.0,0.0,0.0,0.0,0.0,-8.665211498737335e-05,0.0,0.0,-5.1138922572135925e-05,0.00034935958683490753,0.0,0.0,0.0,0.0,0.0,0.01511896401643753,0.0,0.0,0.0,9.833835065364838e-06,-0.0002890080213546753,0.0,0.0,0.0,0.0,4.2726751416921616e-05,0.0,0.0,0.0,0.0,-4.2749568819999695e-05,0.0,0.0
0.0,0.0012337439693510532,0.0005270373076200485,0.0,0.0,0.00013729440979659557,-3.29033937305212e-05,-0.00017902161926031113,-1.7726793885231018e-05,0.0,0.0,0.00010505877435207367,0.0,0.0,2.1260231733322144e-05,0.0,0.0,0.0,0.0,0.0,0.0,0.0,0.0,0.0,-0.0006532175466418266,0.0,9.082257747650146e-06,0.0,0.000279952771961689,0.0,0.0,0.0,0.0,0.0,0.0,0.0,0.0,-8.570030331611633e-05,0.0,0.0,-5.119293928146362e-05,0.0003493223339319229,0.0,0.0,0.0,0.0,0.0,0.014899499714374542,0.0,0.0,0.0,9.83942300081253e-06,-0.0002890033647418022,0.0,0.0,0.0,0.0,4.2677391320466995e-05,0.0,0.0,0.0,0.0,-4.275515675544739e-05,0.0,0.0
0.0,0.001233512070029974,0.0005268976092338562,0.0,0.0,0.00013739755377173424,-3.251945599913597e-05,-0.00017897691577672958,-1.7764046788215637e-05,0.0,0.0,0.00010505877435207367,0.0,0.0,2.113543450832367e-05,0.0,0.0,0.0,0.0,0.0,0.0,0.0,0.0,0.0,-0.000653599388897419,0.0,8.704140782356262e-06,0.0,0.000278606079518795,0.0,0.0,0.0,0.0,0.0,0.0,0.0,0.0,-8.489750325679779e-05,0.0,0.0,-5.122926086187363e-05,0.0003493092954158783,0.0,0.0,0.0,0.0,0.0,0.014701016247272491,0.0,0.0,0.0,9.845476597547531e-06,-0.00028899870812892914,0.0,0.0,0.0,0.0,4.264572635293007e-05,0.0,0.0,0.0,0.0,-4.275701940059662e-05,0.0,0.0
0.0,0.0012333439663052559,0.0005268361419439316,0.0,0.0,0.00013745808973908424,-3.2268697395920753e-05,-0.00017895083874464035,-1.7775222659111023e-05,0.0,0.0,0.00010503828525543213,0.0,0.0,2.1045096218585968e-05,0.0,0.0,0.0,0.0,0.0,0.0,0.0,0.0,0.0,-0.0006538573652505875,0.0,8.400529623031616e-06,0.0,0.00027778279036283493,0.0,0.0,0.0,0.0,0.0,0.0,0.0,0.0,-8.42660665512085e-05,0.0,0.0,-5.1247887313365936e-05,0.0003492962568998337,0.0,0.0,0.0,0.0,0.0,0.014521248638629913,0.0,0.0,0.0,9.848736226558685e-06,-0.00028900057077407837,0.0,0.0,0.0,0.0,4.260661080479622e-05,0.0,0.0,0.0,0.0,-4.276446998119354e-05,0.0,0.0
0.0,0.001233221497386694,0.0005268100649118423,0.0,0.0,0.00013750256039202213,-3.20998951792717e-05,-0.00017893407493829727,-1.7775222659111023e-05,0.0,0.0,0.00010500289499759674,0.0,0.0,2.0979903638362885e-05,0.0,0.0,0.0,0.0,0.0,0.0,0.0,0.0,0.0,-0.0006540315225720406,0.0,8.158385753631592e-06,0.0,0.00027728546410799026,0.0,0.0,0.0,0.0,0.0,0.0,0.0,0.0,-8.382834494113922e-05,0.0,0.0,-5.12576662003994e-05,0.00034928880631923676,0.0,0.0,0.0,0.0,0.0,0.014357216656208038,0.0,0.0,0.0,9.856419637799263e-06,-0.0002889912575483322,0.0,0.0,0.0,0.0,4.258425906300545e-05,0.0,0.0,0.0,0.0,-4.276260733604431e-05,0.0,0.0
0.0,0.0012331390753388405,0.000526798889040947,0.0,0.0,0.0001375209540128708,-3.1992094591259956e-05,-0.00017891917377710342,-1.77677720785141e-05,0.0,0.0,0.00010497309267520905,0.0,0.0,2.0940788090229034e-05,0.0,0.0,0.0,0.0,0.0,0.0,0.0,0.0,0.0,-0.000654144212603569,0.0,7.983297109603882e-06,0.0,0.00027698837220668793,0.0,0.0,0.0,0.0,0.0,0.0,0.0,0.0,-8.353777229785919e-05,0.0,0.0,-5.1262788474559784e-05,0.00034928880631923676,0.0,0.0,0.0,0.0,0.0,0.014206625521183014,0.0,0.0,0.0,9.855721145868301e-06,-0.00028899358585476875,0.0,0.0,0.0,0.0,4.2561907321214676e-05,0.0,0.0,0.0,0.0,-4.2766332626342773e-05,0.0,0.0
0.0,0.001233082264661789,0.0005267970263957977,0.0,0.0,0.00013753422535955906,-3.1924573704600334e-05,-0.00017891358584165573,-1.7760321497917175e-05,0.0,0.0,0.00010494701564311981,0.0,0.0,2.091098576784134e-05,0.0,0.0,0.0,0.0,0.0,0.0,0.0,0.0,0.0,-0.0006542196497321129,0.0,7.852911949157715e-06,0.0,0.00027681421488523483,0.0,0.0,0.0,0.0,0.0,0.0,0.0,0.0,-8.33459198474884e-05,0.0,0.0,-5.1266513764858246e-05,0.0003492869436740875,0.0,0.0,0.0,0.0,0.0,0.014067210257053375,0.0,0.0,0.0,9.861774742603302e-06,-0.00028899405151605606,0.0,0.0,0.0,0.0,4.2543280869722366e-05,0.0,0.0,0.0,0.0,-4.2766332626342773e-05,0.0,0.0
0.0,0.0012330440804362297,0.0005268044769763947,0.0,0.0,0.0001375400461256504,-3.1880103051662445e-05,-0.00017890799790620804,-1.7756596207618713e-05,0.0,0.0,0.00010492093861103058,0.0,0.0,2.0901672542095184e-05,0.0,0.0,0.0,0.0,0.0,0.0,0.0,0.0,0.0,-0.0006542662158608437,0.0,7.759779691696167e-06,0.0,0.0002767164260149002,0.0,0.0,0.0,0.0,0.0,0.0,0.0,0.0,-8.323043584823608e-05,0.0,0.0,-5.126837641000748e-05,0.00034928880631923676,0.0,0.0,0.0,0.0,0.0,0.013937480747699738,0.0,0.0,0.0,9.865965694189072e-06,-0.0002889917232096195,0.0,0.0,0.0,0.0,4.252837970852852e-05,0.0,0.0,0.0,0.0,-4.276260733604431e-05,0.0,0.0
0.0,0.0012330194003880024,0.0005268100649118423,0.0,0.0,0.00013754284009337425,-3.18591482937336e-05,-0.0001789061352610588,-1.775287091732025e-05,0.0,0.0,0.00010490976274013519,0.0,0.0,2.0897015929222107e-05,0.0,0.0,0.0,0.0,0.0,0.0,0.0,0.0,0.0,-0.0006542988121509552,0.0,7.700175046920776e-06,0.0,0.0002766568213701248,0.0,0.0,0.0,0.0,0.0,0.0,0.0,0.0,-8.317269384860992e-05,0.0,0.0,-5.126837641000748e-05,0.00034928321838378906,0.0,0.0,0.0,0.0,0.0,0.013815142214298248,0.0,0.0,0.0,9.867595508694649e-06,-0.0002889949828386307,0.0,0.0,0.0,0.0,4.2512547224760056e-05,0.0,0.0,0.0,0.0,-4.276074469089508e-05,0.0,0.0
0.0,0.0012330040335655212,0.0005268100649118423,0.0,0.0,0.00013754097744822502,-3.184005618095398e-05,-0.00017890427261590958,-1.774914562702179e-05,0.0,0.0,0.00010489486157894135,0.0,0.0,2.0888634026050568e-05,0.0,0.0,0.0,0.0,0.0,0.0,0.0,0.0,0.0,-0.0006543183699250221,0.0,7.644295692443848e-06,0.0,0.00027662143111228943,0.0,0.0,0.0,0.0,0.0,0.0,0.0,0.0,-8.31354409456253e-05,0.0,0.0,-5.126837641000748e-05,0.0003492869436740875,0.0,0.0,0.0,0.0,0.0,0.013699688017368317,0.0,0.0,0.0,9.869225323200226e-06,-0.0002889917232096195,0.0,0.0,0.0,0.0,4.250789061188698e-05,0.0,0.0,0.0,0.0,-4.276260733604431e-05,0.0,0.0
0.0,0.001232994720339775,0.00052681565284729,0.0,0.0,0.00013754446990787983,-3.183330409228802e-05,-0.00017890147864818573,-1.7745420336723328e-05,0.0,0.0,0.00010488368570804596,0.0,0.0,2.0888634026050568e-05,0.0,0.0,0.0,0.0,0.0,0.0,0.0,0.0,0.0,-0.0006543314084410667,0.0,7.614493370056152e-06,0.0,0.0002765962854027748,0.0,0.0,0.0,0.0,0.0,0.0,0.0,0.0,-8.312053978443146e-05,0.0,0.0,-5.126558244228363e-05,0.0003492850810289383,0.0,0.0,0.0,0.0,0.0,0.013589538633823395,0.0,0.0,0.0,9.867828339338303e-06,-0.0002889917232096195,0.0,0.0,0.0,0.0,4.2500440031290054e-05,0.0,0.0,0.0,0.0,-4.276446998119354e-05,0.0,0.0
0.0,0.0012329905293881893,0.00052681565284729,0.0,0.0,0.00013755005784332752,-3.182399086654186e-05,-0.00017889682203531265,-1.774728298187256e-05,0.0,0.0,0.0001048799604177475,0.0,0.0,2.0888634026050568e-05,0.0,0.0,0.0,0.0,0.0,0.0,0.0,0.0,0.0,-0.0006543425843119621,0.0,7.594004273414612e-06,0.0,0.0002765897661447525,0.0,0.0,0.0,0.0,0.0,0.0,0.0,0.0,-8.311495184898376e-05,0.0,0.0,-5.126418545842171e-05,0.0003492850810289383,0.0,0.0,0.0,0.0,0.0,0.01348394900560379,0.0,0.0,0.0,9.868061169981956e-06,-0.00028899218887090683,0.0,0.0,0.0,0.0,4.249764606356621e-05,0.0,0.0,0.0,0.0,-4.2766332626342773e-05,0.0,0.0
0.0,0.0012329895980656147,0.0005268175154924393,0.0,0.0,0.00013754656538367271,-3.181979991495609e-05,-0.00017889682203531265,-1.7745420336723328e-05,0.0,0.0,0.00010487623512744904,0.0,0.0,2.0886771380901337e-05,0.0,0.0,0.0,0.0,0.0,0.0,0.0,0.0,0.0,-0.000654345378279686,0.0,7.580965757369995e-06,0.0,0.00027658138424158096,0.0,0.0,0.0,0.0,0.0,0.0,0.0,0.0,-8.310377597808838e-05,0.0,0.0,-5.126558244228363e-05,0.00034928135573863983,0.0,0.0,0.0,0.0,0.0,0.013381965458393097,0.0,0.0,0.0,9.869923815131187e-06,-0.00028899218887090683,0.0,0.0,0.0,0.0,4.2493920773267746e-05,0.0,0.0,0.0,0.0,-4.276260733604431e-05,0.0,0.0
0.0,0.0012329882010817528,0.0005268175154924393,0.0,0.0,0.00013754586689174175,-3.181956708431244e-05,-0.00017889495939016342,-1.7741695046424866e-05,0.0,0.0,0.00010487250983715057,0.0,0.0,2.0884908735752106e-05,0.0,0.0,0.0,0.0,0.0,0.0,0.0,0.0,0.0,-0.0006543509662151337,0.0,7.569789886474609e-06,0.0,0.0002765720710158348,0.0,0.0,0.0,0.0,0.0,0.0,0.0,0.0,-8.309818804264069e-05,0.0,0.0,-5.126558244228363e-05,0.0003492869436740875,0.0,0.0,0.0,0.0,0.0,0.013282544910907745,0.0,0.0,0.0,9.867362678050995e-06,-0.0002889912575483322,0.0,0.0,0.0,0.0,4.248833283782005e-05,0.0,0.0,0.0,0.0,-4.275515675544739e-05,0.0,0.0
0.0,0.0012329877354204655,0.00052681565284729,0.0,0.0,0.00013754493556916714,-3.18172387778759e-05,-0.00017889682203531265,-1.7745420336723328e-05,0.0,0.0,0.00010486878454685211,0.0,0.0,2.0884908735752106e-05,0.0,0.0,0.0,0.0,0.0,0.0,0.0,0.0,0.0,-0.000654350034892559,0.0,7.5642019510269165e-06,0.0,0.00027656927704811096,0.0,0.0,0.0,0.0,0.0,0.0,0.0,0.0,-8.309818804264069e-05,0.0,0.0,-5.126511678099632e-05,0.00034928135573863983,0.0,0.0,0.0,0.0,0.0,0.013185359537601471,0.0,0.0,0.0,9.867828339338303e-06,-0.0002889907918870449,0.0,0.0,0.0,0.0,4.248926416039467e-05,0.0,0.0,0.0,0.0,-4.275515675544739e-05,0.0,0.0
0.0,0.001232984010130167,0.0005268193781375885,0.0,0.0,0.00013754423707723618,-3.1821196898818016e-05,-0.00017889868468046188,-1.7745420336723328e-05,0.0,0.0,0.00010486878454685211,0.0,0.0,2.0886771380901337e-05,0.0,0.0,0.0,0.0,0.0,0.0,0.0,0.0,0.0,-0.0006543528288602829,0.0,7.556751370429993e-06,0.0,0.0002765655517578125,0.0,0.0,0.0,0.0,0.0,0.0,0.0,0.0,-8.310563862323761e-05,0.0,0.0,-5.12637197971344e-05,0.00034928135573863983,0.0,0.0,0.0,0.0,0.0,0.013089574873447418,0.0,0.0,0.0,9.870156645774841e-06,-0.000288989394903183,0.0,0.0,0.0,0.0,4.248740151524544e-05,0.0,0.0,0.0,0.0,-4.275515675544739e-05,0.0,0.0
0.0,0.0012329868040978909,0.0005268175154924393,0.0,0.0,0.00013754400424659252,-3.1814444810152054e-05,-0.00017889775335788727,-1.7745420336723328e-05,0.0,0.0,0.00010486319661140442,0.0,0.0,2.0886771380901337e-05,0.0,0.0,0.0,0.0,0.0,0.0,0.0,0.0,0.0,-0.0006543537601828575,0.0,7.554888725280762e-06,0.0,0.00027656368911266327,0.0,0.0,0.0,0.0,0.0,0.0,0.0,0.0,-8.310191333293915e-05,0.0,0.0,-5.1264651119709015e-05,0.0003492850810289383,0.0,0.0,0.0,0.0,0.0,0.012994952499866486,0.0,0.0,0.0,9.869923815131187e-06,-0.000288989394903183,0.0,0.0,0.0,0.0,4.248926416039467e-05,0.0,0.0,0.0,0.0,-4.275701940059662e-05,0.0,0.0
0.0,0.0012329868040978909,0.0005268175154924393,0.0,0.0,0.00013754353858530521,-3.1816307455301285e-05,-0.00017889495939016342,-1.7745420336723328e-05,0.0,0.0,0.00010486505925655365,0.0,0.0,2.0886771380901337e-05,0.0,0.0,0.0,0.0,0.0,0.0,0.0,0.0,0.0,-0.0006543528288602829,0.0,7.5511634349823e-06,0.0,0.0002765664830803871,0.0,0.0,0.0,0.0,0.0,0.0,0.0,0.0,-8.310750126838684e-05,0.0,0.0,-5.126325413584709e-05,0.00034928135573863983,0.0,0.0,0.0,0.0,0.0,0.012900806963443756,0.0,0.0,0.0,9.867828339338303e-06,-0.00028898846358060837,0.0,0.0,0.0,0.0,4.248833283782005e-05,0.0,0.0,0.0,0.0,-4.275888204574585e-05,0.0,0.0
0.0,0.0012329872697591782,0.0005268175154924393,0.0,0.0,0.00013754330575466156,-3.1813979148864746e-05,-0.00017889682203531265,-1.7745420336723328e-05,0.0,0.0,0.00010486319661140442,0.0,0.0,2.0888634026050568e-05,0.0,0.0,0.0,0.0,0.0,0.0,0.0,0.0,0.0,-0.0006543537601828575,0.0,7.553026080131531e-06,0.0,0.0002765608951449394,0.0,0.0,0.0,0.0,0.0,0.0,0.0,0.0,-8.309818804264069e-05,0.0,0.0,-5.1264651119709015e-05,0.00034928135573863983,0.0,0.0,0.0,0.0,0.0,0.012806810438632965,0.0,0.0,0.0,9.868759661912918e-06,-0.0002889917232096195,0.0,0.0,0.0,0.0,4.248740151524544e-05,0.0,0.0,0.0,0.0,-4.275888204574585e-05,0.0,0.0
0.0,0.0012329877354204655,0.0005268175154924393,0.0,0.0,0.00013754121027886868,-3.181607462465763e-05,-0.00017889682203531265,-1.7745420336723328e-05,0.0,0.0,0.00010486133396625519,0.0,0.0,2.0888634026050568e-05,0.0,0.0,0.0,0.0,0.0,0.0,0.0,0.0,0.0,-0.0006543556228280067,0.0,7.5511634349823e-06,0.0,0.0002765608951449394,0.0,0.0,0.0,0.0,0.0,0.0,0.0,0.0,-8.310563862323761e-05,0.0,0.0,-5.1264651119709015e-05,0.0003492850810289383,0.0,0.0,0.0,0.0,0.0,0.012712456285953522,0.0,0.0,0.0,9.867828339338303e-06,-0.00028899218887090683,0.0,0.0,0.0,0.0,4.248833283782005e-05,0.0,0.0,0.0,0.0,-4.276074469089508e-05,0.0,0.0
0.0,0.0012329863384366035,0.0005268193781375885,0.0,0.0,0.00013754167594015598,-3.18142119795084e-05,-0.00017889495939016342,-1.7745420336723328e-05,0.0,0.0,0.00010486505925655365,0.0,0.0,2.08904966711998e-05,0.0,0.0,0.0,0.0,0.0,0.0,0.0,0.0,0.0,-0.0006543537601828575,0.0,7.5511634349823e-06,0.0,0.00027656275779008865,0.0,0.0,0.0,0.0,0.0,0.0,0.0,0.0,-8.310191333293915e-05,0.0,0.0,-5.12637197971344e-05,0.00034928135573863983,0.0,0.0,0.0,0.0,0.0,0.01261768490076065,0.0,0.0,0.0,9.868759661912918e-06,-0.0002889912575483322,0.0,0.0,0.0,0.0,4.248553887009621e-05,0.0,0.0,0.0,0.0,-4.275888204574585e-05,0.0,0.0
0.0,0.0012329868040978909,0.0005268175154924393,0.0,0.0,0.00013754027895629406,-3.18172387778759e-05,-0.00017889589071273804,-1.7745420336723328e-05,0.0,0.0,0.00010486505925655365,0.0,0.0,2.0888634026050568e-05,0.0,0.0,0.0,0.0,0.0,0.0,0.0,0.0,0.0,-0.0006543537601828575,0.0,7.553026080131531e-06,0.0,0.00027656275779008865,0.0,0.0,0.0,0.0,0.0,0.0,0.0,0.0,-8.310563862323761e-05,0.0,0.0,-5.12637197971344e-05,0.0003492850810289383,0.0,0.0,0.0,0.0,0.0,0.012522079050540924,0.0,0.0,0.0,9.868526831269264e-06,-0.00028899358585476875,0.0,0.0,0.0,0.0,4.248647019267082e-05,0.0,0.0,0.0,0.0,-4.275888204574585e-05,0.0,0.0
0.0,0.0012329858727753162,0.0005268175154924393,0.0,0.0,0.0001375391148030758,-3.181886859238148e-05,-0.00017889775335788727,-1.7745420336723328e-05,0.0,0.0,0.00010486692190170288,0.0,0.0,2.0886771380901337e-05,0.0,0.0,0.0,0.0,0.0,0.0,0.0,0.0,0.0,-0.0006543537601828575,0.0,7.5511634349823e-06,0.0,0.0002765646204352379,0.0,0.0,0.0,0.0,0.0,0.0,0.0,0.0,-8.310563862323761e-05,0.0,0.0,-5.126558244228363e-05,0.00034928321838378906,0.0,0.0,0.0,0.0,0.0,0.01242528110742569,0.0,0.0,0.0,9.868526831269264e-06,-0.0002889912575483322,0.0,0.0,0.0,0.0,4.248740151524544e-05,0.0,0.0,0.0,0.0,-4.275888204574585e-05,0.0,0.0
0.0,0.0012329872697591782,0.0005268175154924393,0.0,0.0,0.00013753981329500675,-3.1817005947232246e-05,-0.00017889682203531265,-1.7745420336723328e-05,0.0,0.0,0.00010486692190170288,0.0,0.0,2.0884908735752106e-05,0.0,0.0,0.0,0.0,0.0,0.0,0.0,0.0,0.0,-0.0006543556228280067,0.0,7.549300789833069e-06,0.0,0.00027656182646751404,0.0,0.0,0.0,0.0,0.0,0.0,0.0,0.0,-8.310377597808838e-05,0.0,0.0,-5.126325413584709e-05,0.0003492850810289383,0.0,0.0,0.0,0.0,0.0,0.01232699304819107,0.0,0.0,0.0,9.86945815384388e-06,-0.00028899218887090683,0.0,0.0,0.0,0.0,4.248647019267082e-05,0.0,0.0,0.0,0.0,-4.275701940059662e-05,0.0,0.0
0.0,0.0012329863384366035,0.0005268175154924393,0.0,0.0,0.0001375400461256504,-3.181793726980686e-05,-0.00017889868468046188,-1.7745420336723328e-05,0.0,0.0,0.00010486692190170288,0.0,0.0,2.0886771380901337e-05,0.0,0.0,0.0,0.0,0.0,0.0,0.0,0.0,0.0,-0.0006543537601828575,0.0,7.547438144683838e-06,0.0,0.0002765646204352379,0.0,0.0,0.0,0.0,0.0,0.0,0.0,0.0,-8.310936391353607e-05,0.0,0.0,-5.12637197971344e-05,0.00034928135573863983,0.0,0.0,0.0,0.0,0.0,0.012227185070514679,0.0,0.0,0.0,9.86829400062561e-06,-0.0002889898605644703,0.0,0.0,0.0,0.0,4.248460754752159e-05,0.0,0.0,0.0,0.0,-4.275701940059662e-05,0.0,0.0
0.0,0.0012329877354204655,0.0005268175154924393,0.0,0.0,0.0001375421416014433,-3.1819334253668785e-05,-0.00017889682203531265,-1.7745420336723328e-05,0.0,0.0,0.00010486505925655365,0.0,0.0,2.0888634026050568e-05,0.0,0.0,0.0,0.0,0.0,0.0,0.0,0.0,0.0,-0.0006543556228280067,0.0,7.5511634349823e-06,0.0,0.00027656275779008865,0.0,0.0,0.0,0.0,0.0,0.0,0.0,0.0,-8.310191333293915e-05,0.0,0.0,-5.126418545842171e-05,0.00034928321838378906,0.0,0.0,0.0,0.0,0.0,0.012125708162784576,0.0,0.0,0.0,9.866198524832726e-06,-0.0002889912575483322,0.0,0.0,0.0,0.0,4.248553887009621e-05,0.0,0.0,0.0,0.0,-4.275701940059662e-05,0.0,0.0
0.0,0.0012329872697591782,0.0005268175154924393,0.0,0.0,0.00013754167594015598,-3.181607462465763e-05,-0.00017889682203531265,-1.7745420336723328e-05,0.0,0.0,0.00010486505925655365,0.0,0.0,2.0888634026050568e-05,0.0,0.0,0.0,0.0,0.0,0.0,0.0,0.0,0.0,-0.0006543537601828575,0.0,7.5511634349823e-06,0.0,0.00027656182646751404,0.0,0.0,0.0,0.0,0.0,0.0,0.0,0.0,-8.310563862323761e-05,0.0,0.0,-5.1264651119709015e-05,0.00034928135573863983,0.0,0.0,0.0,0.0,0.0,0.012021906673908234,0.0,0.0,0.0,9.867595508694649e-06,-0.0002889903262257576,0.0,0.0,0.0,0.0,4.248647019267082e-05,0.0,0.0,0.0,0.0,-4.275888204574585e-05,0.0,0.0
0.0,0.0012329872697591782,0.0005268212407827377,0.0,0.0,0.00013754330575466156,-3.1817005947232246e-05,-0.00017889775335788727,-1.7745420336723328e-05,0.0,0.0,0.00010486878454685211,0.0,0.0,2.0886771380901337e-05,0.0,0.0,0.0,0.0,0.0,0.0,0.0,0.0,0.0,-0.0006543537601828575,0.0,7.549300789833069e-06,0.0,0.00027656275779008865,0.0,0.0,0.0,0.0,0.0,0.0,0.0,0.0,-8.310750126838684e-05,0.0,0.0,-5.126511678099632e-05,0.00034928135573863983,0.0,0.0,0.0,0.0,0.0,0.01191604882478714,0.0,0.0,0.0,9.867828339338303e-06,-0.0002889907918870449,0.0,0.0,0.0,0.0,4.248740151524544e-05,0.0,0.0,0.0,0.0,-4.275515675544739e-05,0.0,0.0
0.0,0.0012329877354204655,0.0005268212407827377,0.0,0.0,0.00013754097744822502,-3.1817005947232246e-05,-0.00017889868468046188,-1.7745420336723328e-05,0.0,0.0,0.00010486505925655365,0.0,0.0,2.0889565348625183e-05,0.0,0.0,0.0,0.0,0.0,0.0,0.0,0.0,0.0,-0.0006543537601828575,0.0,7.5511634349823e-06,0.0,0.00027656368911266327,0.0,0.0,0.0,0.0,0.0,0.0,0.0,0.0,-8.310377597808838e-05,0.0,0.0,-5.126325413584709e-05,0.00034928321838378906,0.0,0.0,0.0,0.0,0.0,0.011807747185230255,0.0,0.0,0.0,9.86829400062561e-06,-0.0002889907918870449,0.0,0.0,0.0,0.0,4.248553887009621e-05,0.0,0.0,0.0,0.0,-4.275888204574585e-05,0.0,0.0
0.0,0.0012329872697591782,0.0005268212407827377,0.0,0.0,0.00013754284009337425,-3.1817471608519554e-05,-0.00017889775335788727,-1.7745420336723328e-05,0.0,0.0,0.00010486505925655365,0.0,0.0,2.0886771380901337e-05,0.0,0.0,0.0,0.0,0.0,0.0,0.0,0.0,0.0,-0.0006543537601828575,0.0,7.547438144683838e-06,0.0,0.0002765599638223648,0.0,0.0,0.0,0.0,0.0,0.0,0.0,0.0,-8.310563862323761e-05,0.0,0.0,-5.12637197971344e-05,0.0003492850810289383,0.0,0.0,0.0,0.0,0.0,0.01169673353433609,0.0,0.0,0.0,9.867129847407341e-06,-0.0002889903262257576,0.0,0.0,0.0,0.0,4.248647019267082e-05,0.0,0.0,0.0,0.0,-4.275888204574585e-05,0.0,0.0
0.0,0.001232985407114029,0.0005268175154924393,0.0,0.0,0.00013754190877079964,-3.181607462465763e-05,-0.00017889775335788727,-1.7745420336723328e-05,0.0,0.0,0.00010486692190170288,0.0,0.0,2.0886771380901337e-05,0.0,0.0,0.0,0.0,0.0,0.0,0.0,0.0,0.0,-0.0006543528288602829,0.0,7.5511634349823e-06,0.0,0.00027656182646751404,0.0,0.0,0.0,0.0,0.0,0.0,0.0,0.0,-8.310563862323761e-05,0.0,0.0,-5.126558244228363e-05,0.00034928321838378906,0.0,0.0,0.0,0.0,0.0,0.011583305895328522,0.0,0.0,0.0,9.86945815384388e-06,-0.0002889907918870449,0.0,0.0,0.0,0.0,4.248553887009621e-05,0.0,0.0,0.0,0.0,-4.275888204574585e-05,0.0,0.0
0.0,0.001232985407114029,0.0005268175154924393,0.0,0.0,0.00013754027895629406,-3.181654028594494e-05,-0.00017889868468046188,-1.7745420336723328e-05,0.0,0.0,0.00010486505925655365,0.0,0.0,2.0888634026050568e-05,0.0,0.0,0.0,0.0,0.0,0.0,0.0,0.0,0.0,-0.0006543537601828575,0.0,7.5511634349823e-06,0.0,0.00027656182646751404,0.0,0.0,0.0,0.0,0.0,0.0,0.0,0.0,-8.310377597808838e-05,0.0,0.0,-5.1262788474559784e-05,0.00034928135573863983,0.0,0.0,0.0,0.0,0.0,0.011466480791568756,0.0,0.0,0.0,9.867828339338303e-06,-0.0002889912575483322,0.0,0.0,0.0,0.0,4.248647019267082e-05,0.0,0.0,0.0,0.0,-4.275515675544739e-05,0.0,0.0
0.0,0.001232985407114029,0.0005268193781375885,0.0,0.0,0.00013754144310951233,-3.181537613272667e-05,-0.00017889868468046188,-1.774728298187256e-05,0.0,0.0,0.00010486505925655365,0.0,0.0,2.0886771380901337e-05,0.0,0.0,0.0,0.0,0.0,0.0,0.0,0.0,0.0,-0.0006543537601828575,0.0,7.5511634349823e-06,0.0,0.0002765608951449394,0.0,0.0,0.0,0.0,0.0,0.0,0.0,0.0,-8.310377597808838e-05,0.0,0.0,-5.1264651119709015e-05,0.0003492850810289383,0.0,0.0,0.0,0.0,0.0,0.011347182095050812,0.0,0.0,0.0,9.867362678050995e-06,-0.00028899265453219414,0.0,0.0,0.0,0.0,4.248740151524544e-05,0.0,0.0,0.0,0.0,-4.275888204574585e-05,0.0,0.0
0.0,0.0012329849414527416,0.0005268175154924393,0.0,0.0,0.00013754190877079964,-3.181537613272667e-05,-0.00017889868468046188,-1.774728298187256e-05,0.0,0.0,0.00010486692190170288,0.0,0.0,2.0884908735752106e-05,0.0,0.0,0.0,0.0,0.0,0.0,0.0,0.0,0.0,-0.0006543528288602829,0.0,7.553026080131531e-06,0.0,0.0002765590324997902,0.0,0.0,0.0,0.0,0.0,0.0,0.0,0.0,-8.310191333293915e-05,0.0,0.0,-5.126325413584709e-05,0.0003492850810289383,0.0,0.0,0.0,0.0,0.0,0.011224515736103058,0.0,0.0,0.0,9.868759661912918e-06,-0.0002889907918870449,0.0,0.0,0.0,0.0,4.248460754752159e-05,0.0,0.0,0.0,0.0,-4.275888204574585e-05,0.0,0.0
0.0,0.001232985407114029,0.0005268175154924393,0.0,0.0,0.0001375426072627306,-3.181770443916321e-05,-0.00017889775335788727,-1.7745420336723328e-05,0.0,0.0,0.00010486692190170288,0.0,0.0,2.0886771380901337e-05,0.0,0.0,0.0,0.0,0.0,0.0,0.0,0.0,0.0,-0.0006543528288602829,0.0,7.5511634349823e-06,0.0,0.0002765646204352379,0.0,0.0,0.0,0.0,0.0,0.0,0.0,0.0,-8.310563862323761e-05,0.0,0.0,-5.126511678099632e-05,0.00034928321838378906,0.0,0.0,0.0,0.0,0.0,0.011098630726337433,0.0,0.0,0.0,9.868992492556572e-06,-0.0002889907918870449,0.0,0.0,0.0,0.0,4.248553887009621e-05,0.0,0.0,0.0,0.0,-4.276074469089508e-05,0.0,0.0
0.0,0.0012329863384366035,0.0005268175154924393,0.0,0.0,0.0001375421416014433,-3.181654028594494e-05,-0.00017889868468046188,-1.7745420336723328e-05,0.0,0.0,0.00010486505925655365,0.0,0.0,2.0886771380901337e-05,0.0,0.0,0.0,0.0,0.0,0.0,0.0,0.0,0.0,-0.0006543537601828575,0.0,7.549300789833069e-06,0.0,0.00027656368911266327,0.0,0.0,0.0,0.0,0.0,0.0,0.0,0.0,-8.310005068778992e-05,0.0,0.0,-5.12637197971344e-05,0.0003492850810289383,0.0,0.0,0.0,0.0,0.0,0.010969676077365875,0.0,0.0,0.0,9.867129847407341e-06,-0.0002889898605644703,0.0,0.0,0.0,0.0,4.248647019267082e-05,0.0,0.0,0.0,0.0,-4.275888204574585e-05,0.0,0.0
0.0,0.0012329863384366035,0.0005268175154924393,0.0,0.0,0.00013754284009337425,-3.18142119795084e-05,-0.00017889682203531265,-1.7745420336723328e-05,0.0,0.0,0.00010486505925655365,0.0,0.0,2.0888634026050568e-05,0.0,0.0,0.0,0.0,0.0,0.0,0.0,0.0,0.0,-0.0006543546915054321,0.0,7.5511634349823e-06,0.0,0.0002765590324997902,0.0,0.0,0.0,0.0,0.0,0.0,0.0,0.0,-8.310191333293915e-05,0.0,0.0,-5.126511678099632e-05,0.0003492850810289383,0.0,0.0,0.0,0.0,0.0,0.010837025940418243,0.0,0.0,0.0,9.86643135547638e-06,-0.0002889903262257576,0.0,0.0,0.0,0.0,4.248553887009621e-05,0.0,0.0,0.0,0.0,-4.276260733604431e-05,0.0,0.0
0.0,0.0012329868040978909,0.0005268193781375885,0.0,0.0,0.00013754377141594887,-3.181560896337032e-05,-0.00017889589071273804,-1.7745420336723328e-05,0.0,0.0,0.00010486692190170288,0.0,0.0,2.0884908735752106e-05,0.0,0.0,0.0,0.0,0.0,0.0,0.0,0.0,0.0,-0.0006543556228280067,0.0,7.549300789833069e-06,0.0,0.0002765608951449394,0.0,0.0,0.0,0.0,0.0,0.0,0.0,0.0,-8.310563862323761e-05,0.0,0.0,-5.126511678099632e-05,0.00034928321838378906,0.0,0.0,0.0,0.0,0.0,0.010700888931751251,0.0,0.0,0.0,9.867129847407341e-06,-0.0002889889292418957,0.0,0.0,0.0,0.0,4.248740151524544e-05,0.0,0.0,0.0,0.0,-4.276260733604431e-05,0.0,0.0
0.0,0.0012329863384366035,0.0005268175154924393,0.0,0.0,0.00013754051178693771,-3.18172387778759e-05,-0.00017889682203531265,-1.7745420336723328e-05,0.0,0.0,0.00010486505925655365,0.0,0.0,2.0886771380901337e-05,0.0,0.0,0.0,0.0,0.0,0.0,0.0,0.0,0.0,-0.0006543546915054321,0.0,7.554888725280762e-06,0.0,0.00027656275779008865,0.0,0.0,0.0,0.0,0.0,0.0,0.0,0.0,-8.310563862323761e-05,0.0,0.0,-5.12637197971344e-05,0.00034928135573863983,0.0,0.0,0.0,0.0,0.0,0.010561354458332062,0.0,0.0,0.0,9.865732863545418e-06,-0.0002889912575483322,0.0,0.0,0.0,0.0,4.248740151524544e-05,0.0,0.0,0.0,0.0,-4.275888204574585e-05,0.0,0.0
0.0,0.0012329849414527416,0.0005268193781375885,0.0,0.0,0.00013753864914178848,-3.181910142302513e-05,-0.00017889682203531265,-1.7745420336723328e-05,0.0,0.0,0.00010485947132110596,0.0,0.0,2.0886771380901337e-05,0.0,0.0,0.0,0.0,0.0,0.0,0.0,0.0,0.0,-0.0006543556228280067,0.0,7.5511634349823e-06,0.0,0.00027656275779008865,0.0,0.0,0.0,0.0,0.0,0.0,0.0,0.0,-8.310191333293915e-05,0.0,0.0,-5.126325413584709e-05,0.0003492850810289383,0.0,0.0,0.0,0.0,0.0,0.01041809469461441,0.0,0.0,0.0,9.868061169981956e-06,-0.0002889898605644703,0.0,0.0,0.0,0.0,4.248460754752159e-05,0.0,0.0,0.0,0.0,-4.275515675544739e-05,0.0,0.0
0.0,0.0012329858727753162,0.0005268212407827377,0.0,0.0,0.00013754237443208694,-3.1813979148864746e-05,-0.00017889775335788727,-1.7745420336723328e-05,0.0,0.0,0.00010486319661140442,0.0,0.0,2.0886771380901337e-05,0.0,0.0,0.0,0.0,0.0,0.0,0.0,0.0,0.0,-0.0006543537601828575,0.0,7.547438144683838e-06,0.0,0.00027656275779008865,0.0,0.0,0.0,0.0,0.0,0.0,0.0,0.0,-8.310191333293915e-05,0.0,0.0,-5.126511678099632e-05,0.0003492850810289383,0.0,0.0,0.0,0.0,0.0,0.010271348059177399,0.0,0.0,0.0,9.870156645774841e-06,-0.0002889898605644703,0.0,0.0,0.0,0.0,4.248553887009621e-05,0.0,0.0,0.0,0.0,-4.275515675544739e-05,0.0,0.0
0.0,0.001232985407114029,0.0005268175154924393,0.0,0.0,0.00013754121027886868,-3.1816307455301285e-05,-0.00017889589071273804,-1.7745420336723328e-05,0.0,0.0,0.00010486319661140442,0.0,0.0,2.0884908735752106e-05,0.0,0.0,0.0,0.0,0.0,0.0,0.0,0.0,0.0,-0.0006543546915054321,0.0,7.547438144683838e-06,0.0,0.00027656182646751404,0.0,0.0,0.0,0.0,0.0,0.0,0.0,0.0,-8.310377597808838e-05,0.0,0.0,-5.126558244228363e-05,0.00034928321838378906,0.0,0.0,0.0,0.0,0.0,0.010120995342731476,0.0,0.0,0.0,9.869690984487534e-06,-0.0002889912575483322,0.0,0.0,0.0,0.0,4.248553887009621e-05,0.0,0.0,0.0,0.0,-4.275515675544739e-05,0.0,0.0
0.0,0.0012329849414527416,0.0005268175154924393,0.0,0.0,0.00013754330575466156,-3.1817005947232246e-05,-0.00017889868468046188,-1.7745420336723328e-05,0.0,0.0,0.00010486133396625519,0.0,0.0,2.0886771380901337e-05,0.0,0.0,0.0,0.0,0.0,0.0,0.0,0.0,0.0,-0.0006543537601828575,0.0,7.553026080131531e-06,0.0,0.00027656275779008865,0.0,0.0,0.0,0.0,0.0,0.0,0.0,0.0,-8.310563862323761e-05,0.0,0.0,-5.1264651119709015e-05,0.0003492850810289383,0.0,0.0,0.0,0.0,0.0,0.009967006742954254,0.0,0.0,0.0,9.868992492556572e-06,-0.0002889912575483322,0.0,0.0,0.0,0.0,4.248460754752159e-05,0.0,0.0,0.0,0.0,-4.2743980884552e-05,0.0,0.0
0.0,0.0012329872697591782,0.0005268175154924393,0.0,0.0,0.00013754121027886868,-3.18142119795084e-05,-0.00017889868468046188,-1.7745420336723328e-05,0.0,0.0,0.00010486319661140442,0.0,0.0,2.0887702703475952e-05,0.0,0.0,0.0,0.0,0.0,0.0,0.0,0.0,0.0,-0.0006543537601828575,0.0,7.549300789833069e-06,0.0,0.0002765599638223648,0.0,0.0,0.0,0.0,0.0,0.0,0.0,0.0,-8.310563862323761e-05,0.0,0.0,-5.12637197971344e-05,0.00034928135573863983,0.0,0.0,0.0,0.0,0.0,0.00980929285287857,0.0,0.0,0.0,9.870156645774841e-06,-0.0002889917232096195,0.0,0.0,0.0,0.0,4.248740151524544e-05,0.0,0.0,0.0,0.0,-4.2749568819999695e-05,0.0,0.0
0.0,0.0012329863384366035,0.0005268175154924393,0.0,0.0,0.00013754190877079964,-3.1811418011784554e-05,-0.00017890054732561111,-1.7745420336723328e-05,0.0,0.0,0.00010486319661140442,0.0,0.0,2.0886771380901337e-05,0.0,0.0,0.0,0.0,0.0,0.0,0.0,0.0,0.0,-0.0006543556228280067,0.0,7.547438144683838e-06,0.0,0.0002765599638223648,0.0,0.0,0.0,0.0,0.0,0.0,0.0,0.0,-8.310377597808838e-05,0.0,0.0,-5.1264651119709015e-05,0.00034928135573863983,0.0,0.0,0.0,0.0,0.0,0.009648509323596954,0.0,0.0,0.0,9.87364910542965e-06,-0.00028899218887090683,0.0,0.0,0.0,0.0,4.2481813579797745e-05,0.0,0.0,0.0,0.0,-4.2743980884552e-05,0.0,0.0
0.0,0.0012329872697591782,0.0005268175154924393,0.0,0.0,0.00013754400424659252,-3.1815143302083015e-05,-0.00017890054732561111,-1.774914562702179e-05,0.0,0.0,0.00010486133396625519,0.0,0.0,2.0886771380901337e-05,0.0,0.0,0.0,0.0,0.0,0.0,0.0,0.0,0.0,-0.0006543518975377083,0.0,7.547438144683838e-06,0.0,0.00027656368911266327,0.0,0.0,0.0,0.0,0.0,0.0,0.0,0.0,-8.310377597808838e-05,0.0,0.0,-5.1264651119709015e-05,0.00034928135573863983,0.0,0.0,0.0,0.0,0.0,0.0094839408993721,0.0,0.0,0.0,9.873183444142342e-06,-0.00028899218887090683,0.0,0.0,0.0,0.0,4.248553887009621e-05,0.0,0.0,0.0,0.0,-4.2732805013656616e-05,0.0,0.0
0.0,0.0012329844757914543,0.0005268193781375885,0.0,0.0,0.00013754540123045444,-3.181537613272667e-05,-0.00017889868468046188,-1.7745420336723328e-05,0.0,0.0,0.00010486133396625519,0.0,0.0,2.0887702703475952e-05,0.0,0.0,0.0,0.0,0.0,0.0,0.0,0.0,0.0,-0.000654350034892559,0.0,7.547438144683838e-06,0.0,0.0002765646204352379,0.0,0.0,0.0,0.0,0.0,0.0,0.0,0.0,-8.310191333293915e-05,0.0,0.0,-5.12637197971344e-05,0.00034928135573863983,0.0,0.0,0.0,0.0,0.0,0.009316034615039825,0.0,0.0,0.0,9.875744581222534e-06,-0.0002889903262257576,0.0,0.0,0.0,0.0,4.2483676224946976e-05,0.0,0.0,0.0,0.0,-4.2719766497612e-05,0.0,0.0
0.0,0.0012329835444688797,0.0005268175154924393,0.0,0.0,0.0001375391148030758,-3.182212822139263e-05,-0.00017890054732561111,-1.774914562702179e-05,0.0,0.0,0.00010485388338565826,0.0,0.0,2.0886771380901337e-05,0.0,0.0,0.0,0.0,0.0,0.0,0.0,0.0,0.0,-0.0006543481722474098,0.0,7.545575499534607e-06,0.0,0.00027656275779008865,0.0,0.0,0.0,0.0,0.0,0.0,0.0,0.0,-8.310191333293915e-05,0.0,0.0,-5.1262788474559784e-05,0.00034928135573863983,0.0,0.0,0.0,0.0,0.0,0.009145446121692657,0.0,0.0,0.0,9.883427992463112e-06,-0.000288989394903183,0.0,0.0,0.0,0.0,4.248553887009621e-05,0.0,0.0,0.0,0.0,-4.2712315917015076e-05,0.0,0.0
0.0,0.0012329872697591782,0.0005268137902021408,0.0,0.0,0.00013753329403698444,-3.1821196898818016e-05,-0.0001788996160030365,-1.775100827217102e-05,0.0,0.0,0.00010485202074050903,0.0,0.0,2.088584005832672e-05,0.0,0.0,0.0,0.0,0.0,0.0,0.0,0.0,0.0,-0.0006543425843119621,0.0,7.545575499534607e-06,0.0,0.00027656368911266327,0.0,0.0,0.0,0.0,0.0,0.0,0.0,0.0,-8.310191333293915e-05,0.0,0.0,-5.1264651119709015e-05,0.00034927763044834137,0.0,0.0,0.0,0.0,0.0,0.008971281349658966,0.0,0.0,0.0,9.889248758554459e-06,-0.000288989394903183,0.0,0.0,0.0,0.0,4.2483676224946976e-05,0.0,0.0,0.0,0.0,-4.268810153007507e-05,0.0,0.0
0.0,0.0012329858727753162,0.0005268175154924393,0.0,0.0,0.00013752910308539867,-3.183027729392052e-05,-0.00017890240997076035,-1.775287091732025e-05,0.0,0.0,0.0001048501580953598,0.0,0.0,2.0883046090602875e-05,0.0,0.0,0.0,0.0,0.0,0.0,0.0,0.0,0.0,-0.0006543351337313652,0.0,7.547438144683838e-06,0.0,0.00027656275779008865,0.0,0.0,0.0,0.0,0.0,0.0,0.0,0.0,-8.309818804264069e-05,0.0,0.0,-5.12637197971344e-05,0.00034927576780319214,0.0,0.0,0.0,0.0,0.0,0.008794941008090973,0.0,0.0,0.0,9.899027645587921e-06,-0.0002889889292418957,0.0,0.0,0.0,0.0,4.24790196120739e-05,0.0,0.0,0.0,0.0,-4.2652711272239685e-05,0.0,0.0
0.0,0.0012329835444688797,0.00052681565284729,0.0,0.0,0.00013752561062574387,-3.184191882610321e-05,-0.00017890240997076035,-1.7756596207618713e-05,0.0,0.0,0.00010483525693416595,0.0,0.0,2.0886771380901337e-05,0.0,0.0,0.0,0.0,0.0,0.0,0.0,0.0,0.0,-0.0006543239578604698,0.0,7.547438144683838e-06,0.0,0.0002765581011772156,0.0,0.0,0.0,0.0,0.0,0.0,0.0,0.0,-8.310191333293915e-05,0.0,0.0,-5.126558244228363e-05,0.00034927017986774445,0.0,0.0,0.0,0.0,0.0,0.0086158886551857,0.0,0.0,0.0,9.919051080942154e-06,-0.0002889898605644703,0.0,0.0,0.0,0.0,4.248088225722313e-05,0.0,0.0,0.0,0.0,-4.2613595724105835e-05,0.0,0.0
0.0,0.0012329807505011559,0.0005268100649118423,0.0,0.0,0.0001375123392790556,-3.186310641467571e-05,-0.00017890054732561111,-1.7758458852767944e-05,0.0,0.0,0.00010481476783752441,0.0,0.0,2.0886771380901337e-05,0.0,0.0,0.0,0.0,0.0,0.0,0.0,0.0,0.0,-0.0006543081253767014,0.0,7.545575499534607e-06,0.0,0.0002765581011772156,0.0,0.0,0.0,0.0,0.0,0.0,0.0,0.0,-8.310005068778992e-05,0.0,0.0,-5.127163603901863e-05,0.0003492627292871475,0.0,0.0,0.0,0.0,0.0,0.008434362709522247,0.0,0.0,0.0,9.95071604847908e-06,-0.000288983341306448,0.0,0.0,0.0,0.0,4.247436299920082e-05,0.0,0.0,0.0,0.0,-4.254281520843506e-05,0.0,0.0
0.0,0.0012329742312431335,0.0005268026143312454,0.0,0.0,0.00013749231584370136,-3.190129064023495e-05,-0.00017890427261590958,-1.77677720785141e-05,0.0,0.0,0.00010479055345058441,0.0,0.0,2.08904966711998e-05,0.0,0.0,0.0,0.0,0.0,0.0,0.0,0.0,0.0,-0.0006542829796671867,0.0,7.539987564086914e-06,0.0,0.0002765534445643425,0.0,0.0,0.0,0.0,0.0,0.0,0.0,0.0,-8.310563862323761e-05,0.0,0.0,-5.12818805873394e-05,0.00034925341606140137,0.0,0.0,0.0,0.0,0.0,0.008250720798969269,0.0,0.0,0.0,1.0001473128795624e-05,-0.000288977287709713,0.0,0.0,0.0,0.0,4.247063770890236e-05,0.0,0.0,0.0,0.0,-4.244223237037659e-05,0.0,0.0
0.0,0.0012329565361142159,0.0005267895758152008,0.0,0.0,0.00013745948672294617,-3.1965551897883415e-05,-0.00017890986055135727,-1.777149736881256e-05,0.0,0.0,0.0001047421246767044,0.0,0.0,2.0886771380901337e-05,0.0,0.0,0.0,0.0,0.0,0.0,0.0,0.0,0.0,-0.0006542438641190529,0.0,7.5511634349823e-06,0.0,0.0002765469253063202,0.0,0.0,0.0,0.0,0.0,0.0,0.0,0.0,-8.310563862323761e-05,0.0,0.0,-5.1303766667842865e-05,0.00034922920167446136,0.0,0.0,0.0,0.0,0.0,0.008065588772296906,0.0,0.0,0.0,1.0082963854074478e-05,-0.0002889656461775303,0.0,0.0,0.0,0.0,4.245201125741005e-05,0.0,0.0,0.0,0.0,-4.2300671339035034e-05,0.0,0.0
0.0,0.0012329351156949997,0.0005267728120088577,0.0,0.0,0.00013740104623138905,-3.206823021173477e-05,-0.00017891637980937958,-1.7778947949409485e-05,0.0,0.0,0.00010468252003192902,0.0,0.0,2.0884908735752106e-05,0.0,0.0,0.0,0.0,0.0,0.0,0.0,0.0,0.0,-0.0006541889160871506,0.0,7.560476660728455e-06,0.0,0.00027653947472572327,0.0,0.0,0.0,0.0,0.0,0.0,0.0,0.0,-8.31112265586853e-05,0.0,0.0,-5.134847015142441e-05,0.0003491956740617752,0.0,0.0,0.0,0.0,0.0,0.007878072559833527,0.0,0.0,0.0,1.0216841474175453e-05,-0.00028895027935504913,0.0,0.0,0.0,0.0,4.2430590838193893e-05,0.0,0.0,0.0,0.0,-4.210323095321655e-05,0.0,0.0
0.0,0.0012328997254371643,0.0005267355591058731,0.0,0.0,0.00013731489889323711,-3.222934901714325e-05,-0.00017893221229314804,-1.7782673239707947e-05,0.0,0.0,0.00010458193719387054,0.0,0.0,2.088397741317749e-05,0.0,0.0,0.0,0.0,0.0,0.0,0.0,0.0,0.0,-0.0006541116163134575,0.0,7.586553692817688e-06,0.0,0.0002765245735645294,0.0,0.0,0.0,0.0,0.0,0.0,0.0,0.0,-8.315034210681915e-05,0.0,0.0,-5.142390727996826e-05,0.00034914351999759674,0.0,0.0,0.0,0.0,0.0,0.007689513266086578,0.0,0.0,0.0,1.0426389053463936e-05,-0.00028892001137137413,0.0,0.0,0.0,0.0,4.238588735461235e-05,0.0,0.0,0.0,0.0,-4.1816383600234985e-05,0.0,0.0
0.0,0.0012328498996794224,0.0005266759544610977,0.0,0.0,0.00013717380352318287,-3.2497337087988853e-05,-0.00017895828932523727,-1.7782673239707947e-05,0.0,0.0,0.00010443665087223053,0.0,0.0,2.0883046090602875e-05,0.0,0.0,0.0,0.0,0.0,0.0,0.0,0.0,0.0,-0.0006540091708302498,0.0,7.651746273040771e-06,0.0,0.0002765040844678879,0.0,0.0,0.0,0.0,0.0,0.0,0.0,0.0,-8.322857320308685e-05,0.0,0.0,-5.155801773071289e-05,0.0003490634262561798,0.0,0.0,0.0,0.0,0.0,0.007498152554035187,0.0,0.0,0.0,1.0761898010969162e-05,-0.00028886646032333374,0.0,0.0,0.0,0.0,4.231603816151619e-05,0.0,0.0,0.0,0.0,-4.139915108680725e-05,0.0,0.0
0.0,0.001232803799211979,0.0005265753716230392,0.0,0.0,0.0001369686797261238,-3.291107714176178e-05,-0.00017901044338941574,-1.7775222659111023e-05,0.0,0.0,0.00010421313345432281,0.0,0.0,2.0876526832580566e-05,0.0,0.0,0.0,0.0,0.0,0.0,0.0,0.0,0.0,-0.0006538769230246544,0.0,7.769092917442322e-06,0.0,0.0002764808014035225,0.0,0.0,0.0,0.0,0.0,0.0,0.0,0.0,-8.339062333106995e-05,0.0,0.0,-5.1789917051792145e-05,0.0003489293158054352,0.0,0.0,0.0,0.0,0.0,0.007304973900318146,0.0,0.0,0.0,1.1279713362455368e-05,-0.0002887723967432976,0.0,0.0,0.0,0.0,4.21903096139431e-05,0.0,0.0,0.0,0.0,-4.080682992935181e-05,0.0,0.0
0.0,0.0012327725999057293,0.0005264095962047577,0.0,0.0,0.00013664644211530685,-3.353506326675415e-05,-0.00017910916358232498,-1.774728298187256e-05,0.0,0.0,0.00010387040674686432,0.0,0.0,2.085510641336441e-05,0.0,0.0,0.0,0.0,0.0,0.0,0.0,0.0,0.0,-0.0006537223234772682,0.0,7.987022399902344e-06,0.0,0.0002764621749520302,0.0,0.0,0.0,0.0,0.0,0.0,0.0,0.0,-8.366629481315613e-05,0.0,0.0,-5.21661713719368e-05,0.00034873560070991516,0.0,0.0,0.0,0.0,0.0,0.007106997072696686,0.0,0.0,0.0,1.2083910405635834e-05,-0.0002885991707444191,0.0,0.0,0.0,0.0,4.198448732495308e-05,0.0,0.0,0.0,0.0,-3.994256258010864e-05,0.0,0.0
0.0,0.0012328317388892174,0.0005261246114969254,0.0,0.0,0.00013618194498121738,-3.446894697844982e-05,-0.0001792963594198227,-1.7680227756500244e-05,0.0,0.0,0.00010334700345993042,0.0,0.0,2.0808540284633636e-05,0.0,0.0,0.0,0.0,0.0,0.0,0.0,0.0,0.0,-0.0006535686552524567,0.0,8.339062333106995e-06,0.0,0.0002764500677585602,0.0,0.0,0.0,0.0,0.0,0.0,0.0,0.0,-8.407048881053925e-05,0.0,0.0,-5.276454612612724e-05,0.00034843944013118744,0.0,0.0,0.0,0.0,0.0,0.006905354559421539,0.0,0.0,0.0,1.3301614671945572e-05,-0.00028828345239162445,0.0,0.0,0.0,0.0,4.163803532719612e-05,0.0,0.0,0.0,0.0,-3.869831562042236e-05,0.0,0.0
0.0,0.0012330934405326843,0.0005256477743387222,0.0,0.0,0.0001355151180177927,-3.585638478398323e-05,-0.00017965678125619888,-1.755543053150177e-05,0.0,0.0,0.00010257028043270111,0.0,0.0,2.073589712381363e-05,0.0,0.0,0.0,0.0,0.0,0.0,0.0,0.0,0.0,-0.0006534839048981667,0.0,8.87364149093628e-06,0.0,0.0002764873206615448,0.0,0.0,0.0,0.0,0.0,0.0,0.0,0.0,-8.457712829113007e-05,0.0,0.0,-5.3678639233112335e-05,0.0003480147570371628,0.0,0.0,0.0,0.0,0.0,0.0066933706402778625,0.0,0.0,0.0,1.5122350305318832e-05,-0.00028773630037903786,0.0,0.0,0.0,0.0,4.1064340621232986e-05,0.0,0.0,0.0,0.0,-3.692321479320526e-05,0.0,0.0
0.0,0.0012337672524154186,0.0005248431116342545,0.0,0.0,0.000134557718411088,-3.78552358597517e-05,-0.00018030870705842972,-1.7346814274787903e-05,0.0,0.0,0.00010143406689167023,0.0,0.0,2.0604580640792847e-05,0.0,0.0,0.0,0.0,0.0,0.0,0.0,0.0,0.0,-0.0006535956636071205,0.0,9.622424840927124e-06,0.0,0.0002766186371445656,0.0,0.0,0.0,0.0,0.0,0.0,0.0,0.0,-8.500181138515472e-05,0.0,0.0,-5.5002979934215546e-05,0.0003474187105894089,0.0,0.0,0.0,0.0,0.0,0.006472058594226837,0.0,0.0,0.0,1.7766375094652176e-05,-0.00028679240494966507,0.0,0.0,0.0,0.0,4.0098559111356735e-05,0.0,0.0,0.0,0.0,-3.4362077713012695e-05,0.0,0.0
0.0,0.0012351758778095245,0.0005234982818365097,0.0,0.0,0.00013319402933120728,-4.06680628657341e-05,-0.00018144585192203522,-1.7033889889717102e-05,0.0,0.0,9.978748857975006e-05,0.0,0.0,2.03792005777359e-05,0.0,0.0,0.0,0.0,0.0,0.0,0.0,0.0,0.0,-0.0006541935727000237,0.0,1.0544434189796448e-05,0.0,0.0002769501879811287,0.0,0.0,0.0,0.0,0.0,0.0,0.0,0.0,-8.502230048179626e-05,0.0,0.0,-5.682511255145073e-05,0.00034662894904613495,0.0,0.0,0.0,0.0,0.0,0.006227172911167145,0.0,0.0,0.0,2.149352803826332e-05,-0.00028522126376628876,0.0,0.0,0.0,0.0,3.849109634757042e-05,0.0,0.0,0.0,0.0,-3.070756793022156e-05,0.0,0.0
0.0,0.001237756572663784,0.0005212705582380295,0.0,0.0,0.00013118493370711803,-4.454213194549084e-05,-0.00018336810171604156,-1.6627833247184753e-05,0.0,0.0,9.746849536895752e-05,0.0,0.0,2.001877874135971e-05,0.0,0.0,0.0,0.0,0.0,0.0,0.0,0.0,0.0,-0.0006557824090123177,0.0,1.1453405022621155e-05,0.0,0.00027769897133111954,0.0,0.0,0.0,0.0,0.0,0.0,0.0,0.0,-8.408725261688232e-05,0.0,0.0,-5.9135258197784424e-05,0.0003456398844718933,0.0,0.0,0.0,0.0,0.0,0.005964852869510651,0.0,0.0,0.0,2.6539433747529984e-05,-0.00028272252529859543,0.0,0.0,0.0,0.0,3.5814475268125534e-05,0.0,0.0,0.0,0.0,-2.555176615715027e-05,0.0,0.0
0.0,0.001242003869265318,0.0005175918340682983,0.0,0.0,0.00012813019566237926,-4.9649039283394814e-05,-0.00018643122166395187,-1.623481512069702e-05,0.0,0.0,9.433366358280182e-05,0.0,0.0,1.9468367099761963e-05,0.0,0.0,0.0,0.0,0.0,0.0,0.0,0.0,0.0,-0.0006592785939574242,0.0,1.1924654245376587e-05,0.0,0.0002793204039335251,0.0,0.0,0.0,0.0,0.0,0.0,0.0,0.0,-8.151493966579437e-05,0.0,0.0,-6.170384585857391e-05,0.00034455209970474243,0.0,0.0,0.0,0.0,0.0,0.00564856082201004,0.0,0.0,0.0,3.302493132650852e-05,-0.0002789427526295185,0.0,0.0,0.0,0.0,3.1386036425828934e-05,0.0,0.0,0.0,0.0,-1.839175820350647e-05,0.0,0.0
0.0,0.001248326152563095,0.0005115345120429993,0.0,0.0,0.0001234062947332859,-5.600624717772007e-05,-0.00019102822989225388,-1.6165897250175476e-05,0.0,0.0,9.028799831867218e-05,0.0,0.0,1.8642283976078033e-05,0.0,0.0,0.0,0.0,0.0,0.0,0.0,0.0,0.0,-0.0006662774831056595,0.0,1.115351915359497e-05,0.0,0.00028271134942770004,0.0,0.0,0.0,0.0,0.0,0.0,0.0,0.0,-7.679127156734467e-05,0.0,0.0,-6.392877548933029e-05,0.0003436058759689331,0.0,0.0,0.0,0.0,0.0,0.005305372178554535,0.0,0.0,0.0,4.076259210705757e-05,-0.0002736365422606468,0.0,0.0,0.0,0.0,2.420460805296898e-05,0.0,0.0,0.0,0.0,-8.730217814445496e-06,0.0,0.0
0.0,0.0012567187659442425,0.0005015600472688675,0.0,0.0,0.0001161347609013319,-6.324402056634426e-05,-0.0001973658800125122,-1.7097219824790955e-05,0.0,0.0,8.545443415641785e-05,0.0,0.0,1.7401762306690216e-05,0.0,0.0,0.0,0.0,0.0,0.0,0.0,0.0,0.0,-0.0006794342771172523,0.0,7.914379239082336e-06,0.0,0.0002893870696425438,0.0,0.0,0.0,0.0,0.0,0.0,0.0,0.0,-7.018819451332092e-05,0.0,0.0,-6.453413516283035e-05,0.00034335069358348846,0.0,0.0,0.0,0.0,0.0,0.004847623407840729,0.0,0.0,0.0,4.9017369747161865e-05,-0.0002669082023203373,0.0,0.0,0.0,0.0,1.2924429029226303e-05,0.0,0.0,0.0,0.0,3.56137752532959e-06,0.0,0.0
0.0,0.0012662452645599842,0.0004850495606660843,0.0,0.0,0.00010539335198700428,-7.020775228738785e-05,-0.0002050790935754776,-2.0310282707214355e-05,0.0,0.0,8.032843470573425e-05,0.0,0.0,1.5611760318279266e-05,0.0,0.0,0.0,0.0,0.0,0.0,0.0,0.0,0.0,-0.0007031075656414032,0.0,6.761401891708374e-07,0.0,0.0003012651577591896,0.0,0.0,0.0,0.0,0.0,0.0,0.0,0.0,-6.35143369436264e-05,0.0,0.0,-6.137136369943619e-05,0.0003448091447353363,0.0,0.0,0.0,0.0,0.0,0.004367060959339142,0.0,0.0,0.0,5.616433918476105e-05,-0.00025966577231884,0.0,0.0,0.0,0.0,-3.941822797060013e-06,0.0,0.0,0.0,0.0,1.77137553691864e-05,0.0,0.0
0.0,0.0012744227424263954,0.00045768357813358307,0.0,0.0,9.08304937183857e-05,-7.444783113896847e-05,-0.00021266844123601913,-2.7960166335105896e-05,0.0,0.0,7.610581815242767e-05,0.0,0.0,1.3150274753570557e-05,0.0,0.0,0.0,0.0,0.0,0.0,0.0,0.0,0.0,-0.0007442040368914604,0.0,-1.1816620826721191e-05,0.0,0.00031954236328601837,0.0,0.0,0.0,0.0,0.0,0.0,0.0,0.0,-6.0735270380973816e-05,0.0,0.0,-5.1334500312805176e-05,0.0003496594727039337,0.0,0.0,0.0,0.0,0.0,0.003655172884464264,0.0,0.0,0.0,5.9481244534254074e-05,-0.0002541332505643368,0.0,0.0,0.0,0.0,-2.740556374192238e-05,0.0,0.0,0.0,0.0,3.091990947723389e-05,0.0,0.0
0.0,0.0012767869047820568,0.00041277892887592316,0.0,0.0,7.369904778897762e-05,-7.172743789851665e-05,-0.0002169078215956688,-4.31109219789505e-05,0.0,0.0,7.492117583751678e-05,0.0,0.0,1.0161660611629486e-05,0.0,0.0,0.0,0.0,0.0,0.0,0.0,0.0,0.0,-0.0008134134113788605,0.0,-2.9355287551879883e-05,0.0,0.0003420719876885414,0.0,0.0,0.0,0.0,0.0,0.0,0.0,0.0,-6.753765046596527e-05,0.0,0.0,-3.084447234869003e-05,0.0003603920340538025,0.0,0.0,0.0,0.0,0.0,0.002993769943714142,0.0,0.0,0.0,5.5264681577682495e-05,-0.0002540741115808487,0.0,0.0,0.0,0.0,-5.672546103596687e-05,0.0,0.0,0.0,0.0,3.71299684047699e-05,0.0,0.0
0.0,0.0012672711163759232,0.00034111179411411285,0.0,0.0,5.8240024372935295e-05,-5.5898912250995636e-05,-0.00021294225007295609,-6.932951509952545e-05,0.0,0.0,8.00061970949173e-05,0.0,0.0,7.727183401584625e-06,0.0,0.0,0.0,0.0,0.0,0.0,0.0,0.0,0.0,-0.0009266547858715057,0.0,-4.83877956867218e-05,0.0,0.0003601638600230217,0.0,0.0,0.0,0.0,0.0,0.0,0.0,0.0,-8.86227935552597e-05,0.0,0.0,2.5425106287002563e-06,0.00038011930882930756,0.0,0.0,0.0,0.0,0.0,0.0018798485398292542,0.0,0.0,0.0,3.977701999247074e-05,-0.0002637426368892193,0.0,0.0,0.0,0.0,-8.723745122551918e-05,0.0,0.0,0.0,0.0,2.6518478989601135e-05,0.0,0.0
0.0,0.0012404564768075943,0.0002317037433385849,0.0,0.0,5.193287506699562e-05,-2.027815207839012e-05,-0.00019632652401924133,-0.00010919012129306793,0.0,0.0,9.534694254398346e-05,0.0,0.0,9.034760296344757e-06,0.0,0.0,0.0,0.0,0.0,0.0,0.0,0.0,0.0,-0.0011064494028687477,0.0,-6.0111284255981445e-05,0.0,0.0003586476668715477,0.0,0.0,0.0,0.0,0.0,0.0,0.0,0.0,-0.00012205541133880615,0.0,0.0,4.711747169494629e-05,0.00041192956268787384,0.0,0.0,0.0,0.0,0.0,0.0011264756321907043,0.0,0.0,0.0,1.1500902473926544e-05,-0.00028431275859475136,0.0,0.0,0.0,0.0,-0.00010800501331686974,0.0,0.0,0.0,0.0,-1.1038035154342651e-05,0.0,0.0
0.0,0.0011965679004788399,7.241033017635345e-05,0.0,0.0,6.234156899154186e-05,3.861868754029274e-05,-0.00016863364726305008,-0.00016122497618198395,0.0,0.0,0.00012443028390407562,0.0,0.0,2.141576260328293e-05,0.0,0.0,0.0,0.0,0.0,0.0,0.0,0.0,0.0,-0.0013819346204400063,0.0,-5.096942186355591e-05,0.0,0.00032635778188705444,0.0,0.0,0.0,0.0,0.0,0.0,0.0,0.0,-0.0001521427184343338,0.0,0.0,9.341910481452942e-05,0.0004573725163936615,0.0,0.0,0.0,0.0,0.0,-0.0005072280764579773,0.0,0.0,0.0,-2.534245140850544e-05,-0.00030697230249643326,0.0,0.0,0.0,0.0,-0.00010092509910464287,0.0,0.0,0.0,0.0,-7.457658648490906e-05,0.0,0.0
0.0,0.0011487780138850212,-0.00015541724860668182,0.0,0.0,8.749286644160748e-05,0.00011432869359850883,-0.00014630239456892014,-0.00021514855325222015,0.0,0.0,0.00016791187226772308,0.0,0.0,5.764048546552658e-05,0.0,0.0,0.0,0.0,0.0,0.0,0.0,0.0,0.0,-0.0017844168469309807,0.0,-9.346753358840942e-06,0.0,0.00028147734701633453,0.0,0.0,0.0,0.0,0.0,0.0,0.0,0.0,-0.00014703720808029175,0.0,0.0,0.00012430967763066292,0.0005151648074388504,0.0,0.0,0.0,0.0,0.0,-0.0007966384291648865,0.0,0.0,0.0,-5.8143166825175285e-05,-0.0003055175766348839,0.0,0.0,0.0,0.0,-4.5849476009607315e-05,0.0,0.0,0.0,0.0,-0.0001318119466304779,0.0,0.0
0.0,0.001127956435084343,-0.0005000792443752289,0.0,0.0,0.0001002203207463026,0.00018435204401612282,-0.00016568880528211594,-0.00024562887847423553,0.0,0.0,0.00022066570818424225,0.0,0.0,0.00013333186507225037,0.0,0.0,0.0,0.0,0.0,0.0,0.0,0.0,0.0,-0.0023316070437431335,0.0,5.718134343624115e-05,0.0,0.00029721856117248535,0.0,0.0,0.0,0.0,0.0,0.0,0.0,0.0,-7.285177707672119e-05,0.0,0.0,0.00012812716886401176,0.0005834568291902542,0.0,0.0,0.0,0.0,0.0,-0.0028915628790855408,0.0,0.0,0.0,-6.983126513659954e-05,-0.00023905467242002487,0.0,0.0,0.0,0.0,6.258627399802208e-05,0.0,0.0,0.0,0.0,-0.0001083221286535263,0.0,0.0
0.0,0.0011727698147296906,-0.001088099554181099,0.0,0.0,3.825360909104347e-05,0.00021630083210766315,-0.00026556942611932755,-0.00020297802984714508,0.0,0.0,0.0002701282501220703,0.0,0.0,0.00025478843599557877,0.0,0.0,0.0,0.0,0.0,0.0,0.0,0.0,0.0,-0.0029881037771701813,0.0,9.857118129730225e-05,0.0,0.000475429929792881,0.0,0.0,0.0,0.0,0.0,0.0,0.0,0.0,6.526894867420197e-05,0.0,0.0,0.00013487739488482475,0.0006732475012540817,0.0,0.0,0.0,0.0,0.0,-0.001124255359172821,0.0,0.0,0.0,-5.909008905291557e-05,-8.156429976224899e-05,0.0,0.0,0.0,0.0,0.00018420303240418434,0.0,0.0,0.0,0.0,5.860626697540283e-05,0.0,0.0
0.0,0.0012883199378848076,-0.002161666750907898,0.0,0.0,-0.00017135962843894958,0.00020391331054270267,-0.00042595062404870987,1.1937692761421204e-05,0.0,0.0,0.00029888004064559937,0.0,0.0,0.0004014093428850174,0.0,0.0,0.0,0.0,0.0,0.0,0.0,0.0,0.0,-0.003584287129342556,0.0,2.3808330297470093e-05,0.0,0.0008027190342545509,0.0,0.0,0.0,0.0,0.0,0.0,0.0,0.0,0.00016925297677516937,0.0,0.0,0.00025781523436307907,0.0008360613137483597,0.0,0.0,0.0,0.0,0.0,-0.004166893661022186,0.0,0.0,0.0,-7.790746167302132e-05,0.0001268535852432251,0.0,0.0,0.0,0.0,0.00020799366757273674,0.0,0.0,0.0,0.0,0.00024573691189289093,0.0,0.0
0.0,0.0013782773166894913,-0.003955995664000511,0.0,0.0,-0.0005337325856089592,0.00021228566765785217,-0.0005021998658776283,0.0006254669278860092,0.0,0.0,0.0002939533442258835,0.0,0.0,0.0005506779998540878,0.0,0.0,0.0,0.0,0.0,0.0,0.0,0.0,0.0,-0.003680863417685032,0.0,-0.00019992515444755554,0.0,0.0009484272450208664,0.0,0.0,0.0,0.0,0.0,0.0,0.0,0.0,6.311573088169098e-05,0.0,0.0,0.0006380006670951843,0.001162465661764145,0.0,0.0,0.0,0.0,0.0,0.001555226743221283,0.0,0.0,0.0,-0.0002368276473134756,0.00030300673097372055,0.0,0.0,0.0,0.0,5.487818270921707e-06,0.0,0.0,0.0,0.0,2.6103109121322632e-05,0.0,0.0
0.0,0.001246788538992405,-0.006161404773592949,0.0,0.0,-0.0009602713398635387,0.00024293363094329834,-0.00038020405918359756,0.002141866832971573,0.0,0.0,0.00025648437440395355,0.0,0.0,0.0008599460124969482,0.0,0.0,0.0,0.0,0.0,0.0,0.0,0.0,0.0,-0.0024020327255129814,0.0,-0.00030710548162460327,0.0,0.0004065316170454025,0.0,0.0,0.0,0.0,0.0,0.0,0.0,0.0,-0.0002677496522665024,0.0,0.0,0.0011229468509554863,0.0015785153955221176,0.0,0.0,0.0,0.0,0.0,-0.0034062787890434265,0.0,0.0,0.0,-0.0005094122607260942,0.0005761263892054558,0.0,0.0,0.0,0.0,-0.0003065825439989567,0.0,0.0,0.0,0.0,-0.0006457418203353882,0.0,0.0
0.0,0.0008818348869681358,-0.007005160674452782,0.0,0.0,-0.0015915986150503159,-0.00038218661211431026,-0.0005714977160096169,0.0052308011800050735,0.0,0.0,0.00013465434312820435,0.0,0.0,0.0018395204097032547,0.0,0.0,0.0,0.0,0.0,0.0,0.0,0.0,0.0,0.001629621721804142,0.0,0.00023597106337547302,0.0,-0.0004834006540477276,0.0,0.0,0.0,0.0,0.0,0.0,0.0,0.0,-0.00028586946427822113,0.0,0.0,0.0010536788031458855,0.0012307781726121902,0.0,0.0,0.0,0.0,0.0,0.007283397018909454,0.0,0.0,0.0,-0.00024309544824063778,0.0012934207916259766,0.0,0.0,0.0,0.0,-3.460841253399849e-05,0.0,0.0,0.0,0.0,2.697855234146118e-05,0.0,0.0
0.0,0.0005393843166530132,-0.004589984193444252,0.0,0.0,-0.0011144701857119799,-0.0012921248562633991,-0.00044747721403837204,0.008509772829711437,0.0,0.0,5.640275776386261e-05,0.0,0.0,0.002376612275838852,0.0,0.0,0.0,0.0,0.0,0.0,0.0,0.0,0.0,0.009257516823709011,0.0,-0.00011563673615455627,0.0,-0.0010945377871394157,0.0,0.0,0.0,0.0,0.0,0.0,0.0,0.0,-0.00026926957070827484,0.0,0.0,0.0013578087091445923,-4.949048161506653e-06,0.0,0.0,0.0,0.0,0.0,0.013280533254146576,0.0,0.0,0.0,0.0003187276888638735,0.001577676273882389,0.0,0.0,0.0,0.0,-6.483355537056923e-05,0.0,0.0,0.0,0.0,0.001552768051624298,0.0,0.0
