LLD_0,LLD_1,LLD_2,LLD_3,LLD_4,LLD_5,LLD_6,LLD_7,LLD_8,LLD_9,LLD_10,LLD_11,LLD_12,LLD_13,LLD_14,LLD_15,LLD_16,LLD_17,LLD_18,LLD_19,LLD_20,LLD_21,LLD_22,LLD_23,LLD_24,LLD_25,LLD_26,LLD_27,LLD_28,LLD_29,LLD_30,LLD_31,LLD_32,LLD_33,LLD_34,LLD_35,LLD_36,LLD_37,LLD_38,LLD_39,LLD_40,LLD_41,LLD_42,LLD_43,LLD_44,LLD_45,LLD_46,LLD_47,LLD_48,LLD_49,LLD_50,LLD_51,LLD_52,LLD_53,LLD_54,LLD_55,LLD_56,LLD_57,LLD_58,LLD_59,LLD_60,LLD_61,LLD_62,LLD_63,LLD_64
0.0,0.0008971039205789566,1.7167696952819824,0.3691756,0.02867384,0.11424006521701813,0.26994019746780396,0.4629189372062683,0.1411452293395996,0.1111816,0.2479368,0.09895750135183334,1.696526,1.567412,0.27817797660827637,2.536806,11.86452,0.1821428,0.64,0.05,0.1821765,0.2867384,0.04659498,0.02867384,0.015340694226324558,0.4604317,0.5272822380065918,0.002185755,-1.9206395149230957,0.602949,0.2216697,-0.09980146,-0.04791705,2.531621,0.3691756,0.4301075,0.835941,0.9980696439743042,1.409459,0.1907028,0.3673690855503082,0.5547771453857422,0.3987086,2.598826,2.200118,0.4608132,0.9593025,8.006431579589844,0.1433333,0.31,0.05,0.12200954556465149,0.34801656007766724,0.1541219,0.02867384,0.01075269,0.381295,0.5489447712898254,0.011397,-1.482529,0.2979531,0.2117276,0.011677704751491547,-0.1288752,0.1252524
0.0,0.001102249138057232,0.0051672253757715225,0.0,0.0,0.0009355884976685047,0.000715767266228795,-0.0002750372514128685,0.0008922163397073746,0.0,0.0,-0.00010020844638347626,0.0,0.0,-0.0017036627978086472,0.0,0.0,0.0,0.0,0.0,0.0,0.0,0.0,0.0,0.0008989647030830383,0.0,-2.273544669151306e-05,0.0,0.0036189155653119087,0.0,0.0,0.0,0.0,0.0,0.0,0.0,0.0,-0.00010827556252479553,0.0,0.0,0.0003310348838567734,0.0002743136137723923,0.0,0.0,0.0,0.0,0.0,0.06916267424821854,0.0,0.0,0.0,-0.0008670776151120663,-0.0009420895949006081,0.0,0.0,0.0,0.0,-5.183182656764984e-05,0.0,0.0,0.0,0.0,-6.577931344509125e-05,0.0,0.0
0.0,0.0011392789892852306,0.002810157835483551,0.0,0.0,0.00036321720108389854,0.00024006306193768978,-0.0002983277663588524,0.0010293293744325638,0.0,0.0,0.00016652420163154602,0.0,0.0,-0.0011476380750536919,0.0,0.0,0.0,0.0,0.0,0.0,0.0,0.0,0.0,0.0008655907586216927,0.0,-2.117455005645752e-05,0.0,0.0006073731929063797,0.0,0.0,0.0,0.0,0.0,0.0,0.0,0.0,-0.0003479905426502228,0.0,0.0,0.000256542582064867,1.86823308467865e-06,0.0,0.0,0.0,0.0,0.0,0.05476049333810806,0.0,0.0,0.0,0.00037649692967534065,-0.0013062115758657455,0.0,0.0,0.0,0.0,2.1033920347690582e-06,0.0,0.0,0.0,0.0,-0.000432843342423439,0.0,0.0
0.0,0.001214579213410616,0.0014028958976268768,0.0,0.0,0.00018960051238536835,2.6977388188242912e-05,-0.0002639973536133766,0.0007887501269578934,0.0,0.0,0.00018995441496372223,0.0,0.0,-0.0005881087854504585,0.0,0.0,0.0,0.0,0.0,0.0,0.0,0.0,0.0,0.000570426695048809,0.0,4.63239848613739e-05,0.0,-0.00024728523567318916,0.0,0.0,0.0,0.0,0.0,0.0,0.0,0.0,-0.0002470593899488449,0.0,0.0,0.00022900104522705078,0.000337725505232811,0.0,0.0,0.0,0.0,0.0,0.044463373720645905,0.0,0.0,0.0,3.0528055503964424e-05,-0.0007892288267612457,0.0,0.0,0.0,0.0,0.0001215231604874134,0.0,0.0,0.0,0.0,-0.0004098080098628998,0.0,0.0
0.0,0.0012487559579312801,0.0007998961955308914,0.0,0.0,0.0003325690049678087,6.987317465245724e-05,-0.0001656198874115944,0.0003491397947072983,0.0,0.0,0.00011800043284893036,0.0,0.0,-0.00023043248802423477,0.0,0.0,0.0,0.0,0.0,0.0,0.0,0.0,0.0,0.00016176607459783554,0.0,-1.7860904335975647e-05,0.0,-8.748425170779228e-05,0.0,0.0,0.0,0.0,0.0,0.0,0.0,0.0,-4.2341649532318115e-05,0.0,0.0,1.3615936040878296e-06,0.00017558224499225616,0.0,0.0,0.0,0.0,0.0,0.038615770637989044,0.0,0.0,0.0,-2.5638379156589508e-05,-0.00024998048320412636,0.0,0.0,0.0,0.0,-8.266931399703026e-05,0.0,0.0,0.0,0.0,-0.0003805439919233322,0.0,0.0
0.0,0.0012449710629880428,0.0006519053131341934,0.0,0.0,0.00018725753761827946,2.6206718757748604e-05,-0.0001444956287741661,0.00010501034557819366,0.0,0.0,8.789263665676117e-05,0.0,0.0,-5.815830081701279e-05,0.0,0.0,0.0,0.0,0.0,0.0,0.0,0.0,0.0,-0.0001730090007185936,0.0,3.4123659133911133e-06,0.0,0.00026588188484311104,0.0,0.0,0.0,0.0,0.0,0.0,0.0,0.0,-2.6185065507888794e-05,0.0,0.0,-4.924368113279343e-06,0.00031403452157974243,0.0,0.0,0.0,0.0,0.0,0.03148327022790909,0.0,0.0,0.0,-1.415587030351162e-05,-0.0003041522577404976,0.0,0.0,0.0,0.0,-5.61433844268322e-05,0.0,0.0,0.0,0.0,-8.910894393920898e-05,0.0,0.0
0.0,0.0012300708331167698,0.0005997046828269958,0.0,0.0,0.00016872817650437355,-1.2009404599666595e-06,-0.00014929752796888351,3.067590296268463e-05,0.0,0.0,9.852834045886993e-05,0.0,0.0,-5.963258445262909e-06,0.0,0.0,0.0,0.0,0.0,0.0,0.0,0.0,0.0,-0.0003883587196469307,0.0,1.4359131455421448e-05,0.0,0.0003928784281015396,0.0,0.0,0.0,0.0,0.0,0.0,0.0,0.0,-3.236345946788788e-05,0.0,0.0,2.2452324628829956e-05,0.0004146397113800049,0.0,0.0,0.0,0.0,0.0,0.025489874184131622,0.0,0.0,0.0,-6.293924525380135e-05,-0.00023738853633403778,0.0,0.0,0.0,0.0,-9.641516953706741e-06,0.0,0.0,0.0,0.0,-6.267428398132324e-05,0.0,0.0
0.0,0.0012197052128612995,0.0005698502063751221,0.0,0.0,0.0001752686221152544,-8.584698662161827e-06,-0.0001614028587937355,1.276843249797821e-05,0.0,0.0,0.00011065788567066193,0.0,0.0,-2.5657936930656433e-06,0.0,0.0,0.0,0.0,0.0,0.0,0.0,0.0,0.0,-0.0005093133077025414,0.0,8.221715688705444e-06,0.0,0.0003937967121601105,0.0,0.0,0.0,0.0,0.0,0.0,0.0,0.0,-2.72262841463089e-05,0.0,0.0,1.1809170246124268e-05,0.0004200674593448639,0.0,0.0,0.0,0.0,0.0,0.021183855831623077,0.0,0.0,0.0,-6.364937871694565e-05,-0.00022273370996117592,0.0,0.0,0.0,0.0,1.4520715922117233e-05,0.0,0.0,0.0,0.0,-5.668960511684418e-05,0.0,0.0
0.0,0.0012170551344752312,0.0005564242601394653,0.0,0.0,0.00017140759155154228,-1.1255033314228058e-05,-0.00017228443175554276,5.533918738365173e-06,0.0,0.0,0.00011390820145606995,0.0,0.0,-7.1125105023384094e-06,0.0,0.0,0.0,0.0,0.0,0.0,0.0,0.0,0.0,-0.0005722688511013985,0.0,5.867332220077515e-07,0.0,0.00038147158920764923,0.0,0.0,0.0,0.0,0.0,0.0,0.0,0.0,-1.986883580684662e-05,0.0,0.0,-1.0814517736434937e-05,0.0003930274397134781,0.0,0.0,0.0,0.0,0.0,0.018525220453739166,0.0,0.0,0.0,-4.0680402889847755e-05,-0.0002503427676856518,0.0,0.0,0.0,0.0,2.5768298655748367e-05,0.0,0.0,0.0,0.0,-5.4897740483283997e-05,0.0,0.0
0.0,0.0012196660973131657,0.000550953671336174,0.0,0.0,0.00016393745318055153,-1.481710933148861e-05,-0.00017876271158456802,3.91155481338501e-07,0.0,0.0,0.00011176057159900665,0.0,0.0,-6.512738764286041e-06,0.0,0.0,0.0,0.0,0.0,0.0,0.0,0.0,0.0,-0.000604226253926754,0.0,-2.8721988201141357e-06,0.0,0.00037935003638267517,0.0,0.0,0.0,0.0,0.0,0.0,0.0,0.0,-1.8911436200141907e-05,0.0,0.0,-2.8536655008792877e-05,0.0003699120134115219,0.0,0.0,0.0,0.0,0.0,0.017096824944019318,0.0,0.0,0.0,-1.9564060494303703e-05,-0.0002694646827876568,0.0,0.0,0.0,0.0,2.9982533305883408e-05,0.0,0.0,0.0,0.0,-5.2168965339660645e-05,0.0,0.0
0.0,0.0012242896482348442,0.0005471073091030121,0.0,0.0,0.00015693088062107563,-1.9198982045054436e-05,-0.0001813480630517006,-3.5800039768218994e-06,0.0,0.0,0.0001085139811038971,0.0,0.0,-1.017935574054718e-06,0.0,0.0,0.0,0.0,0.0,0.0,0.0,0.0,0.0,-0.0006209900602698326,0.0,-2.1401792764663696e-06,0.0,0.0003785518929362297,0.0,0.0,0.0,0.0,0.0,0.0,0.0,0.0,-2.6443973183631897e-05,0.0,0.0,-3.902288153767586e-05,0.0003569144755601883,0.0,0.0,0.0,0.0,0.0,0.01641751080751419,0.0,0.0,0.0,-6.1034224927425385e-06,-0.00027763936668634415,0.0,0.0,0.0,0.0,3.1589996069669724e-05,0.0,0.0,0.0,0.0,-4.9855560064315796e-05,0.0,0.0
0.0,0.0012287367135286331,0.0005431827157735825,0.0,0.0,0.00015117856673896313,-2.3315194994211197e-05,-0.0001817094162106514,-6.9551169872283936e-06,0.0,0.0,0.00010616891086101532,0.0,0.0,5.966983735561371e-06,0.0,0.0,0.0,0.0,0.0,0.0,0.0,0.0,0.0,-0.0006306329742074013,0.0,9.052455425262451e-07,0.0,0.0003718966618180275,0.0,0.0,0.0,0.0,0.0,0.0,0.0,0.0,-3.9711594581604004e-05,0.0,0.0,-4.4751446694135666e-05,0.0003506559878587723,0.0,0.0,0.0,0.0,0.0,0.016110099852085114,0.0,0.0,0.0,1.4211982488632202e-06,-0.00028167106211185455,0.0,0.0,0.0,0.0,3.288360312581062e-05,0.0,0.0,0.0,0.0,-4.770420491695404e-05,0.0,0.0
0.0,0.0012320410460233688,0.0005393587052822113,0.0,0.0,0.00014674453996121883,-2.65494454652071e-05,-0.00018118880689144135,-9.952113032341003e-06,0.0,0.0,0.00010503455996513367,0.0,0.0,1.2067146599292755e-05,0.0,0.0,0.0,0.0,0.0,0.0,0.0,0.0,0.0,-0.0006368979811668396,0.0,4.425644874572754e-06,0.0,0.00035899411886930466,0.0,0.0,0.0,0.0,0.0,0.0,0.0,0.0,-5.4506585001945496e-05,0.0,0.0,-4.789140075445175e-05,0.0003479849547147751,0.0,0.0,0.0,0.0,0.0,0.015939392149448395,0.0,0.0,0.0,5.502020940184593e-06,-0.0002841772511601448,0.0,0.0,0.0,0.0,3.446405753493309e-05,0.0,0.0,0.0,0.0,-4.593469202518463e-05,0.0,0.0
0.0,0.0012340573593974113,0.0005359984934329987,0.0,0.0,0.00014350400306284428,-2.8802314773201942e-05,-0.00018051732331514359,-1.245737075805664e-05,0.0,0.0,0.00010473839938640594,0.0,0.0,1.6374513506889343e-05,0.0,0.0,0.0,0.0,0.0,0.0,0.0,0.0,0.0,-0.00064138974994421,0.0,7.329508662223816e-06,0.0,0.00034278444945812225,0.0,0.0,0.0,0.0,0.0,0.0,0.0,0.0,-6.753019988536835e-05,0.0,0.0,-4.960177466273308e-05,0.00034718215465545654,0.0,0.0,0.0,0.0,0.0,0.015789814293384552,0.0,0.0,0.0,7.700640708208084e-06,-0.00028578750789165497,0.0,0.0,0.0,0.0,3.6215875297784805e-05,0.0,0.0,0.0,0.0,-4.464946687221527e-05,0.0,0.0
0.0,0.0012350166216492653,0.0005332585424184799,0.0,0.0,0.00014126463793218136,-3.0231429263949394e-05,-0.00017996039241552353,-1.4370307326316833e-05,0.0,0.0,0.00010484643280506134,0.0,0.0,1.898873597383499e-05,0.0,0.0,0.0,0.0,0.0,0.0,0.0,0.0,0.0,-0.0006447779014706612,0.0,9.240582585334778e-06,0.0,0.00032645557075738907,0.0,0.0,0.0,0.0,0.0,0.0,0.0,0.0,-7.717497646808624e-05,0.0,0.0,-5.04814088344574e-05,0.0003472939133644104,0.0,0.0,0.0,0.0,0.0,0.01562134176492691,0.0,0.0,0.0,8.846167474985123e-06,-0.0002868110314011574,0.0,0.0,0.0,0.0,3.788946196436882e-05,0.0,0.0,0.0,0.0,-4.378519952297211e-05,0.0,0.0
0.0,0.0012352685444056988,0.0005311612039804459,0.0,0.0,0.00013979128561913967,-3.10591422021389e-05,-0.0001795738935470581,-1.5711411833763123e-05,0.0,0.0,0.00010504759848117828,0.0,0.0,2.0361505448818207e-05,0.0,0.0,0.0,0.0,0.0,0.0,0.0,0.0,0.0,-0.0006473781540989876,0.0,1.0214745998382568e-05,0.0,0.00031212717294692993,0.0,0.0,0.0,0.0,0.0,0.0,0.0,0.0,-8.3213672041893e-05,0.0,0.0,-5.090469494462013e-05,0.0003477223217487335,0.0,0.0,0.0,0.0,0.0,0.015431530773639679,0.0,0.0,0.0,9.40915197134018e-06,-0.0002874936908483505,0.0,0.0,0.0,0.0,3.930041566491127e-05,0.0,0.0,0.0,0.0,-4.326924681663513e-05,0.0,0.0
0.0,0.0012351158075034618,0.0005296338349580765,0.0,0.0,0.00013886671513319016,-3.151712007820606e-05,-0.00017932243645191193,-1.6594305634498596e-05,0.0,0.0,0.00010521896183490753,0.0,0.0,2.096220850944519e-05,0.0,0.0,0.0,0.0,0.0,0.0,0.0,0.0,0.0,-0.0006493488326668739,0.0,1.0494142770767212e-05,0.0,0.0003007156774401665,0.0,0.0,0.0,0.0,0.0,0.0,0.0,0.0,-8.629076182842255e-05,0.0,0.0,-5.109701305627823e-05,0.00034818612039089203,0.0,0.0,0.0,0.0,0.0,0.015231885015964508,0.0,0.0,0.0,9.663868695497513e-06,-0.0002879630774259567,0.0,0.0,0.0,0.0,4.039844498038292e-05,0.0,0.0,0.0,0.0,-4.2986124753952026e-05,0.0,0.0
0.0,0.0012347828596830368,0.0005285721272230148,0.0,0.0,0.00013830210082232952,-3.173970617353916e-05,-0.00017916876822710037,-1.7141923308372498e-05,0.0,0.0,0.00010530650615692139,0.0,0.0,2.1151266992092133e-05,0.0,0.0,0.0,0.0,0.0,0.0,0.0,0.0,0.0,-0.0006508203223347664,0.0,1.033581793308258e-05,0.0,0.00029228534549474716,0.0,0.0,0.0,0.0,0.0,0.0,0.0,0.0,-8.733198046684265e-05,0.0,0.0,-5.117524415254593e-05,0.0003485623747110367,0.0,0.0,0.0,0.0,0.0,0.015035547316074371,0.0,0.0,0.0,9.774230420589447e-06,-0.00028830207884311676,0.0,0.0,0.0,0.0,4.117889329791069e-05,0.0,0.0,0.0,0.0,-4.283711314201355e-05,0.0,0.0
0.0,0.001234397292137146,0.0005278680473566055,0.0,0.0,0.00013796938583254814,-3.1836098060011864e-05,-0.00017907936125993729,-1.745857298374176e-05,0.0,0.0,0.00010531209409236908,0.0,0.0,2.115778625011444e-05,0.0,0.0,0.0,0.0,0.0,0.0,0.0,0.0,0.0,-0.0006518978625535965,0.0,9.957700967788696e-06,0.0,0.0002864161506295204,0.0,0.0,0.0,0.0,0.0,0.0,0.0,0.0,-8.718110620975494e-05,0.0,0.0,-5.120597779750824e-05,0.000348823145031929,0.0,0.0,0.0,0.0,0.0,0.014849968254566193,0.0,0.0,0.0,9.814975783228874e-06,-0.0002885344438254833,0.0,0.0,0.0,0.0,4.170695319771767e-05,0.0,0.0,0.0,0.0,-4.277750849723816e-05,0.0,0.0
0.0,0.0012340424582362175,0.0005274135619401932,0.0,0.0,0.00013777008280158043,-3.186846151947975e-05,-0.00017902161926031113,-1.76355242729187e-05,0.0,0.0,0.00010527856647968292,0.0,0.0,2.1090731024742126e-05,0.0,0.0,0.0,0.0,0.0,0.0,0.0,0.0,0.0,-0.0006526708602905273,0.0,9.514391422271729e-06,0.0,0.00028253067284822464,0.0,0.0,0.0,0.0,0.0,0.0,0.0,0.0,-8.649565279483795e-05,0.0,0.0,-5.1223672926425934e-05,0.00034900568425655365,0.0,0.0,0.0,0.0,0.0,0.014680005609989166,0.0,0.0,0.0,9.826850146055222e-06,-0.0002886960282921791,0.0,0.0,0.0,0.0,4.2041298002004623e-05,0.0,0.0,0.0,0.0,-4.275888204574585e-05,0.0,0.0
0.0,0.0012337439693510532,0.0005271397531032562,0.0,0.0,0.00013765995390713215,-3.187987022101879e-05,-0.0001789843663573265,-1.7719343304634094e-05,0.0,0.0,0.0001052170991897583,0.0,0.0,2.102181315422058e-05,0.0,0.0,0.0,0.0,0.0,0.0,0.0,0.0,0.0,-0.0006532147526741028,0.0,9.074807167053223e-06,0.0,0.00028007756918668747,0.0,0.0,0.0,0.0,0.0,0.0,0.0,0.0,-8.564069867134094e-05,0.0,0.0,-5.123112350702286e-05,0.0003491099923849106,0.0,0.0,0.0,0.0,0.0,0.014525450766086578,0.0,0.0,0.0,9.83336940407753e-06,-0.0002888031303882599,0.0,0.0,0.0,0.0,4.224525764584541e-05,0.0,0.0,0.0,0.0,-4.276074469089508e-05,0.0,0.0
0.0,0.001233512070029974,0.0005269814282655716,0.0,0.0,0.00013760337606072426,-3.186613321304321e-05,-0.00017896387726068497,-1.7756596207618713e-05,0.0,0.0,0.00010515004396438599,0.0,0.0,2.0966865122318268e-05,0.0,0.0,0.0,0.0,0.0,0.0,0.0,0.0,0.0,-0.0006535900756716728,0.0,8.702278137207031e-06,0.0,0.000278581865131855,0.0,0.0,0.0,0.0,0.0,0.0,0.0,0.0,-8.487701416015625e-05,0.0,0.0,-5.124136805534363e-05,0.0003491844981908798,0.0,0.0,0.0,0.0,0.0,0.014385677874088287,0.0,0.0,0.0,9.840354323387146e-06,-0.0002888711169362068,0.0,0.0,0.0,0.0,4.23709861934185e-05,0.0,0.0,0.0,0.0,-4.275701940059662e-05,0.0,0.0
0.0,0.0012333439663052559,0.0005268920212984085,0.0,0.0,0.00013757520355284214,-3.1854258850216866e-05,-0.00017894338816404343,-1.77677720785141e-05,0.0,0.0,0.00010508298873901367,0.0,0.0,2.0930543541908264e-05,0.0,0.0,0.0,0.0,0.0,0.0,0.0,0.0,0.0,-0.0006538480520248413,0.0,8.398666977882385e-06,0.0,0.0002776980400085449,0.0,0.0,0.0,0.0,0.0,0.0,0.0,0.0,-8.426979184150696e-05,0.0,0.0,-5.124462768435478e-05,0.00034922361373901367,0.0,0.0,0.0,0.0,0.0,0.014258243143558502,0.0,0.0,0.0,9.841518476605415e-06,-0.0002889186143875122,0.0,0.0,0.0,0.0,4.2436178773641586e-05,0.0,0.0,0.0,0.0,-4.2766332626342773e-05,0.0,0.0
0.0,0.001233221497386694,0.0005268435925245285,0.0,0.0,0.00013755448162555695,-3.184261731803417e-05,-0.00017893407493829727,-1.776963472366333e-05,0.0,0.0,0.00010502524673938751,0.0,0.0,2.0899809896945953e-05,0.0,0.0,0.0,0.0,0.0,0.0,0.0,0.0,0.0,-0.0006540203467011452,0.0,8.158385753631592e-06,0.0,0.00027720164507627487,0.0,0.0,0.0,0.0,0.0,0.0,0.0,0.0,-8.383207023143768e-05,0.0,0.0,-5.124881863594055e-05,0.00034924596548080444,0.0,0.0,0.0,0.0,0.0,0.014141000807285309,0.0,0.0,0.0,9.847339242696762e-06,-0.00028894608840346336,0.0,0.0,0.0,0.0,4.247063770890236e-05,0.0,0.0,0.0,0.0,-4.2770057916641235e-05,0.0,0.0
0.0,0.0012331390753388405,0.0005268212407827377,0.0,0.0,0.00013754656538367271,-3.183656372129917e-05,-0.00017892289906740189,-1.7764046788215637e-05,0.0,0.0,0.00010498426854610443,0.0,0.0,2.0888634026050568e-05,0.0,0.0,0.0,0.0,0.0,0.0,0.0,0.0,0.0,-0.0006541358307003975,0.0,7.983297109603882e-06,0.0,0.0002769213169813156,0.0,0.0,0.0,0.0,0.0,0.0,0.0,0.0,-8.35265964269638e-05,0.0,0.0,-5.124928429722786e-05,0.0003492627292871475,0.0,0.0,0.0,0.0,0.0,0.014032460749149323,0.0,0.0,0.0,9.852927178144455e-06,-0.0002889661118388176,0.0,0.0,0.0,0.0,4.248740151524544e-05,0.0,0.0,0.0,0.0,-4.276260733604431e-05,0.0,0.0
0.0,0.001233082264661789,0.0005268119275569916,0.0,0.0,0.0001375430729240179,-3.183213993906975e-05,-0.00017891451716423035,-1.7758458852767944e-05,0.0,0.0,0.00010494887828826904,0.0,0.0,2.0881183445453644e-05,0.0,0.0,0.0,0.0,0.0,0.0,0.0,0.0,0.0,-0.0006542149931192398,0.0,7.851049304008484e-06,0.0,0.00027677323669195175,0.0,0.0,0.0,0.0,0.0,0.0,0.0,0.0,-8.334405720233917e-05,0.0,0.0,-5.125487223267555e-05,0.000349266454577446,0.0,0.0,0.0,0.0,0.0,0.01393047720193863,0.0,0.0,0.0,9.856419637799263e-06,-0.0002889726310968399,0.0,0.0,0.0,0.0,4.2493920773267746e-05,0.0,0.0,0.0,0.0,-4.2771920561790466e-05,0.0,0.0
0.0,0.0012330440804362297,0.0005268063396215439,0.0,0.0,0.0001375451683998108,-3.1828414648771286e-05,-0.00017890986055135727,-1.775287091732025e-05,0.0,0.0,0.00010492652654647827,0.0,0.0,2.0881183445453644e-05,0.0,0.0,0.0,0.0,0.0,0.0,0.0,0.0,0.0,-0.0006542624905705452,0.0,7.756054401397705e-06,0.0,0.00027668755501508713,0.0,0.0,0.0,0.0,0.0,0.0,0.0,0.0,-8.323602378368378e-05,0.0,0.0,-5.125580355525017e-05,0.0003492739051580429,0.0,0.0,0.0,0.0,0.0,0.013833500444889069,0.0,0.0,0.0,9.85921360552311e-06,-0.0002889782190322876,0.0,0.0,0.0,0.0,4.249764606356621e-05,0.0,0.0,0.0,0.0,-4.276446998119354e-05,0.0,0.0
0.0,0.0012330194003880024,0.0005268100649118423,0.0,0.0,0.00013754796236753464,-3.181956708431244e-05,-0.00017890799790620804,-1.774914562702179e-05,0.0,0.0,0.0001049041748046875,0.0,0.0,2.0878389477729797e-05,0.0,0.0,0.0,0.0,0.0,0.0,0.0,0.0,0.0,-0.0006542960181832314,0.0,7.696449756622314e-06,0.0,0.0002766447141766548,0.0,0.0,0.0,0.0,0.0,0.0,0.0,0.0,-8.317455649375916e-05,0.0,0.0,-5.1258131861686707e-05,0.00034927763044834137,0.0,0.0,0.0,0.0,0.0,0.013740696012973785,0.0,0.0,0.0,9.864335879683495e-06,-0.0002889828756451607,0.0,0.0,0.0,0.0,4.249578341841698e-05,0.0,0.0,0.0,0.0,-4.276446998119354e-05,0.0,0.0
0.0,0.0012330040335655212,0.0005268119275569916,0.0,0.0,0.00013754586689174175,-3.182003274559975e-05,-0.00017890054732561111,-1.774728298187256e-05,0.0,0.0,0.00010489858686923981,0.0,0.0,2.087187021970749e-05,0.0,0.0,0.0,0.0,0.0,0.0,0.0,0.0,0.0,-0.0006543165072798729,0.0,7.64802098274231e-06,0.0,0.0002766149118542671,0.0,0.0,0.0,0.0,0.0,0.0,0.0,0.0,-8.313357830047607e-05,0.0,0.0,-5.126139149069786e-05,0.00034927763044834137,0.0,0.0,0.0,0.0,0.0,0.013650961220264435,0.0,0.0,0.0,9.863637387752533e-06,-0.00028898660093545914,0.0,0.0,0.0,0.0,4.249578341841698e-05,0.0,0.0,0.0,0.0,-4.276260733604431e-05,0.0,0.0
0.0,0.001232994720339775,0.0005268137902021408,0.0,0.0,0.00013754656538367271,-3.181654028594494e-05,-0.00017890147864818573,-1.774728298187256e-05,0.0,0.0,0.00010488182306289673,0.0,0.0,2.0883046090602875e-05,0.0,0.0,0.0,0.0,0.0,0.0,0.0,0.0,0.0,-0.000654333271086216,0.0,7.614493370056152e-06,0.0,0.0002765972167253494,0.0,0.0,0.0,0.0,0.0,0.0,0.0,0.0,-8.312053978443146e-05,0.0,0.0,-5.12637197971344e-05,0.0003492794930934906,0.0,0.0,0.0,0.0,0.0,0.0135636106133461,0.0,0.0,0.0,9.865732863545418e-06,-0.00028898753225803375,0.0,0.0,0.0,0.0,4.24911268055439e-05,0.0,0.0,0.0,0.0,-4.2766332626342773e-05,0.0,0.0
0.0,0.0012329905293881893,0.00052681565284729,0.0,0.0,0.00013754284009337425,-3.181607462465763e-05,-0.00017890147864818573,-1.7745420336723328e-05,0.0,0.0,0.0001048799604177475,0.0,0.0,2.0883046090602875e-05,0.0,0.0,0.0,0.0,0.0,0.0,0.0,0.0,0.0,-0.0006543397903442383,0.0,7.595866918563843e-06,0.0,0.0002765832468867302,0.0,0.0,0.0,0.0,0.0,0.0,0.0,0.0,-8.311308920383453e-05,0.0,0.0,-5.1262322813272476e-05,0.00034928321838378906,0.0,0.0,0.0,0.0,0.0,0.013477601110935211,0.0,0.0,0.0,9.867595508694649e-06,-0.0002889903262257576,0.0,0.0,0.0,0.0,4.248926416039467e-05,0.0,0.0,0.0,0.0,-4.2768195271492004e-05,0.0,0.0
0.0,0.0012329895980656147,0.0005268175154924393,0.0,0.0,0.00013754330575466156,-3.181910142302513e-05,-0.00017889682203531265,-1.7745420336723328e-05,0.0,0.0,0.00010487250983715057,0.0,0.0,2.0884908735752106e-05,0.0,0.0,0.0,0.0,0.0,0.0,0.0,0.0,0.0,-0.0006543444469571114,0.0,7.580965757369995e-06,0.0,0.0002765785902738571,0.0,0.0,0.0,0.0,0.0,0.0,0.0,0.0,-8.310563862323761e-05,0.0,0.0,-5.1264651119709015e-05,0.0003492850810289383,0.0,0.0,0.0,0.0,0.0,0.013392962515354156,0.0,0.0,0.0,9.867828339338303e-06,-0.000288989394903183,0.0,0.0,0.0,0.0,4.24911268055439e-05,0.0,0.0,0.0,0.0,-4.276260733604431e-05,0.0,0.0
0.0,0.0012329882010817528,0.0005268175154924393,0.0,0.0,0.00013754423707723618,-3.181374631822109e-05,-0.00017889868468046188,-1.7743557691574097e-05,0.0,0.0,0.00010487250983715057,0.0,0.0,2.088397741317749e-05,0.0,0.0,0.0,0.0,0.0,0.0,0.0,0.0,0.0,-0.0006543481722474098,0.0,7.5642019510269165e-06,0.0,0.00027657486498355865,0.0,0.0,0.0,0.0,0.0,0.0,0.0,0.0,-8.310005068778992e-05,0.0,0.0,-5.126325413584709e-05,0.00034928135573863983,0.0,0.0,0.0,0.0,0.0,0.013308413326740265,0.0,0.0,0.0,9.867828339338303e-06,-0.0002889889292418957,0.0,0.0,0.0,0.0,4.248460754752159e-05,0.0,0.0,0.0,0.0,-4.276074469089508e-05,0.0,0.0
0.0,0.0012329877354204655,0.00052681565284729,0.0,0.0,0.00013754377141594887,-3.1819334253668785e-05,-0.00017889682203531265,-1.7745420336723328e-05,0.0,0.0,0.00010486878454685211,0.0,0.0,2.088397741317749e-05,0.0,0.0,0.0,0.0,0.0,0.0,0.0,0.0,0.0,-0.0006543509662151337,0.0,7.5660645961761475e-06,0.0,0.0002765655517578125,0.0,0.0,0.0,0.0,0.0,0.0,0.0,0.0,-8.309818804264069e-05,0.0,0.0,-5.1266513764858246e-05,0.00034928321838378906,0.0,0.0,0.0,0.0,0.0,0.013224340975284576,0.0,0.0,0.0,9.867595508694649e-06,-0.0002889917232096195,0.0,0.0,0.0,0.0,4.248740151524544e-05,0.0,0.0,0.0,0.0,-4.275329411029816e-05,0.0,0.0
0.0,0.001232984010130167,0.00052681565284729,0.0,0.0,0.00013754423707723618,-3.1821662560105324e-05,-0.00017889682203531265,-1.7745420336723328e-05,0.0,0.0,0.00010486692190170288,0.0,0.0,2.0887702703475952e-05,0.0,0.0,0.0,0.0,0.0,0.0,0.0,0.0,0.0,-0.0006543528288602829,0.0,7.558614015579224e-06,0.0,0.0002765664830803871,0.0,0.0,0.0,0.0,0.0,0.0,0.0,0.0,-8.310563862323761e-05,0.0,0.0,-5.12637197971344e-05,0.00034928321838378906,0.0,0.0,0.0,0.0,0.0,0.013140149414539337,0.0,0.0,0.0,9.869225323200226e-06,-0.0002889889292418957,0.0,0.0,0.0,0.0,4.248833283782005e-05,0.0,0.0,0.0,0.0,-4.275329411029816e-05,0.0,0.0
0.0,0.0012329868040978909,0.0005268193781375885,0.0,0.0,0.00013754633255302906,-3.181654028594494e-05,-0.00017889495939016342,-1.7745420336723328e-05,0.0,0.0,0.00010486505925655365,0.0,0.0,2.0884908735752106e-05,0.0,0.0,0.0,0.0,0.0,0.0,0.0,0.0,0.0,-0.000654350034892559,0.0,7.554888725280762e-06,0.0,0.0002765655517578125,0.0,0.0,0.0,0.0,0.0,0.0,0.0,0.0,-8.310191333293915e-05,0.0,0.0,-5.12637197971344e-05,0.0003492850810289383,0.0,0.0,0.0,0.0,0.0,0.013055242598056793,0.0,0.0,0.0,9.868061169981956e-06,-0.0002889903262257576,0.0,0.0,0.0,0.0,4.248740151524544e-05,0.0,0.0,0.0,0.0,-4.275515675544739e-05,0.0,0.0
0.0,0.0012329868040978909,0.0005268175154924393,0.0,0.0,0.0001375451683998108,-3.181560896337032e-05,-0.00017889495939016342,-1.7743557691574097e-05,0.0,0.0,0.00010486319661140442,0.0,0.0,2.0888634026050568e-05,0.0,0.0,0.0,0.0,0.0,0.0,0.0,0.0,0.0,-0.0006543518975377083,0.0,7.554888725280762e-06,0.0,0.0002765608951449394,0.0,0.0,0.0,0.0,0.0,0.0,0.0,0.0,-8.310750126838684e-05,0.0,0.0,-5.126418545842171e-05,0.00034928321838378906,0.0,0.0,0.0,0.0,0.0,0.012969501316547394,0.0,0.0,0.0,9.869225323200226e-06,-0.0002889912575483322,0.0,0.0,0.0,0.0,4.248740151524544e-05,0.0,0.0,0.0,0.0,-4.275888204574585e-05,0.0,0.0
0.0,0.0012329872697591782,0.0005268175154924393,0.0,0.0,0.00013754353858530521,-3.18142119795084e-05,-0.00017889495939016342,-1.7745420336723328e-05,0.0,0.0,0.00010486133396625519,0.0,0.0,2.0888634026050568e-05,0.0,0.0,0.0,0.0,0.0,0.0,0.0,0.0,0.0,-0.0006543518975377083,0.0,7.5511634349823e-06,0.0,0.00027656275779008865,0.0,0.0,0.0,0.0,0.0,0.0,0.0,0.0,-8.310005068778992e-05,0.0,0.0,-5.126511678099632e-05,0.0003492850810289383,0.0,0.0,0.0,0.0,0.0,0.012883074581623077,0.0,0.0,0.0,9.868992492556572e-06,-0.00028899265453219414,0.0,0.0,0.0,0.0,4.248740151524544e-05,0.0,0.0,0.0,0.0,-4.275515675544739e-05,0.0,0.0
0.0,0.0012329877354204655,0.0005268175154924393,0.0,0.0,0.00013754470273852348,-3.181677311658859e-05,-0.0001788940280675888,-1.7745420336723328e-05,0.0,0.0,0.00010486505925655365,0.0,0.0,2.0887702703475952e-05,0.0,0.0,0.0,0.0,0.0,0.0,0.0,0.0,0.0,-0.0006543509662151337,0.0,7.5511634349823e-06,0.0,0.0002765646204352379,0.0,0.0,0.0,0.0,0.0,0.0,0.0,0.0,-8.310377597808838e-05,0.0,0.0,-5.126325413584709e-05,0.0003492850810289383,0.0,0.0,0.0,0.0,0.0,0.012795157730579376,0.0,0.0,0.0,9.868061169981956e-06,-0.00028899218887090683,0.0,0.0,0.0,0.0,4.248926416039467e-05,0.0,0.0,0.0,0.0,-4.275515675544739e-05,0.0,0.0
0.0,0.0012329863384366035,0.0005268175154924393,0.0,0.0,0.00013754330575466156,-3.1813979148864746e-05,-0.00017889682203531265,-1.7743557691574097e-05,0.0,0.0,0.00010486319661140442,0.0,0.0,2.089235931634903e-05,0.0,0.0,0.0,0.0,0.0,0.0,0.0,0.0,0.0,-0.0006543518975377083,0.0,7.547438144683838e-06,0.0,0.00027656275779008865,0.0,0.0,0.0,0.0,0.0,0.0,0.0,0.0,-8.310563862323761e-05,0.0,0.0,-5.1266513764858246e-05,0.0003492850810289383,0.0,0.0,0.0,0.0,0.0,0.012706048786640167,0.0,0.0,0.0,9.868759661912918e-06,-0.0002889912575483322,0.0,0.0,0.0,0.0,4.248647019267082e-05,0.0,0.0,0.0,0.0,-4.275888204574585e-05,0.0,0.0
0.0,0.0012329868040978909,0.0005268175154924393,0.0,0.0,0.00013754190877079964,-3.1818170100450516e-05,-0.00017889775335788727,-1.7745420336723328e-05,0.0,0.0,0.00010486505925655365,0.0,0.0,2.089422196149826e-05,0.0,0.0,0.0,0.0,0.0,0.0,0.0,0.0,0.0,-0.0006543518975377083,0.0,7.5511634349823e-06,0.0,0.00027656182646751404,0.0,0.0,0.0,0.0,0.0,0.0,0.0,0.0,-8.310191333293915e-05,0.0,0.0,-5.126418545842171e-05,0.0003492850810289383,0.0,0.0,0.0,0.0,0.0,0.012615509331226349,0.0,0.0,0.0,9.870156645774841e-06,-0.00028899218887090683,0.0,0.0,0.0,0.0,4.248740151524544e-05,0.0,0.0,0.0,0.0,-4.275888204574585e-05,0.0,0.0
0.0,0.0012329858727753162,0.0005268193781375885,0.0,0.0,0.00013754353858530521,-3.181560896337032e-05,-0.00017889868468046188,-1.7745420336723328e-05,0.0,0.0,0.00010486505925655365,0.0,0.0,2.08904966711998e-05,0.0,0.0,0.0,0.0,0.0,0.0,0.0,0.0,0.0,-0.0006543528288602829,0.0,7.547438144683838e-06,0.0,0.0002765608951449394,0.0,0.0,0.0,0.0,0.0,0.0,0.0,0.0,-8.310377597808838e-05,0.0,0.0,-5.1264651119709015e-05,0.00034928135573863983,0.0,0.0,0.0,0.0,0.0,0.012522943317890167,0.0,0.0,0.0,9.869690984487534e-06,-0.0002889917232096195,0.0,0.0,0.0,0.0,4.248740151524544e-05,0.0,0.0,0.0,0.0,-4.275888204574585e-05,0.0,0.0
0.0,0.0012329872697591782,0.0005268175154924393,0.0,0.0,0.0001375421416014433,-3.1813979148864746e-05,-0.00017889868468046188,-1.7745420336723328e-05,0.0,0.0,0.00010486505925655365,0.0,0.0,2.0884908735752106e-05,0.0,0.0,0.0,0.0,0.0,0.0,0.0,0.0,0.0,-0.0006543528288602829,0.0,7.547438144683838e-06,0.0,0.00027656275779008865,0.0,0.0,0.0,0.0,0.0,0.0,0.0,0.0,-8.310377597808838e-05,0.0,0.0,-5.126418545842171e-05,0.00034928135573863983,0.0,0.0,0.0,0.0,0.0,0.0124286487698555,0.0,0.0,0.0,9.868526831269264e-06,-0.0002889903262257576,0.0,0.0,0.0,0.0,4.248740151524544e-05,0.0,0.0,0.0,0.0,-4.275888204574585e-05,0.0,0.0
0.0,0.0012329863384366035,0.0005268175154924393,0.0,0.0,0.00013754027895629406,-3.1816307455301285e-05,-0.00017889868468046188,-1.7745420336723328e-05,0.0,0.0,0.00010486319661140442,0.0,0.0,2.0889565348625183e-05,0.0,0.0,0.0,0.0,0.0,0.0,0.0,0.0,0.0,-0.0006543537601828575,0.0,7.549300789833069e-06,0.0,0.0002765599638223648,0.0,0.0,0.0,0.0,0.0,0.0,0.0,0.0,-8.310563862323761e-05,0.0,0.0,-5.126604810357094e-05,0.0003492850810289383,0.0,0.0,0.0,0.0,0.0,0.012331850826740265,0.0,0.0,0.0,9.869690984487534e-06,-0.00028899218887090683,0.0,0.0,0.0,0.0,4.248647019267082e-05,0.0,0.0,0.0,0.0,-4.275515675544739e-05,0.0,0.0
0.0,0.0012329877354204655,0.0005268175154924393,0.0,0.0,0.0001375430729240179,-3.181281499564648e-05,-0.00017889682203531265,-1.7745420336723328e-05,0.0,0.0,0.00010486878454685211,0.0,0.0,2.089235931634903e-05,0.0,0.0,0.0,0.0,0.0,0.0,0.0,0.0,0.0,-0.0006543528288602829,0.0,7.549300789833069e-06,0.0,0.0002765608951449394,0.0,0.0,0.0,0.0,0.0,0.0,0.0,0.0,-8.310750126838684e-05,0.0,0.0,-5.126558244228363e-05,0.00034928321838378906,0.0,0.0,0.0,0.0,0.0,0.012233294546604156,0.0,0.0,0.0,9.867828339338303e-06,-0.0002889903262257576,0.0,0.0,0.0,0.0,4.248647019267082e-05,0.0,0.0,0.0,0.0,-4.275888204574585e-05,0.0,0.0
0.0,0.0012329872697591782,0.0005268175154924393,0.0,0.0,0.0001375421416014433,-3.181374631822109e-05,-0.00017889775335788727,-1.7745420336723328e-05,0.0,0.0,0.00010486692190170288,0.0,0.0,2.08904966711998e-05,0.0,0.0,0.0,0.0,0.0,0.0,0.0,0.0,0.0,-0.0006543537601828575,0.0,7.549300789833069e-06,0.0,0.0002765581011772156,0.0,0.0,0.0,0.0,0.0,0.0,0.0,0.0,-8.310750126838684e-05,0.0,0.0,-5.126558244228363e-05,0.0003492850810289383,0.0,0.0,0.0,0.0,0.0,0.012131847441196442,0.0,0.0,0.0,9.86829400062561e-06,-0.0002889903262257576,0.0,0.0,0.0,0.0,4.248460754752159e-05,0.0,0.0,0.0,0.0,-4.275888204574585e-05,0.0,0.0
0.0,0.0012329872697591782,0.0005268175154924393,0.0,0.0,0.00013754144310951233,-3.181491047143936e-05,-0.00017889868468046188,-1.7745420336723328e-05,0.0,0.0,0.00010486505925655365,0.0,0.0,2.0887702703475952e-05,0.0,0.0,0.0,0.0,0.0,0.0,0.0,0.0,0.0,-0.0006543509662151337,0.0,7.549300789833069e-06,0.0,0.0002765599638223648,0.0,0.0,0.0,0.0,0.0,0.0,0.0,0.0,-8.310377597808838e-05,0.0,0.0,-5.126418545842171e-05,0.00034928135573863983,0.0,0.0,0.0,0.0,0.0,0.012028254568576813,0.0,0.0,0.0,9.868759661912918e-06,-0.0002889907918870449,0.0,0.0,0.0,0.0,4.2483676224946976e-05,0.0,0.0,0.0,0.0,-4.275888204574585e-05,0.0,0.0
0.0,0.0012329877354204655,0.0005268175154924393,0.0,0.0,0.0001375421416014433,-3.1817005947232246e-05,-0.00017889682203531265,-1.7745420336723328e-05,0.0,0.0,0.00010486505925655365,0.0,0.0,2.0888634026050568e-05,0.0,0.0,0.0,0.0,0.0,0.0,0.0,0.0,0.0,-0.0006543537601828575,0.0,7.5511634349823e-06,0.0,0.00027656182646751404,0.0,0.0,0.0,0.0,0.0,0.0,0.0,0.0,-8.310750126838684e-05,0.0,0.0,-5.12637197971344e-05,0.00034928321838378906,0.0,0.0,0.0,0.0,0.0,0.011921621859073639,0.0,0.0,0.0,9.86829400062561e-06,-0.00028899218887090683,0.0,0.0,0.0,0.0,4.248460754752159e-05,0.0,0.0,0.0,0.0,-4.275888204574585e-05,0.0,0.0
0.0,0.0012329872697591782,0.0005268175154924393,0.0,0.0,0.00013754284009337425,-3.181467764079571e-05,-0.00017889682203531265,-1.7745420336723328e-05,0.0,0.0,0.00010486319661140442,0.0,0.0,2.0889565348625183e-05,0.0,0.0,0.0,0.0,0.0,0.0,0.0,0.0,0.0,-0.0006543528288602829,0.0,7.5511634349823e-06,0.0,0.00027656275779008865,0.0,0.0,0.0,0.0,0.0,0.0,0.0,0.0,-8.310377597808838e-05,0.0,0.0,-5.1264651119709015e-05,0.00034928135573863983,0.0,0.0,0.0,0.0,0.0,0.011812426149845123,0.0,0.0,0.0,9.869690984487534e-06,-0.0002889917232096195,0.0,0.0,0.0,0.0,4.248553887009621e-05,0.0,0.0,0.0,0.0,-4.275888204574585e-05,0.0,0.0
0.0,0.001232985407114029,0.0005268175154924393,0.0,0.0,0.00013754167594015598,-3.1813979148864746e-05,-0.00017889589071273804,-1.7743557691574097e-05,0.0,0.0,0.00010486505925655365,0.0,0.0,2.0886771380901337e-05,0.0,0.0,0.0,0.0,0.0,0.0,0.0,0.0,0.0,-0.0006543537601828575,0.0,7.5511634349823e-06,0.0,0.0002765646204352379,0.0,0.0,0.0,0.0,0.0,0.0,0.0,0.0,-8.310377597808838e-05,0.0,0.0,-5.12637197971344e-05,0.00034928321838378906,0.0,0.0,0.0,0.0,0.0,0.011700280010700226,0.0,0.0,0.0,9.868992492556572e-06,-0.0002889903262257576,0.0,0.0,0.0,0.0,4.248553887009621e-05,0.0,0.0,0.0,0.0,-4.275888204574585e-05,0.0,0.0
0.0,0.001232985407114029,0.0005268212407827377,0.0,0.0,0.0001375430729240179,-3.18142119795084e-05,-0.00017889589071273804,-1.7745420336723328e-05,0.0,0.0,0.00010486692190170288,0.0,0.0,2.0889565348625183e-05,0.0,0.0,0.0,0.0,0.0,0.0,0.0,0.0,0.0,-0.0006543528288602829,0.0,7.5511634349823e-06,0.0,0.0002765655517578125,0.0,0.0,0.0,0.0,0.0,0.0,0.0,0.0,-8.310191333293915e-05,0.0,0.0,-5.1262788474559784e-05,0.00034928321838378906,0.0,0.0,0.0,0.0,0.0,0.011584945023059845,0.0,0.0,0.0,9.868992492556572e-06,-0.0002889912575483322,0.0,0.0,0.0,0.0,4.2483676224946976e-05,0.0,0.0,0.0,0.0,-4.275888204574585e-05,0.0,0.0
0.0,0.001232985407114029,0.0005268193781375885,0.0,0.0,0.00013754330575466156,-3.181467764079571e-05,-0.0001788930967450142,-1.7745420336723328e-05,0.0,0.0,0.00010486505925655365,0.0,0.0,2.08904966711998e-05,0.0,0.0,0.0,0.0,0.0,0.0,0.0,0.0,0.0,-0.0006543546915054321,0.0,7.547438144683838e-06,0.0,0.0002765646204352379,0.0,0.0,0.0,0.0,0.0,0.0,0.0,0.0,-8.310563862323761e-05,0.0,0.0,-5.1262788474559784e-05,0.0003492850810289383,0.0,0.0,0.0,0.0,0.0,0.011466510593891144,0.0,0.0,0.0,9.869690984487534e-06,-0.0002889898605644703,0.0,0.0,0.0,0.0,4.248553887009621e-05,0.0,0.0,0.0,0.0,-4.275701940059662e-05,0.0,0.0
0.0,0.0012329849414527416,0.0005268212407827377,0.0,0.0,0.0001375421416014433,-3.181560896337032e-05,-0.00017889589071273804,-1.7745420336723328e-05,0.0,0.0,0.00010486505925655365,0.0,0.0,2.0889565348625183e-05,0.0,0.0,0.0,0.0,0.0,0.0,0.0,0.0,0.0,-0.0006543537601828575,0.0,7.549300789833069e-06,0.0,0.00027656368911266327,0.0,0.0,0.0,0.0,0.0,0.0,0.0,0.0,-8.310563862323761e-05,0.0,0.0,-5.1262788474559784e-05,0.00034928321838378906,0.0,0.0,0.0,0.0,0.0,0.011344827711582184,0.0,0.0,0.0,9.867362678050995e-06,-0.0002889903262257576,0.0,0.0,0.0,0.0,4.248647019267082e-05,0.0,0.0,0.0,0.0,-4.275888204574585e-05,0.0,0.0
0.0,0.001232985407114029,0.0005268212407827377,0.0,0.0,0.00013754353858530521,-3.181607462465763e-05,-0.00017889868468046188,-1.7745420336723328e-05,0.0,0.0,0.00010486505925655365,0.0,0.0,2.0888634026050568e-05,0.0,0.0,0.0,0.0,0.0,0.0,0.0,0.0,0.0,-0.0006543556228280067,0.0,7.5511634349823e-06,0.0,0.00027656275779008865,0.0,0.0,0.0,0.0,0.0,0.0,0.0,0.0,-8.310563862323761e-05,0.0,0.0,-5.12637197971344e-05,0.00034928321838378906,0.0,0.0,0.0,0.0,0.0,0.011220045387744904,0.0,0.0,0.0,9.868759661912918e-06,-0.0002889907918870449,0.0,0.0,0.0,0.0,4.248553887009621e-05,0.0,0.0,0.0,0.0,-4.275888204574585e-05,0.0,0.0
0.0,0.0012329863384366035,0.0005268175154924393,0.0,0.0,0.00013754190877079964,-3.1815143302083015e-05,-0.00017889682203531265,-1.7745420336723328e-05,0.0,0.0,0.00010486505925655365,0.0,0.0,2.0886771380901337e-05,0.0,0.0,0.0,0.0,0.0,0.0,0.0,0.0,0.0,-0.0006543518975377083,0.0,7.5511634349823e-06,0.0,0.00027656182646751404,0.0,0.0,0.0,0.0,0.0,0.0,0.0,0.0,-8.310563862323761e-05,0.0,0.0,-5.1264651119709015e-05,0.00034928135573863983,0.0,0.0,0.0,0.0,0.0,0.011091537773609161,0.0,0.0,0.0,9.869690984487534e-06,-0.0002889889292418957,0.0,0.0,0.0,0.0,4.248460754752159e-05,0.0,0.0,0.0,0.0,-4.275888204574585e-05,0.0,0.0
0.0,0.0012329863384366035,0.0005268175154924393,0.0,0.0,0.00013754400424659252,-3.181910142302513e-05,-0.00017889775335788727,-1.7745420336723328e-05,0.0,0.0,0.00010486319661140442,0.0,0.0,2.0888634026050568e-05,0.0,0.0,0.0,0.0,0.0,0.0,0.0,0.0,0.0,-0.0006543537601828575,0.0,7.549300789833069e-06,0.0,0.0002765608951449394,0.0,0.0,0.0,0.0,0.0,0.0,0.0,0.0,-8.310563862323761e-05,0.0,0.0,-5.12637197971344e-05,0.00034928321838378906,0.0,0.0,0.0,0.0,0.0,0.010959513485431671,0.0,0.0,0.0,9.869225323200226e-06,-0.0002889903262257576,0.0,0.0,0.0,0.0,4.248553887009621e-05,0.0,0.0,0.0,0.0,-4.276260733604431e-05,0.0,0.0
0.0,0.0012329868040978909,0.0005268175154924393,0.0,0.0,0.00013754377141594887,-3.1813979148864746e-05,-0.00017889495939016342,-1.7745420336723328e-05,0.0,0.0,0.00010486319661140442,0.0,0.0,2.0886771380901337e-05,0.0,0.0,0.0,0.0,0.0,0.0,0.0,0.0,0.0,-0.0006543528288602829,0.0,7.5511634349823e-06,0.0,0.00027656182646751404,0.0,0.0,0.0,0.0,0.0,0.0,0.0,0.0,-8.310750126838684e-05,0.0,0.0,-5.126185715198517e-05,0.00034928321838378906,0.0,0.0,0.0,0.0,0.0,0.010824151337146759,0.0,0.0,0.0,9.86829400062561e-06,-0.0002889912575483322,0.0,0.0,0.0,0.0,4.248833283782005e-05,0.0,0.0,0.0,0.0,-4.276260733604431e-05,0.0,0.0
0.0,0.0012329863384366035,0.0005268175154924393,0.0,0.0,0.00013754121027886868,-3.181584179401398e-05,-0.00017889495939016342,-1.7745420336723328e-05,0.0,0.0,0.00010486319661140442,0.0,0.0,2.0886771380901337e-05,0.0,0.0,0.0,0.0,0.0,0.0,0.0,0.0,0.0,-0.0006543528288602829,0.0,7.5511634349823e-06,0.0,0.0002765608951449394,0.0,0.0,0.0,0.0,0.0,0.0,0.0,0.0,-8.310563862323761e-05,0.0,0.0,-5.12637197971344e-05,0.0003492850810289383,0.0,0.0,0.0,0.0,0.0,0.010684825479984283,0.0,0.0,0.0,9.86829400062561e-06,-0.0002889912575483322,0.0,0.0,0.0,0.0,4.248647019267082e-05,0.0,0.0,0.0,0.0,-4.275888204574585e-05,0.0,0.0
0.0,0.0012329849414527416,0.0005268175154924393,0.0,0.0,0.0001375391148030758,-3.181607462465763e-05,-0.00017889495939016342,-1.7745420336723328e-05,0.0,0.0,0.00010486505925655365,0.0,0.0,2.0884908735752106e-05,0.0,0.0,0.0,0.0,0.0,0.0,0.0,0.0,0.0,-0.0006543546915054321,0.0,7.5511634349823e-06,0.0,0.00027656275779008865,0.0,0.0,0.0,0.0,0.0,0.0,0.0,0.0,-8.310936391353607e-05,0.0,0.0,-5.126185715198517e-05,0.0003492850810289383,0.0,0.0,0.0,0.0,0.0,0.010542191565036774,0.0,0.0,0.0,9.868759661912918e-06,-0.00028899312019348145,0.0,0.0,0.0,0.0,4.248833283782005e-05,0.0,0.0,0.0,0.0,-4.275701940059662e-05,0.0,0.0
0.0,0.0012329858727753162,0.0005268175154924393,0.0,0.0,0.00013754121027886868,-3.1809788197278976e-05,-0.00017889495939016342,-1.7745420336723328e-05,0.0,0.0,0.00010486505925655365,0.0,0.0,2.0886771380901337e-05,0.0,0.0,0.0,0.0,0.0,0.0,0.0,0.0,0.0,-0.0006543537601828575,0.0,7.5511634349823e-06,0.0,0.0002765646204352379,0.0,0.0,0.0,0.0,0.0,0.0,0.0,0.0,-8.310377597808838e-05,0.0,0.0,-5.12637197971344e-05,0.0003492850810289383,0.0,0.0,0.0,0.0,0.0,0.010395832359790802,0.0,0.0,0.0,9.870156645774841e-06,-0.000288989394903183,0.0,0.0,0.0,0.0,4.248553887009621e-05,0.0,0.0,0.0,0.0,-4.275701940059662e-05,0.0,0.0
0.0,0.001232985407114029,0.0005268175154924393,0.0,0.0,0.0001375421416014433,-3.181234933435917e-05,-0.00017889682203531265,-1.7743557691574097e-05,0.0,0.0,0.00010486505925655365,0.0,0.0,2.0888634026050568e-05,0.0,0.0,0.0,0.0,0.0,0.0,0.0,0.0,0.0,-0.0006543518975377083,0.0,7.553026080131531e-06,0.0,0.0002765646204352379,0.0,0.0,0.0,0.0,0.0,0.0,0.0,0.0,-8.310377597808838e-05,0.0,0.0,-5.12637197971344e-05,0.0003492850810289383,0.0,0.0,0.0,0.0,0.0,0.01024547964334488,0.0,0.0,0.0,9.872252121567726e-06,-0.0002889903262257576,0.0,0.0,0.0,0.0,4.248647019267082e-05,0.0,0.0,0.0,0.0,-4.275515675544739e-05,0.0,0.0
0.0,0.0012329849414527416,0.0005268175154924393,0.0,0.0,0.00013754167594015598,-3.18172387778759e-05,-0.00017889589071273804,-1.7745420336723328e-05,0.0,0.0,0.00010486505925655365,0.0,0.0,2.0888634026050568e-05,0.0,0.0,0.0,0.0,0.0,0.0,0.0,0.0,0.0,-0.0006543528288602829,0.0,7.547438144683838e-06,0.0,0.0002765664830803871,0.0,0.0,0.0,0.0,0.0,0.0,0.0,0.0,-8.310191333293915e-05,0.0,0.0,-5.126604810357094e-05,0.0003492850810289383,0.0,0.0,0.0,0.0,0.0,0.010092176496982574,0.0,0.0,0.0,9.869923815131187e-06,-0.0002889889292418957,0.0,0.0,0.0,0.0,4.2483676224946976e-05,0.0,0.0,0.0,0.0,-4.2743980884552e-05,0.0,0.0
0.0,0.0012329872697591782,0.0005268175154924393,0.0,0.0,0.00013754400424659252,-3.181491047143936e-05,-0.00017889868468046188,-1.7745420336723328e-05,0.0,0.0,0.00010486319661140442,0.0,0.0,2.0886771380901337e-05,0.0,0.0,0.0,0.0,0.0,0.0,0.0,0.0,0.0,-0.0006543537601828575,0.0,7.547438144683838e-06,0.0,0.0002765655517578125,0.0,0.0,0.0,0.0,0.0,0.0,0.0,0.0,-8.310563862323761e-05,0.0,0.0,-5.126604810357094e-05,0.00034928321838378906,0.0,0.0,0.0,0.0,0.0,0.009934492409229279,0.0,0.0,0.0,9.871087968349457e-06,-0.000288989394903183,0.0,0.0,0.0,0.0,4.248647019267082e-05,0.0,0.0,0.0,0.0,-4.2751431465148926e-05,0.0,0.0
0.0,0.0012329863384366035,0.0005268193781375885,0.0,0.0,0.0001375456340610981,-3.181467764079571e-05,-0.00017889868468046188,-1.7745420336723328e-05,0.0,0.0,0.00010486133396625519,0.0,0.0,2.0886771380901337e-05,0.0,0.0,0.0,0.0,0.0,0.0,0.0,0.0,0.0,-0.0006543528288602829,0.0,7.547438144683838e-06,0.0,0.0002765655517578125,0.0,0.0,0.0,0.0,0.0,0.0,0.0,0.0,-8.310563862323761e-05,0.0,0.0,-5.12637197971344e-05,0.00034928321838378906,0.0,0.0,0.0,0.0,0.0,0.009774096310138702,0.0,0.0,0.0,9.87364910542965e-06,-0.000288989394903183,0.0,0.0,0.0,0.0,4.248553887009621e-05,0.0,0.0,0.0,0.0,-4.2743980884552e-05,0.0,0.0
0.0,0.0012329872697591782,0.0005268175154924393,0.0,0.0,0.00013754400424659252,-3.1816307455301285e-05,-0.00017889868468046188,-1.7745420336723328e-05,0.0,0.0,0.00010486133396625519,0.0,0.0,2.0886771380901337e-05,0.0,0.0,0.0,0.0,0.0,0.0,0.0,0.0,0.0,-0.0006543537601828575,0.0,7.5511634349823e-06,0.0,0.00027656182646751404,0.0,0.0,0.0,0.0,0.0,0.0,0.0,0.0,-8.310005068778992e-05,0.0,0.0,-5.1264651119709015e-05,0.00034928135573863983,0.0,0.0,0.0,0.0,0.0,0.009609498083591461,0.0,0.0,0.0,9.875278919935226e-06,-0.0002889903262257576,0.0,0.0,0.0,0.0,4.248553887009621e-05,0.0,0.0,0.0,0.0,-4.2732805013656616e-05,0.0,0.0
0.0,0.0012329844757914543,0.0005268193781375885,0.0,0.0,0.00013754330575466156,-3.181351348757744e-05,-0.00017889682203531265,-1.774914562702179e-05,0.0,0.0,0.00010485947132110596,0.0,0.0,2.088397741317749e-05,0.0,0.0,0.0,0.0,0.0,0.0,0.0,0.0,0.0,-0.0006543528288602829,0.0,7.543712854385376e-06,0.0,0.0002765608951449394,0.0,0.0,0.0,0.0,0.0,0.0,0.0,0.0,-8.310191333293915e-05,0.0,0.0,-5.1262788474559784e-05,0.0003492794930934906,0.0,0.0,0.0,0.0,0.0,0.009442098438739777,0.0,0.0,0.0,9.876210242509842e-06,-0.000288989394903183,0.0,0.0,0.0,0.0,4.248460754752159e-05,0.0,0.0,0.0,0.0,-4.272162914276123e-05,0.0,0.0
0.0,0.0012329835444688797,0.0005268175154924393,0.0,0.0,0.00013753841631114483,-3.182003274559975e-05,-0.00017889868468046188,-1.774914562702179e-05,0.0,0.0,0.0001048557460308075,0.0,0.0,2.0883046090602875e-05,0.0,0.0,0.0,0.0,0.0,0.0,0.0,0.0,0.0,-0.0006543481722474098,0.0,7.543712854385376e-06,0.0,0.00027656182646751404,0.0,0.0,0.0,0.0,0.0,0.0,0.0,0.0,-8.309818804264069e-05,0.0,0.0,-5.126325413584709e-05,0.00034928135573863983,0.0,0.0,0.0,0.0,0.0,0.009271331131458282,0.0,0.0,0.0,9.882962331175804e-06,-0.0002889903262257576,0.0,0.0,0.0,0.0,4.248460754752159e-05,0.0,0.0,0.0,0.0,-4.2710453271865845e-05,0.0,0.0
0.0,0.0012329872697591782,0.0005268137902021408,0.0,0.0,0.00013753422535955906,-3.182399086654186e-05,-0.00017889775335788727,-1.775100827217102e-05,0.0,0.0,0.0001048501580953598,0.0,0.0,2.0886771380901337e-05,0.0,0.0,0.0,0.0,0.0,0.0,0.0,0.0,0.0,-0.0006543444469571114,0.0,7.543712854385376e-06,0.0,0.00027656275779008865,0.0,0.0,0.0,0.0,0.0,0.0,0.0,0.0,-8.310377597808838e-05,0.0,0.0,-5.1264651119709015e-05,0.00034927763044834137,0.0,0.0,0.0,0.0,0.0,0.009097613394260406,0.0,0.0,0.0,9.88808460533619e-06,-0.00028898846358060837,0.0,0.0,0.0,0.0,4.248553887009621e-05,0.0,0.0,0.0,0.0,-4.268810153007507e-05,0.0,0.0
0.0,0.0012329858727753162,0.0005268175154924393,0.0,0.0,0.0001375305000692606,-3.1828414648771286e-05,-0.00017890054732561111,-1.775287091732025e-05,0.0,0.0,0.00010484643280506134,0.0,0.0,2.0884908735752106e-05,0.0,0.0,0.0,0.0,0.0,0.0,0.0,0.0,0.0,-0.0006543342024087906,0.0,7.547438144683838e-06,0.0,0.0002765608951449394,0.0,0.0,0.0,0.0,0.0,0.0,0.0,0.0,-8.310005068778992e-05,0.0,0.0,-5.1262788474559784e-05,0.0003492739051580429,0.0,0.0,0.0,0.0,0.0,0.008921243250370026,0.0,0.0,0.0,9.901123121380806e-06,-0.000288989394903183,0.0,0.0,0.0,0.0,4.248088225722313e-05,0.0,0.0,0.0,0.0,-4.2654573917388916e-05,0.0,0.0
0.0,0.0012329835444688797,0.0005268137902021408,0.0,0.0,0.0001375270076096058,-3.184424713253975e-05,-0.00017890427261590958,-1.7756596207618713e-05,0.0,0.0,0.00010483525693416595,0.0,0.0,2.0884908735752106e-05,0.0,0.0,0.0,0.0,0.0,0.0,0.0,0.0,0.0,-0.000654325820505619,0.0,7.547438144683838e-06,0.0,0.0002765608951449394,0.0,0.0,0.0,0.0,0.0,0.0,0.0,0.0,-8.310005068778992e-05,0.0,0.0,-5.126558244228363e-05,0.0003492739051580429,0.0,0.0,0.0,0.0,0.0,0.008742310106754303,0.0,0.0,0.0,9.9188182502985e-06,-0.00028898706659674644,0.0,0.0,0.0,0.0,4.247808828949928e-05,0.0,0.0,0.0,0.0,-4.260987043380737e-05,0.0,0.0
0.0,0.0012329807505011559,0.0005268063396215439,0.0,0.0,0.00013751257210969925,-3.1863339245319366e-05,-0.00017890334129333496,-1.7758458852767944e-05,0.0,0.0,0.00010481290519237518,0.0,0.0,2.08904966711998e-05,0.0,0.0,0.0,0.0,0.0,0.0,0.0,0.0,0.0,-0.000654309056699276,0.0,7.547438144683838e-06,0.0,0.00027655623853206635,0.0,0.0,0.0,0.0,0.0,0.0,0.0,0.0,-8.310191333293915e-05,0.0,0.0,-5.1270704716444016e-05,0.00034926459193229675,0.0,0.0,0.0,0.0,0.0,0.008560724556446075,0.0,0.0,0.0,9.952113032341003e-06,-0.0002889828756451607,0.0,0.0,0.0,0.0,4.247715696692467e-05,0.0,0.0,0.0,0.0,-4.254654049873352e-05,0.0,0.0
0.0,0.0012329742312431335,0.0005268026143312454,0.0,0.0,0.00013748952187597752,-3.1901756301522255e-05,-0.00017890427261590958,-1.7764046788215637e-05,0.0,0.0,0.00010479055345058441,0.0,0.0,2.08904966711998e-05,0.0,0.0,0.0,0.0,0.0,0.0,0.0,0.0,0.0,-0.0006542829796671867,0.0,7.539987564086914e-06,0.0,0.00027655158191919327,0.0,0.0,0.0,0.0,0.0,0.0,0.0,0.0,-8.310191333293915e-05,0.0,0.0,-5.128420889377594e-05,0.00034925155341625214,0.0,0.0,0.0,0.0,0.0,0.008377350866794586,0.0,0.0,0.0,1.0002870112657547e-05,-0.0002889768220484257,0.0,0.0,0.0,0.0,4.246877506375313e-05,0.0,0.0,0.0,0.0,-4.2438507080078125e-05,0.0,0.0
0.0,0.0012329565361142159,0.0005267877131700516,0.0,0.0,0.0001374608837068081,-3.1964853405952454e-05,-0.00017890986055135727,-1.777149736881256e-05,0.0,0.0,0.0001047421246767044,0.0,0.0,2.0884908735752106e-05,0.0,0.0,0.0,0.0,0.0,0.0,0.0,0.0,0.0,-0.0006542447954416275,0.0,7.549300789833069e-06,0.0,0.0002765469253063202,0.0,0.0,0.0,0.0,0.0,0.0,0.0,0.0,-8.310005068778992e-05,0.0,0.0,-5.130469799041748e-05,0.00034922920167446136,0.0,0.0,0.0,0.0,0.0,0.008192010223865509,0.0,0.0,0.0,1.0084360837936401e-05,-0.0002889661118388176,0.0,0.0,0.0,0.0,4.245387390255928e-05,0.0,0.0,0.0,0.0,-4.22988086938858e-05,0.0,0.0
0.0,0.0012329351156949997,0.0005267690867185593,0.0,0.0,0.0001374008134007454,-3.207055851817131e-05,-0.00017891637980937958,-1.7778947949409485e-05,0.0,0.0,0.00010468065738677979,0.0,0.0,2.0886771380901337e-05,0.0,0.0,0.0,0.0,0.0,0.0,0.0,0.0,0.0,-0.0006541898474097252,0.0,7.556751370429993e-06,0.0,0.00027653761208057404,0.0,0.0,0.0,0.0,0.0,0.0,0.0,0.0,-8.310936391353607e-05,0.0,0.0,-5.1349401473999023e-05,0.00034919939935207367,0.0,0.0,0.0,0.0,0.0,0.008004851639270782,0.0,0.0,0.0,1.0217074304819107e-05,-0.0002889474853873253,0.0,0.0,0.0,0.0,4.242965951561928e-05,0.0,0.0,0.0,0.0,-4.2105093598365784e-05,0.0,0.0
0.0,0.0012328997254371643,0.0005267355591058731,0.0,0.0,0.00013731559738516808,-3.223004750907421e-05,-0.00017893314361572266,-1.7782673239707947e-05,0.0,0.0,0.00010458379983901978,0.0,0.0,2.0886771380901337e-05,0.0,0.0,0.0,0.0,0.0,0.0,0.0,0.0,0.0,-0.000654115341603756,0.0,7.588416337966919e-06,0.0,0.0002765236422419548,0.0,0.0,0.0,0.0,0.0,0.0,0.0,0.0,-8.315220475196838e-05,0.0,0.0,-5.142390727996826e-05,0.0003491472452878952,0.0,0.0,0.0,0.0,0.0,0.007816143333911896,0.0,0.0,0.0,1.0427553206682205e-05,-0.0002889195457100868,0.0,0.0,0.0,0.0,4.238774999976158e-05,0.0,0.0,0.0,0.0,-4.1812658309936523e-05,0.0,0.0
0.0,0.0012328498996794224,0.0005266796797513962,0.0,0.0,0.0001371756661683321,-3.24971042573452e-05,-0.0001789601519703865,-1.7782673239707947e-05,0.0,0.0,0.00010443851351737976,0.0,0.0,2.0884908735752106e-05,0.0,0.0,0.0,0.0,0.0,0.0,0.0,0.0,0.0,-0.0006540091708302498,0.0,7.64802098274231e-06,0.0,0.00027650222182273865,0.0,0.0,0.0,0.0,0.0,0.0,0.0,0.0,-8.322857320308685e-05,0.0,0.0,-5.1557086408138275e-05,0.0003490634262561798,0.0,0.0,0.0,0.0,0.0,0.007624812424182892,0.0,0.0,0.0,1.0760733857750893e-05,-0.0002888692542910576,0.0,0.0,0.0,0.0,4.231603816151619e-05,0.0,0.0,0.0,0.0,-4.139915108680725e-05,0.0,0.0
0.0,0.001232803799211979,0.0005265753716230392,0.0,0.0,0.00013696448877453804,-3.291293978691101e-05,-0.0001790085807442665,-1.7775222659111023e-05,0.0,0.0,0.00010421127080917358,0.0,0.0,2.0878389477729797e-05,0.0,0.0,0.0,0.0,0.0,0.0,0.0,0.0,0.0,-0.0006538769230246544,0.0,7.774680852890015e-06,0.0,0.0002764808014035225,0.0,0.0,0.0,0.0,0.0,0.0,0.0,0.0,-8.339248597621918e-05,0.0,0.0,-5.1787588745355606e-05,0.0003489311784505844,0.0,0.0,0.0,0.0,0.0,0.007431603968143463,0.0,0.0,0.0,1.1281576007604599e-05,-0.0002887742593884468,0.0,0.0,0.0,0.0,4.2193103581666946e-05,0.0,0.0,0.0,0.0,-4.0804967284202576e-05,0.0,0.0
0.0,0.0012327725999057293,0.0005264114588499069,0.0,0.0,0.00013664690777659416,-3.353133797645569e-05,-0.00017910636961460114,-1.774728298187256e-05,0.0,0.0,0.00010386668145656586,0.0,0.0,2.085324376821518e-05,0.0,0.0,0.0,0.0,0.0,0.0,0.0,0.0,0.0,-0.000653720460832119,0.0,7.985159754753113e-06,0.0,0.00027646031230688095,0.0,0.0,0.0,0.0,0.0,0.0,0.0,0.0,-8.366815745830536e-05,0.0,0.0,-5.2166637033224106e-05,0.0003487374633550644,0.0,0.0,0.0,0.0,0.0,0.007233835756778717,0.0,0.0,0.0,1.2083910405635834e-05,-0.0002885987050831318,0.0,0.0,0.0,0.0,4.1985418647527695e-05,0.0,0.0,0.0,0.0,-3.994256258010864e-05,0.0,0.0
0.0,0.0012328317388892174,0.0005261283367872238,0.0,0.0,0.00013618473894894123,-3.4470343962311745e-05,-0.0001792972907423973,-1.7682090401649475e-05,0.0,0.0,0.00010334514081478119,0.0,0.0,2.0810402929782867e-05,0.0,0.0,0.0,0.0,0.0,0.0,0.0,0.0,0.0,-0.0006535667926073074,0.0,8.337199687957764e-06,0.0,0.00027645379304885864,0.0,0.0,0.0,0.0,0.0,0.0,0.0,0.0,-8.407421410083771e-05,0.0,0.0,-5.276314914226532e-05,0.00034844130277633667,0.0,0.0,0.0,0.0,0.0,0.007031865417957306,0.0,0.0,0.0,1.3301847502589226e-05,-0.000288285780698061,0.0,0.0,0.0,0.0,4.163617268204689e-05,0.0,0.0,0.0,0.0,-3.8702040910720825e-05,0.0,0.0
0.0,0.0012330934405326843,0.0005256496369838715,0.0,0.0,0.00013551418669521809,-3.5853590816259384e-05,-0.00017965491861104965,-1.755543053150177e-05,0.0,0.0,0.00010257028043270111,0.0,0.0,2.0732171833515167e-05,0.0,0.0,0.0,0.0,0.0,0.0,0.0,0.0,0.0,-0.0006534811109304428,0.0,8.87364149093628e-06,0.0,0.0002764863893389702,0.0,0.0,0.0,0.0,0.0,0.0,0.0,0.0,-8.457154035568237e-05,0.0,0.0,-5.367770791053772e-05,0.0003480110317468643,0.0,0.0,0.0,0.0,0.0,0.006819911301136017,0.0,0.0,0.0,1.512165181338787e-05,-0.0002877376973628998,0.0,0.0,0.0,0.0,4.106154665350914e-05,0.0,0.0,0.0,0.0,-3.692135214805603e-05,0.0,0.0
0.0,0.0012337672524154186,0.0005248468369245529,0.0,0.0,0.00013455585576593876,-3.7851277738809586e-05,-0.0001803068444132805,-1.7346814274787903e-05,0.0,0.0,0.00010142847895622253,0.0,0.0,2.0605511963367462e-05,0.0,0.0,0.0,0.0,0.0,0.0,0.0,0.0,0.0,-0.0006535975262522697,0.0,9.620562195777893e-06,0.0,0.0002766186371445656,0.0,0.0,0.0,0.0,0.0,0.0,0.0,0.0,-8.500553667545319e-05,0.0,0.0,-5.500204861164093e-05,0.0003474205732345581,0.0,0.0,0.0,0.0,0.0,0.006598718464374542,0.0,0.0,0.0,1.776730641722679e-05,-0.00028679054230451584,0.0,0.0,0.0,0.0,4.0100421756505966e-05,0.0,0.0,0.0,0.0,-3.4358352422714233e-05,0.0,0.0
0.0,0.0012351758778095245,0.0005235001444816589,0.0,0.0,0.0001331919338554144,-4.0668994188308716e-05,-0.00018144678324460983,-1.7033889889717102e-05,0.0,0.0,9.97837632894516e-05,0.0,0.0,2.0378269255161285e-05,0.0,0.0,0.0,0.0,0.0,0.0,0.0,0.0,0.0,-0.0006541945040225983,0.0,1.0546296834945679e-05,0.0,0.0002769511193037033,0.0,0.0,0.0,0.0,0.0,0.0,0.0,0.0,-8.502043783664703e-05,0.0,0.0,-5.682650953531265e-05,0.0003466326743364334,0.0,0.0,0.0,0.0,0.0,0.006353564560413361,0.0,0.0,0.0,2.1492596715688705e-05,-0.00028522126376628876,0.0,0.0,0.0,0.0,3.8490165024995804e-05,0.0,0.0,0.0,0.0,-3.070570528507233e-05,0.0,0.0
0.0,0.001237756572663784,0.0005212705582380295,0.0,0.0,0.00013118283823132515,-4.454469308257103e-05,-0.00018336810171604156,-1.6627833247184753e-05,0.0,0.0,9.747222065925598e-05,0.0,0.0,2.001505345106125e-05,0.0,0.0,0.0,0.0,0.0,0.0,0.0,0.0,0.0,-0.0006557805463671684,0.0,1.1453405022621155e-05,0.0,0.00027769897133111954,0.0,0.0,0.0,0.0,0.0,0.0,0.0,0.0,-8.408911526203156e-05,0.0,0.0,-5.9135258197784424e-05,0.00034564174711704254,0.0,0.0,0.0,0.0,0.0,0.00609145313501358,0.0,0.0,0.0,2.6538735255599022e-05,-0.00028271880000829697,0.0,0.0,0.0,0.0,3.5814475268125534e-05,0.0,0.0,0.0,0.0,-2.5548040866851807e-05,0.0,0.0
0.0,0.001242003869265318,0.0005175936967134476,0.0,0.0,0.00012813066132366657,-4.9649737775325775e-05,-0.00018643122166395187,-1.6236677765846252e-05,0.0,0.0,9.433552622795105e-05,0.0,0.0,1.947116106748581e-05,0.0,0.0,0.0,0.0,0.0,0.0,0.0,0.0,0.0,-0.0006592785939574242,0.0,1.1924654245376587e-05,0.0,0.00027931947261095047,0.0,0.0,0.0,0.0,0.0,0.0,0.0,0.0,-8.151493966579437e-05,0.0,0.0,-6.170570850372314e-05,0.0003445576876401901,0.0,0.0,0.0,0.0,0.0,0.0057750120759010315,0.0,0.0,0.0,3.3024000003933907e-05,-0.00027894414961338043,0.0,0.0,0.0,0.0,3.138510510325432e-05,0.0,0.0,0.0,0.0,-1.8384307622909546e-05,0.0,0.0
0.0,0.001248326152563095,0.00051153264939785,0.0,0.0,0.00012340745888650417,-5.60050830245018e-05,-0.00019102822989225388,-1.6165897250175476e-05,0.0,0.0,9.028986096382141e-05,0.0,0.0,1.8642283976078033e-05,0.0,0.0,0.0,0.0,0.0,0.0,0.0,0.0,0.0,-0.0006662765517830849,0.0,1.115351915359497e-05,0.0,0.0002827132120728493,0.0,0.0,0.0,0.0,0.0,0.0,0.0,0.0,-7.67931342124939e-05,0.0,0.0,-6.392784416675568e-05,0.0003436040133237839,0.0,0.0,0.0,0.0,0.0,0.005431778728961945,0.0,0.0,0.0,4.076003096997738e-05,-0.0002736346796154976,0.0,0.0,0.0,0.0,2.4202745407819748e-05,0.0,0.0,0.0,0.0,-8.730217814445496e-06,0.0,0.0
0.0,0.0012567187659442425,0.0005015581846237183,0.0,0.0,0.00011613103561103344,-6.324239075183868e-05,-0.00019736867398023605,-1.7097219824790955e-05,0.0,0.0,8.545070886611938e-05,0.0,0.0,1.7403624951839447e-05,0.0,0.0,0.0,0.0,0.0,0.0,0.0,0.0,0.0,-0.0006794361397624016,0.0,7.908791303634644e-06,0.0,0.0002893861383199692,0.0,0.0,0.0,0.0,0.0,0.0,0.0,0.0,-7.018633186817169e-05,0.0,0.0,-6.453460082411766e-05,0.0003433525562286377,0.0,0.0,0.0,0.0,0.0,0.004973955452442169,0.0,0.0,0.0,4.901713691651821e-05,-0.00026690773665905,0.0,0.0,0.0,0.0,1.2923497706651688e-05,0.0,0.0,0.0,0.0,3.56137752532959e-06,0.0,0.0
0.0,0.0012662452645599842,0.00048504769802093506,0.0,0.0,0.00010539451614022255,-7.021008059382439e-05,-0.00020508095622062683,-2.0312145352363586e-05,0.0,0.0,8.033029735088348e-05,0.0,0.0,1.5608035027980804e-05,0.0,0.0,0.0,0.0,0.0,0.0,0.0,0.0,0.0,-0.0007031075656414032,0.0,6.761401891708374e-07,0.0,0.0003012632951140404,0.0,0.0,0.0,0.0,0.0,0.0,0.0,0.0,-6.350874900817871e-05,0.0,0.0,-6.137415766716003e-05,0.00034481100738048553,0.0,0.0,0.0,0.0,0.0,0.004493542015552521,0.0,0.0,0.0,5.6164106354117393e-05,-0.00025966577231884,0.0,0.0,0.0,0.0,-3.939028829336166e-06,0.0,0.0,0.0,0.0,1.77137553691864e-05,0.0,0.0
0.0,0.0012744227424263954,0.00045768357813358307,0.0,0.0,9.083235636353493e-05,-7.4450159445405e-05,-0.0002126665785908699,-2.7956441044807434e-05,0.0,0.0,7.610954344272614e-05,0.0,0.0,1.3151206076145172e-05,0.0,0.0,0.0,0.0,0.0,0.0,0.0,0.0,0.0,-0.0007442068308591843,0.0,-1.181289553642273e-05,0.0,0.000319543294608593,0.0,0.0,0.0,0.0,0.0,0.0,0.0,0.0,-6.0731545090675354e-05,0.0,0.0,-5.1332637667655945e-05,0.0003496576100587845,0.0,0.0,0.0,0.0,0.0,0.0037812069058418274,0.0,0.0,0.0,5.9483107179403305e-05,-0.0002541346475481987,0.0,0.0,0.0,0.0,-2.7408357709646225e-05,0.0,0.0,0.0,0.0,3.091990947723389e-05,0.0,0.0
0.0,0.0012767869047820568,0.0004127752035856247,0.0,0.0,7.369648665189743e-05,-7.172790355980396e-05,-0.0002169078215956688,-4.31109219789505e-05,0.0,0.0,7.491931319236755e-05,0.0,0.0,1.0163523256778717e-05,0.0,0.0,0.0,0.0,0.0,0.0,0.0,0.0,0.0,-0.0008134162053465843,0.0,-2.9357150197029114e-05,0.0,0.00034206826239824295,0.0,0.0,0.0,0.0,0.0,0.0,0.0,0.0,-6.753392517566681e-05,0.0,0.0,-3.0846334993839264e-05,0.00036039017140865326,0.0,0.0,0.0,0.0,0.0,0.003119833767414093,0.0,0.0,0.0,5.526631139218807e-05,-0.0002540750429034233,0.0,0.0,0.0,0.0,-5.672639235854149e-05,0.0,0.0,0.0,0.0,3.71299684047699e-05,0.0,0.0
0.0,0.0012672711163759232,0.0003411099314689636,0.0,0.0,5.824095569550991e-05,-5.589681677520275e-05,-0.0002129431813955307,-6.932951509952545e-05,0.0,0.0,8.00061970949173e-05,0.0,0.0,7.725320756435394e-06,0.0,0.0,0.0,0.0,0.0,0.0,0.0,0.0,0.0,-0.0009266529232263565,0.0,-4.838593304157257e-05,0.0,0.0003601638600230217,0.0,0.0,0.0,0.0,0.0,0.0,0.0,0.0,-8.862651884555817e-05,0.0,0.0,2.541579306125641e-06,0.0003801211714744568,0.0,0.0,0.0,0.0,0.0,0.0020058080554008484,0.0,0.0,0.0,3.9777252823114395e-05,-0.0002637435682117939,0.0,0.0,0.0,0.0,-8.723745122551918e-05,0.0,0.0,0.0,0.0,2.6516616344451904e-05,0.0,0.0
0.0,0.0012404564768075943,0.0002317037433385849,0.0,0.0,5.193403922021389e-05,-2.0279549062252045e-05,-0.0001963237300515175,-0.00010918639600276947,0.0,0.0,9.534694254398346e-05,0.0,0.0,9.035691618919373e-06,0.0,0.0,0.0,0.0,0.0,0.0,0.0,0.0,0.0,-0.0011064466089010239,0.0,-6.0111284255981445e-05,0.0,0.00035864952951669693,0.0,0.0,0.0,0.0,0.0,0.0,0.0,0.0,-0.00012205727398395538,0.0,0.0,4.7116074711084366e-05,0.0004119258373975754,0.0,0.0,0.0,0.0,0.0,0.0012524500489234924,0.0,0.0,0.0,1.1499039828777313e-05,-0.000284313689917326,0.0,0.0,0.0,0.0,-0.00010800408199429512,0.0,0.0,0.0,0.0,-1.1039897799491882e-05,0.0,0.0
0.0,0.0011965679004788399,7.241033017635345e-05,0.0,0.0,6.234436295926571e-05,3.862008452415466e-05,-0.0001686355099081993,-0.00016122497618198395,0.0,0.0,0.0001244284212589264,0.0,0.0,2.1414831280708313e-05,0.0,0.0,0.0,0.0,0.0,0.0,0.0,0.0,0.0,-0.0013819346204400063,0.0,-5.096942186355591e-05,0.0,0.00032635871320962906,0.0,0.0,0.0,0.0,0.0,0.0,0.0,0.0,-0.0001521427184343338,0.0,0.0,9.342050179839134e-05,0.00045737437903881073,0.0,0.0,0.0,0.0,0.0,-0.00038176029920578003,0.0,0.0,0.0,-2.53431499004364e-05,-0.00030697137117385864,0.0,0.0,0.0,0.0,-0.00010092509910464287,0.0,0.0,0.0,0.0,-7.457658648490906e-05,0.0,0.0
0.0,0.0011487780138850212,-0.00015541724860668182,0.0,0.0,8.749682456254959e-05,0.00011433078907430172,-0.00014630425721406937,-0.00021514855325222015,0.0,0.0,0.00016791187226772308,0.0,0.0,5.7641416788101196e-05,0.0,0.0,0.0,0.0,0.0,0.0,0.0,0.0,0.0,-0.0017844168469309807,0.0,-9.346753358840942e-06,0.0,0.0002814820036292076,0.0,0.0,0.0,0.0,0.0,0.0,0.0,0.0,-0.00014703534543514252,0.0,0.0,0.00012430734932422638,0.0005151648074388504,0.0,0.0,0.0,0.0,0.0,-0.0006712302565574646,0.0,0.0,0.0,-5.8142002671957016e-05,-0.0003055189736187458,0.0,0.0,0.0,0.0,-4.5847613364458084e-05,0.0,0.0,0.0,0.0,-0.00013180449604988098,0.0,0.0
0.0,0.001127956435084343,-0.0005000811070203781,0.0,0.0,0.00010022311471402645,0.00018434971570968628,-0.0001656869426369667,-0.00024562515318393707,0.0,0.0,0.00022066384553909302,0.0,0.0,0.00013332534581422806,0.0,0.0,0.0,0.0,0.0,0.0,0.0,0.0,0.0,-0.0023316089063882828,0.0,5.718320608139038e-05,0.0,0.00029721762984991074,0.0,0.0,0.0,0.0,0.0,0.0,0.0,0.0,-7.284805178642273e-05,0.0,0.0,0.00012812716886401176,0.0005834531038999557,0.0,0.0,0.0,0.0,0.0,-0.0027666911482810974,0.0,0.0,0.0,-6.983266212046146e-05,-0.00023905467242002487,0.0,0.0,0.0,0.0,6.258627399802208e-05,0.0,0.0,0.0,0.0,-0.00010831281542778015,0.0,0.0
0.0,0.0011727698147296906,-0.0010880976915359497,0.0,0.0,3.825407475233078e-05,0.00021630455739796162,-0.0002655657008290291,-0.00020297430455684662,0.0,0.0,0.00027013011276721954,0.0,0.0,0.00025479216128587723,0.0,0.0,0.0,0.0,0.0,0.0,0.0,0.0,0.0,-0.0029881037771701813,0.0,9.856559336185455e-05,0.0,0.00047543272376060486,0.0,0.0,0.0,0.0,0.0,0.0,0.0,0.0,6.526894867420197e-05,0.0,0.0,0.00013487646356225014,0.000673249363899231,0.0,0.0,0.0,0.0,0.0,-0.0009996220469474792,0.0,0.0,0.0,-5.908939056098461e-05,-8.156709372997284e-05,0.0,0.0,0.0,0.0,0.00018420303240418434,0.0,0.0,0.0,0.0,5.860626697540283e-05,0.0,0.0
0.0,0.0012883199378848076,-0.002161668613553047,0.0,0.0,-0.00017135823145508766,0.0002039065584540367,-0.0004259524866938591,1.1939555406570435e-05,0.0,0.0,0.0002988819032907486,0.0,0.0,0.0004014093428850174,0.0,0.0,0.0,0.0,0.0,0.0,0.0,0.0,0.0,-0.00358428992331028,0.0,2.3808330297470093e-05,0.0,0.0008027199655771255,0.0,0.0,0.0,0.0,0.0,0.0,0.0,0.0,0.00016925297677516937,0.0,0.0,0.00025781523436307907,0.0008360631763935089,0.0,0.0,0.0,0.0,0.0,-0.004043422639369965,0.0,0.0,0.0,-7.790839299559593e-05,0.00012684892863035202,0.0,0.0,0.0,0.0,0.00020799459889531136,0.0,0.0,0.0,0.0,0.0002457350492477417,0.0,0.0
0.0,0.0013782773166894913,-0.003955995664000511,0.0,0.0,-0.0005337309557944536,0.00021228427067399025,-0.0005021970719099045,0.0006254687905311584,0.0,0.0,0.0002939533442258835,0.0,0.0,0.0005506779998540878,0.0,0.0,0.0,0.0,0.0,0.0,0.0,0.0,0.0,-0.003680868074297905,0.0,-0.000199928879737854,0.0,0.000948428176343441,0.0,0.0,0.0,0.0,0.0,0.0,0.0,0.0,6.311200559139252e-05,0.0,0.0,0.000638000201433897,0.0011624675244092941,0.0,0.0,0.0,0.0,0.0,0.0016781613230705261,0.0,0.0,0.0,-0.00023683090694248676,0.00030300673097372055,0.0,0.0,0.0,0.0,5.490612238645554e-06,0.0,0.0,0.0,0.0,2.6103109121322632e-05,0.0,0.0
0.0,0.001246788538992405,-0.006161404773592949,0.0,0.0,-0.0009602729696780443,0.0002429343294352293,-0.0003802003338932991,0.002141868695616722,0.0,0.0,0.0002564806491136551,0.0,0.0,0.0008599450811743736,0.0,0.0,0.0,0.0,0.0,0.0,0.0,0.0,0.0,-0.0024020327255129814,0.0,-0.0003071073442697525,0.0,0.00040652696043252945,0.0,0.0,0.0,0.0,0.0,0.0,0.0,0.0,-0.0002677459269762039,0.0,0.0,0.0011229440569877625,0.001578519120812416,0.0,0.0,0.0,0.0,0.0,-0.0032868608832359314,0.0,0.0,0.0,-0.0005094106309115887,0.0005761245265603065,0.0,0.0,0.0,0.0,-0.0003065825439989567,0.0,0.0,0.0,0.0,-0.0006457418203353882,0.0,0.0
0.0,0.0008818348869681358,-0.007005160674452782,0.0,0.0,-0.0015915967524051666,-0.0003821845166385174,-0.0005714967846870422,0.0052308011800050735,0.0,0.0,0.00013465620577335358,0.0,0.0,0.00183951947838068,0.0,0.0,0.0,0.0,0.0,0.0,0.0,0.0,0.0,0.0016296235844492912,0.0,0.00023597106337547302,0.0,-0.0004834001883864403,0.0,0.0,0.0,0.0,0.0,0.0,0.0,0.0,-0.00028587132692337036,0.0,0.0,0.001053676474839449,0.001230776309967041,0.0,0.0,0.0,0.0,0.0,0.007400132715702057,0.0,0.0,0.0,-0.00024309358559548855,0.0012934179976582527,0.0,0.0,0.0,0.0,-3.460654988884926e-05,0.0,0.0,0.0,0.0,2.697855234146118e-05,0.0,0.0
0.0,0.0005393843166530132,-0.0045899804681539536,0.0,0.0,-0.0011144692543894053,-0.0012921243906021118,-0.0004474753513932228,0.008509773761034012,0.0,0.0,5.640275776386261e-05,0.0,0.0,0.0023766132071614265,0.0,0.0,0.0,0.0,0.0,0.0,0.0,0.0,0.0,0.009257516823709011,0.0,-0.00011564046144485474,0.0,-0.0010945359244942665,0.0,0.0,0.0,0.0,0.0,0.0,0.0,0.0,-0.00026926957070827484,0.0,0.0,0.0013578087091445923,-4.949048161506653e-06,0.0,0.0,0.0,0.0,0.0,0.013363845646381378,0.0,0.0,0.0,0.00031872838735580444,0.0015776781365275383,0.0,0.0,0.0,0.0,-6.483541801571846e-05,0.0,0.0,0.0,0.0,0.0015527699142694473,0.0,0.0
