LLD_0,LLD_1,LLD_2,LLD_3,LLD_4,LLD_5,LLD_6,LLD_7,LLD_8,LLD_9,LLD_10,LLD_11,LLD_12,LLD_13,LLD_14,LLD_15,LLD_16,LLD_17,LLD_18,LLD_19,LLD_20,LLD_21,LLD_22,LLD_23,LLD_24,LLD_25,LLD_26,LLD_27,LLD_28,LLD_29,LLD_30,LLD_31,LLD_32,LLD_33,LLD_34,LLD_35,LLD_36,LLD_37,LLD_38,LLD_39,LLD_40,LLD_41,LLD_42,LLD_43,LLD_44,LLD_45,LLD_46,LLD_47,LLD_48,LLD_49,LLD_50,LLD_51,LLD_52,LLD_53,LLD_54,LLD_55,LLD_56,LLD_57,LLD_58,LLD_59,LLD_60,LLD_61,LLD_62,LLD_63,LLD_64
0.0,0.0008971039205789566,0.9334518909454346,0.3004695,0.04225352,0.10197071731090546,0.15264835953712463,0.40166667103767395,0.10880167037248611,0.2537479,0.3597207,0.08857432752847672,0.9580371,0.867294,0.26247522234916687,1.020495,2.839786,0.1185714,0.58,0.03,0.1389171,0.3615023,0.2159624,0.08450704,0.02296915277838707,0.4150943,0.5243081450462341,0.0006626799,-2.085461139678955,1.094267,0.08196111,-0.4002497,0.1720704,3.760381,0.286385,0.798122,0.7596194,0.990402102470398,1.417075,0.2287217,0.3939261734485626,0.6027752757072449,0.4141234,3.95446,3.540337,0.6933103,2.103028,11.438926696777344,0.1308333,0.5,0.04,0.1601077765226364,0.21774539351463318,0.05633803,0.03755869,0.01877934,0.4386792,0.5656886696815491,0.0153634,-1.577536,0.4084675,0.227549,-0.007478803396224976,-0.1134354,0.06821322
0.0,0.001102249138057232,0.005685118958353996,0.0,0.0,-0.00022216280922293663,-8.367677219212055e-05,-0.00029245298355817795,0.001102633774280548,0.0,0.0,0.0001690927892923355,0.0,0.0,-0.0017320597544312477,0.0,0.0,0.0,0.0,0.0,0.0,0.0,0.0,0.0,0.0008580274879932404,0.0,1.5169382095336914e-05,0.0,0.0030800881795585155,0.0,0.0,0.0,0.0,0.0,0.0,0.0,0.0,0.00031580589711666107,0.0,0.0,0.0005491687916219234,0.0002976059913635254,0.0,0.0,0.0,0.0,0.0,0.12196169048547745,0.0,0.0,0.0,-0.0009934920817613602,-0.002164425328373909,0.0,0.0,0.0,0.0,-0.00011287489905953407,0.0,0.0,0.0,0.0,-3.4067779779434204e-05,0.0,0.0
0.0,0.0011392789892852306,0.002714630216360092,0.0,0.0,-0.0004791209939867258,0.00018377555534243584,-0.0003263382241129875,0.0011048633605241776,0.0,0.0,0.00011550448834896088,0.0,0.0,-0.0011735977604985237,0.0,0.0,0.0,0.0,0.0,0.0,0.0,0.0,0.0,0.001027076505124569,0.0,-1.6862526535987854e-05,0.0,0.0012515480630099773,0.0,0.0,0.0,0.0,0.0,0.0,0.0,0.0,-0.00014889799058437347,0.0,0.0,0.00018937652930617332,-5.9742480516433716e-05,0.0,0.0,0.0,0.0,0.0,0.10289943963289261,0.0,0.0,0.0,0.0003154149744659662,-0.0004285518079996109,0.0,0.0,0.0,0.0,-2.7696602046489716e-05,0.0,0.0,0.0,0.0,-0.0004973337054252625,0.0,0.0
0.0,0.001214579213410616,0.0011166799813508987,0.0,0.0,-7.787602953612804e-05,7.041054777801037e-05,-0.0002794340252876282,0.0008158441632986069,0.0,0.0,4.920177161693573e-05,0.0,0.0,-0.0006105415523052216,0.0,0.0,0.0,0.0,0.0,0.0,0.0,0.0,0.0,0.0006877966225147247,0.0,5.015917122364044e-05,0.0,8.241739124059677e-05,0.0,0.0,0.0,0.0,0.0,0.0,0.0,0.0,-0.00017061643302440643,0.0,0.0,0.0002328045666217804,0.0003734808415174484,0.0,0.0,0.0,0.0,0.0,0.07761437445878983,0.0,0.0,0.0,6.744056008756161e-05,-0.0004359520971775055,0.0,0.0,0.0,0.0,2.5878194719552994e-05,0.0,0.0,0.0,0.0,-0.0004387740045785904,0.0,0.0
0.0,0.0012487559579312801,0.0007604118436574936,0.0,0.0,-5.0767092034220695e-05,-3.697536885738373e-05,-0.00017652660608291626,0.00034645572304725647,0.0,0.0,-4.6174973249435425e-06,0.0,0.0,-0.00024143140763044357,0.0,0.0,0.0,0.0,0.0,0.0,0.0,0.0,0.0,0.00022168830037117004,0.0,-5.768612027168274e-05,0.0,6.334017962217331e-05,0.0,0.0,0.0,0.0,0.0,0.0,0.0,0.0,-0.00016131438314914703,0.0,0.0,3.3979304134845734e-06,0.00012164004147052765,0.0,0.0,0.0,0.0,0.0,0.05670861154794693,0.0,0.0,0.0,-4.804832860827446e-05,-0.0003458447754383087,0.0,0.0,0.0,0.0,9.353738278150558e-06,0.0,0.0,0.0,0.0,-0.00034562312066555023,0.0,0.0
0.0,0.0012449710629880428,0.000687306746840477,0.0,0.0,-2.189958468079567e-05,-5.45938964933157e-05,-0.00015057343989610672,0.00010116398334503174,0.0,0.0,5.5750831961631775e-05,0.0,0.0,-6.205681711435318e-05,0.0,0.0,0.0,0.0,0.0,0.0,0.0,0.0,0.0,-0.00014581624418497086,0.0,-3.294646739959717e-05,0.0,0.0003758259117603302,0.0,0.0,0.0,0.0,0.0,0.0,0.0,0.0,-0.00011952407658100128,0.0,0.0,-7.170718163251877e-06,0.00030679255723953247,0.0,0.0,0.0,0.0,0.0,0.041415490210056305,0.0,0.0,0.0,-2.73918267339468e-05,-0.00035615265369415283,0.0,0.0,0.0,0.0,2.1183397620916367e-05,0.0,0.0,0.0,0.0,-0.00010097958147525787,0.0,0.0
0.0,0.0012300708331167698,0.0006249621510505676,0.0,0.0,1.86883844435215e-05,-4.060170613229275e-05,-0.0001541459932923317,3.097020089626312e-05,0.0,0.0,0.00011574476957321167,0.0,0.0,-6.91879540681839e-06,0.0,0.0,0.0,0.0,0.0,0.0,0.0,0.0,0.0,-0.0003756033256649971,0.0,-1.247599720954895e-05,0.0,0.00045788753777742386,0.0,0.0,0.0,0.0,0.0,0.0,0.0,0.0,-9.622052311897278e-05,0.0,0.0,4.992634057998657e-05,0.00045454874634742737,0.0,0.0,0.0,0.0,0.0,0.03164125233888626,0.0,0.0,0.0,-4.2613595724105835e-05,-0.0003557102754712105,0.0,0.0,0.0,0.0,3.935815766453743e-05,0.0,0.0,0.0,0.0,-7.155910134315491e-05,0.0,0.0
0.0,0.0012197052128612995,0.0005825944244861603,0.0,0.0,5.8015575632452965e-05,-3.6061741411685944e-05,-0.00016616098582744598,1.4865770936012268e-05,0.0,0.0,0.00013774074614048004,0.0,0.0,-2.609565854072571e-06,0.0,0.0,0.0,0.0,0.0,0.0,0.0,0.0,0.0,-0.0005021821707487106,0.0,-1.1216849088668823e-05,0.0,0.00040653347969055176,0.0,0.0,0.0,0.0,0.0,0.0,0.0,0.0,-8.704327046871185e-05,0.0,0.0,4.176422953605652e-05,0.0004538297653198242,0.0,0.0,0.0,0.0,0.0,0.025480277836322784,0.0,0.0,0.0,-3.545964136719704e-05,-0.00033274851739406586,0.0,0.0,0.0,0.0,5.033193156123161e-05,0.0,0.0,0.0,0.0,-6.154738366603851e-05,0.0,0.0
0.0,0.0012170551344752312,0.0005649775266647339,0.0,0.0,8.990056812763214e-05,-3.96030955016613e-05,-0.00017654988914728165,7.76536762714386e-06,0.0,0.0,0.0001339893788099289,0.0,0.0,-6.9569796323776245e-06,0.0,0.0,0.0,0.0,0.0,0.0,0.0,0.0,0.0,-0.000567389652132988,0.0,-1.3049691915512085e-05,0.0,0.0003513852134346962,0.0,0.0,0.0,0.0,0.0,0.0,0.0,0.0,-8.272752165794373e-05,0.0,0.0,8.126720786094666e-06,0.0004064086824655533,0.0,0.0,0.0,0.0,0.0,0.02171231061220169,0.0,0.0,0.0,-1.8843915313482285e-05,-0.0003122948110103607,0.0,0.0,0.0,0.0,5.367724224925041e-05,0.0,0.0,0.0,0.0,-5.684420466423035e-05,0.0,0.0
0.0,0.0012196660973131657,0.0005580056458711624,0.0,0.0,0.00011071166954934597,-4.389113746583462e-05,-0.00018210522830486298,2.2817403078079224e-06,0.0,0.0,0.00012192688882350922,0.0,0.0,-6.346963346004486e-06,0.0,0.0,0.0,0.0,0.0,0.0,0.0,0.0,0.0,-0.0006005363538861275,0.0,-1.222267746925354e-05,0.0,0.00032412633299827576,0.0,0.0,0.0,0.0,0.0,0.0,0.0,0.0,-8.059106767177582e-05,0.0,0.0,-1.9076745957136154e-05,0.00037039443850517273,0.0,0.0,0.0,0.0,0.0,0.019579149782657623,0.0,0.0,0.0,-5.786772817373276e-06,-0.0003004693426191807,0.0,0.0,0.0,0.0,5.2350107580423355e-05,0.0,0.0,0.0,0.0,-5.276314914226532e-05,0.0,0.0
0.0,0.0012242896482348442,0.000552767887711525,0.0,0.0,0.00012234295718371868,-4.593771882355213e-05,-0.0001837136223912239,-2.117827534675598e-06,0.0,0.0,0.00011127069592475891,0.0,0.0,-8.87550413608551e-07,0.0,0.0,0.0,0.0,0.0,0.0,0.0,0.0,0.0,-0.0006181960925459862,0.0,-8.463859558105469e-06,0.0,0.0003152769058942795,0.0,0.0,0.0,0.0,0.0,0.0,0.0,0.0,-8.042529225349426e-05,0.0,0.0,-3.476906567811966e-05,0.00035280734300613403,0.0,0.0,0.0,0.0,0.0,0.018473483622074127,0.0,0.0,0.0,1.900363713502884e-06,-0.0002943947911262512,0.0,0.0,0.0,0.0,4.933914169669151e-05,0.0,0.0,0.0,0.0,-4.976987838745117e-05,0.0,0.0
0.0,0.0012287367135286331,0.0005473736673593521,0.0,0.0,0.00012844707816839218,-4.571489989757538e-05,-0.0001832684502005577,-5.9138983488082886e-06,0.0,0.0,0.00010484270751476288,0.0,0.0,6.104819476604462e-06,0.0,0.0,0.0,0.0,0.0,0.0,0.0,0.0,0.0,-0.0006286008283495903,0.0,-3.3192336559295654e-06,0.0,0.00031263381242752075,0.0,0.0,0.0,0.0,0.0,0.0,0.0,0.0,-8.19917768239975e-05,0.0,0.0,-4.292838275432587e-05,0.0003459509462118149,0.0,0.0,0.0,0.0,0.0,0.017919369041919708,0.0,0.0,0.0,5.899928510189056e-06,-0.0002913307398557663,0.0,0.0,0.0,0.0,4.6473462134599686e-05,0.0,0.0,0.0,0.0,-4.7400593757629395e-05,0.0,0.0
0.0,0.0012320410460233688,0.0005422290414571762,0.0,0.0,0.00013170158490538597,-4.408159293234348e-05,-0.00018217600882053375,-9.261071681976318e-06,0.0,0.0,0.00010212324559688568,0.0,0.0,1.2201257050037384e-05,0.0,0.0,0.0,0.0,0.0,0.0,0.0,0.0,0.0,-0.0006354982033371925,0.0,1.6391277313232422e-06,0.0,0.0003100624307990074,0.0,0.0,0.0,0.0,0.0,0.0,0.0,0.0,-8.451566100120544e-05,0.0,0.0,-4.720035940408707e-05,0.000343983992934227,0.0,0.0,0.0,0.0,0.0,0.0175955668091774,0.0,0.0,0.0,7.915543392300606e-06,-0.0002898508682847023,0.0,0.0,0.0,0.0,4.4440384954214096e-05,0.0,0.0,0.0,0.0,-4.5631080865859985e-05,0.0,0.0
0.0,0.0012340573593974113,0.0005378108471632004,0.0,0.0,0.00013359799049794674,-4.1844090446829796e-05,-0.00018112175166606903,-1.2034550309181213e-05,0.0,0.0,0.00010166503489017487,0.0,0.0,1.6503967344760895e-05,0.0,0.0,0.0,0.0,0.0,0.0,0.0,0.0,0.0,-0.0006404723972082138,0.0,5.509704351425171e-06,0.0,0.0003060176968574524,0.0,0.0,0.0,0.0,0.0,0.0,0.0,0.0,-8.704327046871185e-05,0.0,0.0,-4.943925887346268e-05,0.0003441721200942993,0.0,0.0,0.0,0.0,0.0,0.017324276268482208,0.0,0.0,0.0,8.931849151849747e-06,-0.00028921663761138916,0.0,0.0,0.0,0.0,4.325946792960167e-05,0.0,0.0,0.0,0.0,-4.441291093826294e-05,0.0,0.0
0.0,0.0012350166216492653,0.0005342941731214523,0.0,0.0,0.00013481476344168186,-3.9582373574376106e-05,-0.0001803198829293251,-1.413002610206604e-05,0.0,0.0,0.00010224618017673492,0.0,0.0,1.9108876585960388e-05,0.0,0.0,0.0,0.0,0.0,0.0,0.0,0.0,0.0,-0.0006442153826355934,0.0,8.070841431617737e-06,0.0,0.00030092615634202957,0.0,0.0,0.0,0.0,0.0,0.0,0.0,0.0,-8.889101445674896e-05,0.0,0.0,-5.0537288188934326e-05,0.00034519657492637634,0.0,0.0,0.0,0.0,0.0,0.017033584415912628,0.0,0.0,0.0,9.428942576050758e-06,-0.0002889968454837799,0.0,0.0,0.0,0.0,4.270346835255623e-05,0.0,0.0,0.0,0.0,-4.363805055618286e-05,0.0,0.0
0.0,0.0012352685444056988,0.0005316808819770813,0.0,0.0,0.00013564573600888252,-3.758142702281475e-05,-0.00017978250980377197,-1.5584751963615417e-05,0.0,0.0,0.00010310113430023193,0.0,0.0,2.046208828687668e-05,0.0,0.0,0.0,0.0,0.0,0.0,0.0,0.0,0.0,-0.0006470484659075737,0.0,9.464100003242493e-06,0.0,0.00029565487056970596,0.0,0.0,0.0,0.0,0.0,0.0,0.0,0.0,-8.972920477390289e-05,0.0,0.0,-5.101598799228668e-05,0.000346355140209198,0.0,0.0,0.0,0.0,0.0,0.016711153090000153,0.0,0.0,0.0,9.66130755841732e-06,-0.0002889437600970268,0.0,0.0,0.0,0.0,4.249671474099159e-05,0.0,0.0,0.0,0.0,-4.318356513977051e-05,0.0,0.0
0.0,0.0012351158075034618,0.0005298405885696411,0.0,0.0,0.00013624108396470547,-3.595673479139805e-05,-0.00017944443970918655,-1.6534700989723206e-05,0.0,0.0,0.00010385923087596893,0.0,0.0,2.10590660572052e-05,0.0,0.0,0.0,0.0,0.0,0.0,0.0,0.0,0.0,-0.0006491756066679955,0.0,1.0017305612564087e-05,0.0,0.000290856696665287,0.0,0.0,0.0,0.0,0.0,0.0,0.0,0.0,-8.966587483882904e-05,0.0,0.0,-5.1198992878198624e-05,0.000347331166267395,0.0,0.0,0.0,0.0,0.0,0.016371913254261017,0.0,0.0,0.0,9.760726243257523e-06,-0.00028895121067762375,0.0,0.0,0.0,0.0,4.247715696692467e-05,0.0,0.0,0.0,0.0,-4.2947009205818176e-05,0.0,0.0
0.0,0.0012347828596830368,0.0005286093801259995,0.0,0.0,0.00013666925951838493,-3.471272066235542e-05,-0.00017923861742019653,-1.7115846276283264e-05,0.0,0.0,0.0001044105738401413,0.0,0.0,2.1227635443210602e-05,0.0,0.0,0.0,0.0,0.0,0.0,0.0,0.0,0.0,-0.000650736503303051,0.0,1.0032206773757935e-05,0.0,0.000286848284304142,0.0,0.0,0.0,0.0,0.0,0.0,0.0,0.0,-8.894316852092743e-05,0.0,0.0,-5.125068128108978e-05,0.000348040834069252,0.0,0.0,0.0,0.0,0.0,0.016035743057727814,0.0,0.0,0.0,9.80449840426445e-06,-0.00028896937146782875,0.0,0.0,0.0,0.0,4.251161590218544e-05,0.0,0.0,0.0,0.0,-4.282034933567047e-05,0.0,0.0
0.0,0.001234397292137146,0.000527823343873024,0.0,0.0,0.00013696844689548016,-3.379001282155514e-05,-0.00017911847680807114,-1.7451122403144836e-05,0.0,0.0,0.00010475330054759979,0.0,0.0,2.1210871636867523e-05,0.0,0.0,0.0,0.0,0.0,0.0,0.0,0.0,0.0,-0.0006518615409731865,0.0,9.767711162567139e-06,0.0,0.00028373580425977707,0.0,0.0,0.0,0.0,0.0,0.0,0.0,0.0,-8.787773549556732e-05,0.0,0.0,-5.125720053911209e-05,0.00034851767122745514,0.0,0.0,0.0,0.0,0.0,0.01571638137102127,0.0,0.0,0.0,9.82196070253849e-06,-0.00028898613527417183,0.0,0.0,0.0,0.0,4.254886880517006e-05,0.0,0.0,0.0,0.0,-4.2770057916641235e-05,0.0,0.0
0.0,0.0012340424582362175,0.000527355819940567,0.0,0.0,0.00013718265108764172,-3.314740024507046e-05,-0.00017904117703437805,-1.76355242729187e-05,0.0,0.0,0.00010493583977222443,0.0,0.0,2.1134503185749054e-05,0.0,0.0,0.0,0.0,0.0,0.0,0.0,0.0,0.0,-0.0006526615470647812,0.0,9.391456842422485e-06,0.0,0.0002814149484038353,0.0,0.0,0.0,0.0,0.0,0.0,0.0,0.0,-8.676014840602875e-05,0.0,0.0,-5.1254406571388245e-05,0.0003488212823867798,0.0,0.0,0.0,0.0,0.0,0.015421934425830841,0.0,0.0,0.0,9.831972420215607e-06,-0.00028899312019348145,0.0,0.0,0.0,0.0,4.257587715983391e-05,0.0,0.0,0.0,0.0,-4.2751431465148926e-05,0.0,0.0
0.0,0.0012337439693510532,0.0005270745605230331,0.0,0.0,0.00013731815852224827,-3.2689422369003296e-05,-0.0001789955422282219,-1.7723068594932556e-05,0.0,0.0,0.00010501779615879059,0.0,0.0,2.1051615476608276e-05,0.0,0.0,0.0,0.0,0.0,0.0,0.0,0.0,0.0,-0.0006532175466418266,0.0,9.002164006233215e-06,0.0,0.00027977023273706436,0.0,0.0,0.0,0.0,0.0,0.0,0.0,0.0,-8.573941886425018e-05,0.0,0.0,-5.124509334564209e-05,0.0003490131348371506,0.0,0.0,0.0,0.0,0.0,0.015154249966144562,0.0,0.0,0.0,9.83942300081253e-06,-0.0002889968454837799,0.0,0.0,0.0,0.0,4.258332774043083e-05,0.0,0.0,0.0,0.0,-4.2749568819999695e-05,0.0,0.0
0.0,0.001233512070029974,0.0005269292742013931,0.0,0.0,0.00013740803115069866,-3.239046782255173e-05,-0.0001789666712284088,-1.7760321497917175e-05,0.0,0.0,0.00010503269731998444,0.0,0.0,2.098735421895981e-05,0.0,0.0,0.0,0.0,0.0,0.0,0.0,0.0,0.0,-0.000653599388897419,0.0,8.653849363327026e-06,0.0,0.0002786340191960335,0.0,0.0,0.0,0.0,0.0,0.0,0.0,0.0,-8.491054177284241e-05,0.0,0.0,-5.1241833716630936e-05,0.0003491174429655075,0.0,0.0,0.0,0.0,0.0,0.014912731945514679,0.0,0.0,0.0,9.841285645961761e-06,-0.00028899405151605606,0.0,0.0,0.0,0.0,4.258612170815468e-05,0.0,0.0,0.0,0.0,-4.276260733604431e-05,0.0,0.0
0.0,0.0012333439663052559,0.0005268510431051254,0.0,0.0,0.0001374669373035431,-3.217929042875767e-05,-0.0001789471134543419,-1.777149736881256e-05,0.0,0.0,0.00010502152144908905,0.0,0.0,2.0942650735378265e-05,0.0,0.0,0.0,0.0,0.0,0.0,0.0,0.0,0.0,-0.0006538564339280128,0.0,8.36886465549469e-06,0.0,0.0002778777852654457,0.0,0.0,0.0,0.0,0.0,0.0,0.0,0.0,-8.427724242210388e-05,0.0,0.0,-5.1244162023067474e-05,0.0003491882234811783,0.0,0.0,0.0,0.0,0.0,0.01469380408525467,0.0,0.0,0.0,9.848736226558685e-06,-0.0002889949828386307,0.0,0.0,0.0,0.0,4.25693579018116e-05,0.0,0.0,0.0,0.0,-4.276074469089508e-05,0.0,0.0
0.0,0.001233221497386694,0.0005268175154924393,0.0,0.0,0.0001375002320855856,-3.204471431672573e-05,-0.00017893221229314804,-1.776963472366333e-05,0.0,0.0,0.00010499544441699982,0.0,0.0,2.0910054445266724e-05,0.0,0.0,0.0,0.0,0.0,0.0,0.0,0.0,0.0,-0.0006540296599268913,0.0,8.141621947288513e-06,0.0,0.00027738045901060104,0.0,0.0,0.0,0.0,0.0,0.0,0.0,0.0,-8.383020758628845e-05,0.0,0.0,-5.1246024668216705e-05,0.00034922920167446136,0.0,0.0,0.0,0.0,0.0,0.014495469629764557,0.0,0.0,0.0,9.853160008788109e-06,-0.0002889917232096195,0.0,0.0,0.0,0.0,4.2560044676065445e-05,0.0,0.0,0.0,0.0,-4.276260733604431e-05,0.0,0.0
0.0,0.0012331390753388405,0.0005268026143312454,0.0,0.0,0.0001375249121338129,-3.196182660758495e-05,-0.00017892103642225266,-1.7764046788215637e-05,0.0,0.0,0.00010496564209461212,0.0,0.0,2.0891427993774414e-05,0.0,0.0,0.0,0.0,0.0,0.0,0.0,0.0,0.0,-0.0006541432812809944,0.0,7.973983883857727e-06,0.0,0.000277065671980381,0.0,0.0,0.0,0.0,0.0,0.0,0.0,0.0,-8.353404700756073e-05,0.0,0.0,-5.1247887313365936e-05,0.0003492441028356552,0.0,0.0,0.0,0.0,0.0,0.014314062893390656,0.0,0.0,0.0,9.856652468442917e-06,-0.0002889903262257576,0.0,0.0,0.0,0.0,4.254234954714775e-05,0.0,0.0,0.0,0.0,-4.276260733604431e-05,0.0,0.0
0.0,0.001233082264661789,0.0005268007516860962,0.0,0.0,0.00013753422535955906,-3.190524876117706e-05,-0.00017891544848680496,-1.7760321497917175e-05,0.0,0.0,0.00010494515299797058,0.0,0.0,2.0886771380901337e-05,0.0,0.0,0.0,0.0,0.0,0.0,0.0,0.0,0.0,-0.0006542177870869637,0.0,7.847324013710022e-06,0.0,0.0002768663689494133,0.0,0.0,0.0,0.0,0.0,0.0,0.0,0.0,-8.334405720233917e-05,0.0,0.0,-5.1252078264951706e-05,0.0003492627292871475,0.0,0.0,0.0,0.0,0.0,0.014147438108921051,0.0,0.0,0.0,9.860843420028687e-06,-0.0002889912575483322,0.0,0.0,0.0,0.0,4.253210499882698e-05,0.0,0.0,0.0,0.0,-4.276446998119354e-05,0.0,0.0
0.0,0.0012330440804362297,0.0005268044769763947,0.0,0.0,0.00013754097744822502,-3.186729736626148e-05,-0.00017890799790620804,-1.775287091732025e-05,0.0,0.0,0.00010492093861103058,0.0,0.0,2.0884908735752106e-05,0.0,0.0,0.0,0.0,0.0,0.0,0.0,0.0,0.0,-0.0006542680785059929,0.0,7.756054401397705e-06,0.0,0.0002767471596598625,0.0,0.0,0.0,0.0,0.0,0.0,0.0,0.0,-8.322671055793762e-05,0.0,0.0,-5.125347524881363e-05,0.0003492627292871475,0.0,0.0,0.0,0.0,0.0,0.013993300497531891,0.0,0.0,0.0,9.86224040389061e-06,-0.00028899312019348145,0.0,0.0,0.0,0.0,4.2519066482782364e-05,0.0,0.0,0.0,0.0,-4.2766332626342773e-05,0.0,0.0
0.0,0.0012330194003880024,0.0005268082022666931,0.0,0.0,0.00013754330575466156,-3.185216337442398e-05,-0.0001789052039384842,-1.774914562702179e-05,0.0,0.0,0.00010490603744983673,0.0,0.0,2.0879320800304413e-05,0.0,0.0,0.0,0.0,0.0,0.0,0.0,0.0,0.0,-0.0006542997434735298,0.0,7.694587111473083e-06,0.0,0.0002766745164990425,0.0,0.0,0.0,0.0,0.0,0.0,0.0,0.0,-8.317269384860992e-05,0.0,0.0,-5.125999450683594e-05,0.00034927017986774445,0.0,0.0,0.0,0.0,0.0,0.013849712908267975,0.0,0.0,0.0,9.864801540970802e-06,-0.00028899218887090683,0.0,0.0,0.0,0.0,4.251161590218544e-05,0.0,0.0,0.0,0.0,-4.2766332626342773e-05,0.0,0.0
0.0,0.0012330040335655212,0.0005268100649118423,0.0,0.0,0.00013753841631114483,-3.183353692293167e-05,-0.00017890240997076035,-1.774728298187256e-05,0.0,0.0,0.00010489486157894135,0.0,0.0,2.0879320800304413e-05,0.0,0.0,0.0,0.0,0.0,0.0,0.0,0.0,0.0,-0.0006543220952153206,0.0,7.646158337593079e-06,0.0,0.00027662795037031174,0.0,0.0,0.0,0.0,0.0,0.0,0.0,0.0,-8.313730359077454e-05,0.0,0.0,-5.1258597522974014e-05,0.0003492739051580429,0.0,0.0,0.0,0.0,0.0,0.013715721666812897,0.0,0.0,0.0,9.867828339338303e-06,-0.0002889903262257576,0.0,0.0,0.0,0.0,4.2502302676439285e-05,0.0,0.0,0.0,0.0,-4.2766332626342773e-05,0.0,0.0
0.0,0.001232994720339775,0.0005268137902021408,0.0,0.0,0.00013754656538367271,-3.1830742955207825e-05,-0.00017890240997076035,-1.7745420336723328e-05,0.0,0.0,0.00010488368570804596,0.0,0.0,2.0884908735752106e-05,0.0,0.0,0.0,0.0,0.0,0.0,0.0,0.0,0.0,-0.000654333271086216,0.0,7.6107680797576904e-06,0.0,0.00027660001069307327,0.0,0.0,0.0,0.0,0.0,0.0,0.0,0.0,-8.312426507472992e-05,0.0,0.0,-5.12637197971344e-05,0.00034927763044834137,0.0,0.0,0.0,0.0,0.0,0.013588972389698029,0.0,0.0,0.0,9.867362678050995e-06,-0.00028899265453219414,0.0,0.0,0.0,0.0,4.249950870871544e-05,0.0,0.0,0.0,0.0,-4.276446998119354e-05,0.0,0.0
0.0,0.0012329905293881893,0.00052681565284729,0.0,0.0,0.00013754749670624733,-3.182399086654186e-05,-0.00017889868468046188,-1.7745420336723328e-05,0.0,0.0,0.0001048799604177475,0.0,0.0,2.0887702703475952e-05,0.0,0.0,0.0,0.0,0.0,0.0,0.0,0.0,0.0,-0.0006543425843119621,0.0,7.594004273414612e-06,0.0,0.00027658697217702866,0.0,0.0,0.0,0.0,0.0,0.0,0.0,0.0,-8.311308920383453e-05,0.0,0.0,-5.12637197971344e-05,0.00034928135573863983,0.0,0.0,0.0,0.0,0.0,0.013469256460666656,0.0,0.0,0.0,9.869690984487534e-06,-0.00028898846358060837,0.0,0.0,0.0,0.0,4.2493920773267746e-05,0.0,0.0,0.0,0.0,-4.276260733604431e-05,0.0,0.0
0.0,0.0012329895980656147,0.0005268175154924393,0.0,0.0,0.00013754446990787983,-3.181956708431244e-05,-0.00017889868468046188,-1.7741695046424866e-05,0.0,0.0,0.00010487250983715057,0.0,0.0,2.0884908735752106e-05,0.0,0.0,0.0,0.0,0.0,0.0,0.0,0.0,0.0,-0.0006543463096022606,0.0,7.579103112220764e-06,0.0,0.00027657952159643173,0.0,0.0,0.0,0.0,0.0,0.0,0.0,0.0,-8.310191333293915e-05,0.0,0.0,-5.1262322813272476e-05,0.00034928135573863983,0.0,0.0,0.0,0.0,0.0,0.013354457914829254,0.0,0.0,0.0,9.868061169981956e-06,-0.0002889912575483322,0.0,0.0,0.0,0.0,4.2492058128118515e-05,0.0,0.0,0.0,0.0,-4.2766332626342773e-05,0.0,0.0
0.0,0.0012329882010817528,0.0005268175154924393,0.0,0.0,0.00013754493556916714,-3.182096406817436e-05,-0.00017889682203531265,-1.7741695046424866e-05,0.0,0.0,0.00010487250983715057,0.0,0.0,2.0886771380901337e-05,0.0,0.0,0.0,0.0,0.0,0.0,0.0,0.0,0.0,-0.0006543518975377083,0.0,7.567927241325378e-06,0.0,0.0002765730023384094,0.0,0.0,0.0,0.0,0.0,0.0,0.0,0.0,-8.310191333293915e-05,0.0,0.0,-5.1262788474559784e-05,0.00034928135573863983,0.0,0.0,0.0,0.0,0.0,0.013244129717350006,0.0,0.0,0.0,9.869225323200226e-06,-0.0002889912575483322,0.0,0.0,0.0,0.0,4.248740151524544e-05,0.0,0.0,0.0,0.0,-4.276074469089508e-05,0.0,0.0
0.0,0.0012329877354204655,0.0005268175154924393,0.0,0.0,0.00013754167594015598,-3.1817471608519554e-05,-0.00017889775335788727,-1.7745420336723328e-05,0.0,0.0,0.00010486878454685211,0.0,0.0,2.0886771380901337e-05,0.0,0.0,0.0,0.0,0.0,0.0,0.0,0.0,0.0,-0.0006543537601828575,0.0,7.5623393058776855e-06,0.0,0.00027656927704811096,0.0,0.0,0.0,0.0,0.0,0.0,0.0,0.0,-8.309818804264069e-05,0.0,0.0,-5.1262788474559784e-05,0.00034928321838378906,0.0,0.0,0.0,0.0,0.0,0.01313740760087967,0.0,0.0,0.0,9.870156645774841e-06,-0.00028899312019348145,0.0,0.0,0.0,0.0,4.248926416039467e-05,0.0,0.0,0.0,0.0,-4.275515675544739e-05,0.0,0.0
0.0,0.001232984010130167,0.0005268175154924393,0.0,0.0,0.0001375421416014433,-3.1817471608519554e-05,-0.00017889775335788727,-1.7745420336723328e-05,0.0,0.0,0.00010486692190170288,0.0,0.0,2.0886771380901337e-05,0.0,0.0,0.0,0.0,0.0,0.0,0.0,0.0,0.0,-0.0006543518975377083,0.0,7.5623393058776855e-06,0.0,0.0002765655517578125,0.0,0.0,0.0,0.0,0.0,0.0,0.0,0.0,-8.310377597808838e-05,0.0,0.0,-5.1262788474559784e-05,0.00034928135573863983,0.0,0.0,0.0,0.0,0.0,0.01303369551897049,0.0,0.0,0.0,9.868759661912918e-06,-0.0002889912575483322,0.0,0.0,0.0,0.0,4.248647019267082e-05,0.0,0.0,0.0,0.0,-4.275701940059662e-05,0.0,0.0
0.0,0.0012329868040978909,0.0005268175154924393,0.0,0.0,0.00013754446990787983,-3.181677311658859e-05,-0.00017889775335788727,-1.7745420336723328e-05,0.0,0.0,0.00010486505925655365,0.0,0.0,2.0886771380901337e-05,0.0,0.0,0.0,0.0,0.0,0.0,0.0,0.0,0.0,-0.0006543528288602829,0.0,7.556751370429993e-06,0.0,0.0002765655517578125,0.0,0.0,0.0,0.0,0.0,0.0,0.0,0.0,-8.310191333293915e-05,0.0,0.0,-5.1262788474559784e-05,0.00034928135573863983,0.0,0.0,0.0,0.0,0.0,0.012931741774082184,0.0,0.0,0.0,9.869690984487534e-06,-0.0002889903262257576,0.0,0.0,0.0,0.0,4.248553887009621e-05,0.0,0.0,0.0,0.0,-4.275701940059662e-05,0.0,0.0
0.0,0.0012329868040978909,0.0005268175154924393,0.0,0.0,0.00013754377141594887,-3.181467764079571e-05,-0.00017889775335788727,-1.7745420336723328e-05,0.0,0.0,0.00010486505925655365,0.0,0.0,2.0888634026050568e-05,0.0,0.0,0.0,0.0,0.0,0.0,0.0,0.0,0.0,-0.0006543537601828575,0.0,7.554888725280762e-06,0.0,0.0002765646204352379,0.0,0.0,0.0,0.0,0.0,0.0,0.0,0.0,-8.310563862323761e-05,0.0,0.0,-5.12637197971344e-05,0.0003492850810289383,0.0,0.0,0.0,0.0,0.0,0.012831158936023712,0.0,0.0,0.0,9.867129847407341e-06,-0.00028899218887090683,0.0,0.0,0.0,0.0,4.248740151524544e-05,0.0,0.0,0.0,0.0,-4.275701940059662e-05,0.0,0.0
0.0,0.0012329872697591782,0.0005268175154924393,0.0,0.0,0.00013754284009337425,-3.18172387778759e-05,-0.00017889868468046188,-1.7745420336723328e-05,0.0,0.0,0.00010486692190170288,0.0,0.0,2.0886771380901337e-05,0.0,0.0,0.0,0.0,0.0,0.0,0.0,0.0,0.0,-0.000654350034892559,0.0,7.5511634349823e-06,0.0,0.00027656275779008865,0.0,0.0,0.0,0.0,0.0,0.0,0.0,0.0,-8.310191333293915e-05,0.0,0.0,-5.126185715198517e-05,0.00034928135573863983,0.0,0.0,0.0,0.0,0.0,0.012731947004795074,0.0,0.0,0.0,9.867129847407341e-06,-0.0002889912575483322,0.0,0.0,0.0,0.0,4.248926416039467e-05,0.0,0.0,0.0,0.0,-4.275701940059662e-05,0.0,0.0
0.0,0.0012329877354204655,0.0005268175154924393,0.0,0.0,0.00013754400424659252,-3.18142119795084e-05,-0.00017889868468046188,-1.7745420336723328e-05,0.0,0.0,0.00010486505925655365,0.0,0.0,2.0886771380901337e-05,0.0,0.0,0.0,0.0,0.0,0.0,0.0,0.0,0.0,-0.0006543518975377083,0.0,7.5511634349823e-06,0.0,0.0002765646204352379,0.0,0.0,0.0,0.0,0.0,0.0,0.0,0.0,-8.310191333293915e-05,0.0,0.0,-5.1264651119709015e-05,0.0003492869436740875,0.0,0.0,0.0,0.0,0.0,0.012632913887500763,0.0,0.0,0.0,9.866897016763687e-06,-0.000288989394903183,0.0,0.0,0.0,0.0,4.248460754752159e-05,0.0,0.0,0.0,0.0,-4.275515675544739e-05,0.0,0.0
0.0,0.0012329863384366035,0.0005268175154924393,0.0,0.0,0.00013754284009337425,-3.18172387778759e-05,-0.00017889868468046188,-1.7745420336723328e-05,0.0,0.0,0.00010486319661140442,0.0,0.0,2.0886771380901337e-05,0.0,0.0,0.0,0.0,0.0,0.0,0.0,0.0,0.0,-0.0006543537601828575,0.0,7.5511634349823e-06,0.0,0.00027656275779008865,0.0,0.0,0.0,0.0,0.0,0.0,0.0,0.0,-8.310377597808838e-05,0.0,0.0,-5.126511678099632e-05,0.00034928321838378906,0.0,0.0,0.0,0.0,0.0,0.012533910572528839,0.0,0.0,0.0,9.867828339338303e-06,-0.0002889903262257576,0.0,0.0,0.0,0.0,4.248740151524544e-05,0.0,0.0,0.0,0.0,-4.275701940059662e-05,0.0,0.0
0.0,0.0012329868040978909,0.0005268175154924393,0.0,0.0,0.0001375430729240179,-3.181560896337032e-05,-0.00017889589071273804,-1.7745420336723328e-05,0.0,0.0,0.00010486319661140442,0.0,0.0,2.088584005832672e-05,0.0,0.0,0.0,0.0,0.0,0.0,0.0,0.0,0.0,-0.0006543518975377083,0.0,7.553026080131531e-06,0.0,0.0002765664830803871,0.0,0.0,0.0,0.0,0.0,0.0,0.0,0.0,-8.310191333293915e-05,0.0,0.0,-5.12637197971344e-05,0.0003492850810289383,0.0,0.0,0.0,0.0,0.0,0.012434788048267365,0.0,0.0,0.0,9.868992492556572e-06,-0.0002889907918870449,0.0,0.0,0.0,0.0,4.248833283782005e-05,0.0,0.0,0.0,0.0,-4.275888204574585e-05,0.0,0.0
0.0,0.0012329858727753162,0.00052681565284729,0.0,0.0,0.0001375421416014433,-3.181654028594494e-05,-0.00017889682203531265,-1.7745420336723328e-05,0.0,0.0,0.00010486505925655365,0.0,0.0,2.0886771380901337e-05,0.0,0.0,0.0,0.0,0.0,0.0,0.0,0.0,0.0,-0.0006543518975377083,0.0,7.5511634349823e-06,0.0,0.0002765646204352379,0.0,0.0,0.0,0.0,0.0,0.0,0.0,0.0,-8.310191333293915e-05,0.0,0.0,-5.126511678099632e-05,0.0003492850810289383,0.0,0.0,0.0,0.0,0.0,0.012334950268268585,0.0,0.0,0.0,9.869225323200226e-06,-0.0002889917232096195,0.0,0.0,0.0,0.0,4.248647019267082e-05,0.0,0.0,0.0,0.0,-4.275888204574585e-05,0.0,0.0
0.0,0.0012329872697591782,0.00052681565284729,0.0,0.0,0.00013754446990787983,-3.181374631822109e-05,-0.00017889775335788727,-1.7745420336723328e-05,0.0,0.0,0.00010486878454685211,0.0,0.0,2.0888634026050568e-05,0.0,0.0,0.0,0.0,0.0,0.0,0.0,0.0,0.0,-0.0006543518975377083,0.0,7.549300789833069e-06,0.0,0.0002765655517578125,0.0,0.0,0.0,0.0,0.0,0.0,0.0,0.0,-8.310191333293915e-05,0.0,0.0,-5.12637197971344e-05,0.00034928135573863983,0.0,0.0,0.0,0.0,0.0,0.012234099209308624,0.0,0.0,0.0,9.868759661912918e-06,-0.0002889912575483322,0.0,0.0,0.0,0.0,4.248553887009621e-05,0.0,0.0,0.0,0.0,-4.275888204574585e-05,0.0,0.0
0.0,0.0012329863384366035,0.0005268175154924393,0.0,0.0,0.0001375430729240179,-3.181584179401398e-05,-0.00017889495939016342,-1.7743557691574097e-05,0.0,0.0,0.00010486505925655365,0.0,0.0,2.0888634026050568e-05,0.0,0.0,0.0,0.0,0.0,0.0,0.0,0.0,0.0,-0.0006543518975377083,0.0,7.547438144683838e-06,0.0,0.0002765590324997902,0.0,0.0,0.0,0.0,0.0,0.0,0.0,0.0,-8.310563862323761e-05,0.0,0.0,-5.12637197971344e-05,0.00034928135573863983,0.0,0.0,0.0,0.0,0.0,0.012131817638874054,0.0,0.0,0.0,9.869225323200226e-06,-0.000288989394903183,0.0,0.0,0.0,0.0,4.2483676224946976e-05,0.0,0.0,0.0,0.0,-4.275888204574585e-05,0.0,0.0
0.0,0.0012329877354204655,0.0005268175154924393,0.0,0.0,0.00013754237443208694,-3.181840293109417e-05,-0.00017889775335788727,-1.7743557691574097e-05,0.0,0.0,0.00010486505925655365,0.0,0.0,2.0886771380901337e-05,0.0,0.0,0.0,0.0,0.0,0.0,0.0,0.0,0.0,-0.0006543546915054321,0.0,7.5511634349823e-06,0.0,0.00027656368911266327,0.0,0.0,0.0,0.0,0.0,0.0,0.0,0.0,-8.310563862323761e-05,0.0,0.0,-5.126511678099632e-05,0.0003492850810289383,0.0,0.0,0.0,0.0,0.0,0.012027986347675323,0.0,0.0,0.0,9.86829400062561e-06,-0.00028899358585476875,0.0,0.0,0.0,0.0,4.248553887009621e-05,0.0,0.0,0.0,0.0,-4.275888204574585e-05,0.0,0.0
0.0,0.0012329872697591782,0.0005268175154924393,0.0,0.0,0.00013754423707723618,-3.181281499564648e-05,-0.00017889682203531265,-1.7745420336723328e-05,0.0,0.0,0.00010486505925655365,0.0,0.0,2.0888634026050568e-05,0.0,0.0,0.0,0.0,0.0,0.0,0.0,0.0,0.0,-0.0006543528288602829,0.0,7.5511634349823e-06,0.0,0.0002765599638223648,0.0,0.0,0.0,0.0,0.0,0.0,0.0,0.0,-8.310563862323761e-05,0.0,0.0,-5.1264651119709015e-05,0.00034928135573863983,0.0,0.0,0.0,0.0,0.0,0.011922486126422882,0.0,0.0,0.0,9.868061169981956e-06,-0.0002889912575483322,0.0,0.0,0.0,0.0,4.248274490237236e-05,0.0,0.0,0.0,0.0,-4.275701940059662e-05,0.0,0.0
0.0,0.0012329872697591782,0.0005268193781375885,0.0,0.0,0.0001375430729240179,-3.1813979148864746e-05,-0.00017889775335788727,-1.7745420336723328e-05,0.0,0.0,0.00010486505925655365,0.0,0.0,2.0884908735752106e-05,0.0,0.0,0.0,0.0,0.0,0.0,0.0,0.0,0.0,-0.0006543537601828575,0.0,7.547438144683838e-06,0.0,0.0002765599638223648,0.0,0.0,0.0,0.0,0.0,0.0,0.0,0.0,-8.310191333293915e-05,0.0,0.0,-5.1264651119709015e-05,0.0003492850810289383,0.0,0.0,0.0,0.0,0.0,0.01181504875421524,0.0,0.0,0.0,9.867362678050995e-06,-0.0002889903262257576,0.0,0.0,0.0,0.0,4.248553887009621e-05,0.0,0.0,0.0,0.0,-4.275701940059662e-05,0.0,0.0
0.0,0.0012329877354204655,0.00052681565284729,0.0,0.0,0.00013754633255302906,-3.181607462465763e-05,-0.00017889868468046188,-1.7745420336723328e-05,0.0,0.0,0.00010486505925655365,0.0,0.0,2.0884908735752106e-05,0.0,0.0,0.0,0.0,0.0,0.0,0.0,0.0,0.0,-0.0006543537601828575,0.0,7.549300789833069e-06,0.0,0.00027656275779008865,0.0,0.0,0.0,0.0,0.0,0.0,0.0,0.0,-8.310377597808838e-05,0.0,0.0,-5.1264651119709015e-05,0.0003492850810289383,0.0,0.0,0.0,0.0,0.0,0.011705286800861359,0.0,0.0,0.0,9.86643135547638e-06,-0.000288989394903183,0.0,0.0,0.0,0.0,4.248553887009621e-05,0.0,0.0,0.0,0.0,-4.275701940059662e-05,0.0,0.0
0.0,0.0012329872697591782,0.0005268175154924393,0.0,0.0,0.00013754330575466156,-3.181770443916321e-05,-0.00017889868468046188,-1.7745420336723328e-05,0.0,0.0,0.00010486319661140442,0.0,0.0,2.0888634026050568e-05,0.0,0.0,0.0,0.0,0.0,0.0,0.0,0.0,0.0,-0.0006543528288602829,0.0,7.5511634349823e-06,0.0,0.00027656368911266327,0.0,0.0,0.0,0.0,0.0,0.0,0.0,0.0,-8.310191333293915e-05,0.0,0.0,-5.1264651119709015e-05,0.0003492850810289383,0.0,0.0,0.0,0.0,0.0,0.011593170464038849,0.0,0.0,0.0,9.869690984487534e-06,-0.0002889903262257576,0.0,0.0,0.0,0.0,4.248553887009621e-05,0.0,0.0,0.0,0.0,-4.275888204574585e-05,0.0,0.0
0.0,0.001232985407114029,0.0005268175154924393,0.0,0.0,0.00013754284009337425,-3.1819334253668785e-05,-0.00017889868468046188,-1.7745420336723328e-05,0.0,0.0,0.00010486505925655365,0.0,0.0,2.0886771380901337e-05,0.0,0.0,0.0,0.0,0.0,0.0,0.0,0.0,0.0,-0.0006543518975377083,0.0,7.549300789833069e-06,0.0,0.0002765646204352379,0.0,0.0,0.0,0.0,0.0,0.0,0.0,0.0,-8.310191333293915e-05,0.0,0.0,-5.1264651119709015e-05,0.0003492850810289383,0.0,0.0,0.0,0.0,0.0,0.011478371918201447,0.0,0.0,0.0,9.869225323200226e-06,-0.000288989394903183,0.0,0.0,0.0,0.0,4.2483676224946976e-05,0.0,0.0,0.0,0.0,-4.275888204574585e-05,0.0,0.0
0.0,0.001232985407114029,0.0005268175154924393,0.0,0.0,0.00013754353858530521,-3.1818170100450516e-05,-0.00017889868468046188,-1.7745420336723328e-05,0.0,0.0,0.00010486505925655365,0.0,0.0,2.0886771380901337e-05,0.0,0.0,0.0,0.0,0.0,0.0,0.0,0.0,0.0,-0.0006543528288602829,0.0,7.547438144683838e-06,0.0,0.0002765608951449394,0.0,0.0,0.0,0.0,0.0,0.0,0.0,0.0,-8.310563862323761e-05,0.0,0.0,-5.126418545842171e-05,0.00034928135573863983,0.0,0.0,0.0,0.0,0.0,0.011360980570316315,0.0,0.0,0.0,9.86829400062561e-06,-0.0002889903262257576,0.0,0.0,0.0,0.0,4.248647019267082e-05,0.0,0.0,0.0,0.0,-4.275888204574585e-05,0.0,0.0
0.0,0.001232985407114029,0.0005268175154924393,0.0,0.0,0.00013754330575466156,-3.181793726980686e-05,-0.00017889868468046188,-1.7743557691574097e-05,0.0,0.0,0.00010486505925655365,0.0,0.0,2.0886771380901337e-05,0.0,0.0,0.0,0.0,0.0,0.0,0.0,0.0,0.0,-0.0006543537601828575,0.0,7.549300789833069e-06,0.0,0.00027656275779008865,0.0,0.0,0.0,0.0,0.0,0.0,0.0,0.0,-8.310563862323761e-05,0.0,0.0,-5.126511678099632e-05,0.0003492850810289383,0.0,0.0,0.0,0.0,0.0,0.011240698397159576,0.0,0.0,0.0,9.868061169981956e-06,-0.0002889903262257576,0.0,0.0,0.0,0.0,4.248553887009621e-05,0.0,0.0,0.0,0.0,-4.275888204574585e-05,0.0,0.0
0.0,0.0012329849414527416,0.0005268175154924393,0.0,0.0,0.0001375426072627306,-3.181770443916321e-05,-0.00017889682203531265,-1.7743557691574097e-05,0.0,0.0,0.00010486505925655365,0.0,0.0,2.088584005832672e-05,0.0,0.0,0.0,0.0,0.0,0.0,0.0,0.0,0.0,-0.0006543537601828575,0.0,7.5511634349823e-06,0.0,0.0002765581011772156,0.0,0.0,0.0,0.0,0.0,0.0,0.0,0.0,-8.310563862323761e-05,0.0,0.0,-5.1264651119709015e-05,0.00034928135573863983,0.0,0.0,0.0,0.0,0.0,0.011117376387119293,0.0,0.0,0.0,9.867828339338303e-06,-0.0002889898605644703,0.0,0.0,0.0,0.0,4.248553887009621e-05,0.0,0.0,0.0,0.0,-4.275888204574585e-05,0.0,0.0
0.0,0.001232985407114029,0.0005268175154924393,0.0,0.0,0.00013754284009337425,-3.1815143302083015e-05,-0.00017889868468046188,-1.7745420336723328e-05,0.0,0.0,0.00010486505925655365,0.0,0.0,2.0884908735752106e-05,0.0,0.0,0.0,0.0,0.0,0.0,0.0,0.0,0.0,-0.0006543537601828575,0.0,7.553026080131531e-06,0.0,0.0002765608951449394,0.0,0.0,0.0,0.0,0.0,0.0,0.0,0.0,-8.310563862323761e-05,0.0,0.0,-5.1264651119709015e-05,0.0003492850810289383,0.0,0.0,0.0,0.0,0.0,0.010990716516971588,0.0,0.0,0.0,9.867362678050995e-06,-0.0002889898605644703,0.0,0.0,0.0,0.0,4.248460754752159e-05,0.0,0.0,0.0,0.0,-4.275515675544739e-05,0.0,0.0
0.0,0.0012329863384366035,0.0005268175154924393,0.0,0.0,0.0001375421416014433,-3.181467764079571e-05,-0.00017889682203531265,-1.7745420336723328e-05,0.0,0.0,0.00010486878454685211,0.0,0.0,2.0886771380901337e-05,0.0,0.0,0.0,0.0,0.0,0.0,0.0,0.0,0.0,-0.0006543537601828575,0.0,7.5511634349823e-06,0.0,0.0002765608951449394,0.0,0.0,0.0,0.0,0.0,0.0,0.0,0.0,-8.310936391353607e-05,0.0,0.0,-5.126418545842171e-05,0.0003492850810289383,0.0,0.0,0.0,0.0,0.0,0.010861165821552277,0.0,0.0,0.0,9.867362678050995e-06,-0.0002889898605644703,0.0,0.0,0.0,0.0,4.248553887009621e-05,0.0,0.0,0.0,0.0,-4.275888204574585e-05,0.0,0.0
0.0,0.0012329863384366035,0.0005268175154924393,0.0,0.0,0.00013754400424659252,-3.18172387778759e-05,-0.00017889495939016342,-1.7745420336723328e-05,0.0,0.0,0.00010486878454685211,0.0,0.0,2.0886771380901337e-05,0.0,0.0,0.0,0.0,0.0,0.0,0.0,0.0,0.0,-0.0006543537601828575,0.0,7.553026080131531e-06,0.0,0.0002765608951449394,0.0,0.0,0.0,0.0,0.0,0.0,0.0,0.0,-8.310563862323761e-05,0.0,0.0,-5.126558244228363e-05,0.0003492850810289383,0.0,0.0,0.0,0.0,0.0,0.010727860033512115,0.0,0.0,0.0,9.867362678050995e-06,-0.00028899218887090683,0.0,0.0,0.0,0.0,4.248647019267082e-05,0.0,0.0,0.0,0.0,-4.276074469089508e-05,0.0,0.0
0.0,0.0012329868040978909,0.0005268175154924393,0.0,0.0,0.00013754586689174175,-3.1813979148864746e-05,-0.00017889682203531265,-1.7745420336723328e-05,0.0,0.0,0.00010486692190170288,0.0,0.0,2.0884908735752106e-05,0.0,0.0,0.0,0.0,0.0,0.0,0.0,0.0,0.0,-0.0006543537601828575,0.0,7.553026080131531e-06,0.0,0.00027656275779008865,0.0,0.0,0.0,0.0,0.0,0.0,0.0,0.0,-8.310563862323761e-05,0.0,0.0,-5.1266513764858246e-05,0.0003492850810289383,0.0,0.0,0.0,0.0,0.0,0.010591454803943634,0.0,0.0,0.0,9.867129847407341e-06,-0.0002889907918870449,0.0,0.0,0.0,0.0,4.248740151524544e-05,0.0,0.0,0.0,0.0,-4.276260733604431e-05,0.0,0.0
0.0,0.0012329863384366035,0.0005268175154924393,0.0,0.0,0.00013754423707723618,-3.1816307455301285e-05,-0.00017889682203531265,-1.774728298187256e-05,0.0,0.0,0.00010486878454685211,0.0,0.0,2.088584005832672e-05,0.0,0.0,0.0,0.0,0.0,0.0,0.0,0.0,0.0,-0.0006543556228280067,0.0,7.549300789833069e-06,0.0,0.0002765608951449394,0.0,0.0,0.0,0.0,0.0,0.0,0.0,0.0,-8.310191333293915e-05,0.0,0.0,-5.126558244228363e-05,0.0003492850810289383,0.0,0.0,0.0,0.0,0.0,0.01045147329568863,0.0,0.0,0.0,9.866897016763687e-06,-0.00028899265453219414,0.0,0.0,0.0,0.0,4.248460754752159e-05,0.0,0.0,0.0,0.0,-4.275888204574585e-05,0.0,0.0
0.0,0.0012329849414527416,0.0005268193781375885,0.0,0.0,0.0001375421416014433,-3.1817005947232246e-05,-0.0001788940280675888,-1.7745420336723328e-05,0.0,0.0,0.00010486505925655365,0.0,0.0,2.088397741317749e-05,0.0,0.0,0.0,0.0,0.0,0.0,0.0,0.0,0.0,-0.0006543537601828575,0.0,7.547438144683838e-06,0.0,0.0002765608951449394,0.0,0.0,0.0,0.0,0.0,0.0,0.0,0.0,-8.310191333293915e-05,0.0,0.0,-5.1264651119709015e-05,0.00034928135573863983,0.0,0.0,0.0,0.0,0.0,0.010307975113391876,0.0,0.0,0.0,9.867828339338303e-06,-0.0002889912575483322,0.0,0.0,0.0,0.0,4.248553887009621e-05,0.0,0.0,0.0,0.0,-4.275888204574585e-05,0.0,0.0
0.0,0.0012329858727753162,0.0005268175154924393,0.0,0.0,0.0001375426072627306,-3.181537613272667e-05,-0.00017889495939016342,-1.7745420336723328e-05,0.0,0.0,0.00010486505925655365,0.0,0.0,2.0886771380901337e-05,0.0,0.0,0.0,0.0,0.0,0.0,0.0,0.0,0.0,-0.0006543537601828575,0.0,7.547438144683838e-06,0.0,0.0002765581011772156,0.0,0.0,0.0,0.0,0.0,0.0,0.0,0.0,-8.310377597808838e-05,0.0,0.0,-5.126604810357094e-05,0.00034928321838378906,0.0,0.0,0.0,0.0,0.0,0.0101609006524086,0.0,0.0,0.0,9.870156645774841e-06,-0.0002889912575483322,0.0,0.0,0.0,0.0,4.248553887009621e-05,0.0,0.0,0.0,0.0,-4.275701940059662e-05,0.0,0.0
0.0,0.001232985407114029,0.0005268175154924393,0.0,0.0,0.00013754144310951233,-3.181491047143936e-05,-0.0001788930967450142,-1.7745420336723328e-05,0.0,0.0,0.00010486505925655365,0.0,0.0,2.0888634026050568e-05,0.0,0.0,0.0,0.0,0.0,0.0,0.0,0.0,0.0,-0.0006543537601828575,0.0,7.5511634349823e-06,0.0,0.00027656182646751404,0.0,0.0,0.0,0.0,0.0,0.0,0.0,0.0,-8.310563862323761e-05,0.0,0.0,-5.1264651119709015e-05,0.00034928321838378906,0.0,0.0,0.0,0.0,0.0,0.010010071098804474,0.0,0.0,0.0,9.868992492556572e-06,-0.0002889903262257576,0.0,0.0,0.0,0.0,4.248553887009621e-05,0.0,0.0,0.0,0.0,-4.275888204574585e-05,0.0,0.0
0.0,0.0012329849414527416,0.0005268175154924393,0.0,0.0,0.00013754121027886868,-3.181584179401398e-05,-0.00017889495939016342,-1.7745420336723328e-05,0.0,0.0,0.00010486505925655365,0.0,0.0,2.0887702703475952e-05,0.0,0.0,0.0,0.0,0.0,0.0,0.0,0.0,0.0,-0.0006543528288602829,0.0,7.5511634349823e-06,0.0,0.00027656275779008865,0.0,0.0,0.0,0.0,0.0,0.0,0.0,0.0,-8.310563862323761e-05,0.0,0.0,-5.1266513764858246e-05,0.00034928321838378906,0.0,0.0,0.0,0.0,0.0,0.009856052696704865,0.0,0.0,0.0,9.869225323200226e-06,-0.0002889912575483322,0.0,0.0,0.0,0.0,4.2483676224946976e-05,0.0,0.0,0.0,0.0,-4.2743980884552e-05,0.0,0.0
0.0,0.0012329872697591782,0.0005268212407827377,0.0,0.0,0.00013754353858530521,-3.1816307455301285e-05,-0.00017889682203531265,-1.7745420336723328e-05,0.0,0.0,0.00010486319661140442,0.0,0.0,2.0886771380901337e-05,0.0,0.0,0.0,0.0,0.0,0.0,0.0,0.0,0.0,-0.0006543518975377083,0.0,7.547438144683838e-06,0.0,0.00027656182646751404,0.0,0.0,0.0,0.0,0.0,0.0,0.0,0.0,-8.310563862323761e-05,0.0,0.0,-5.12637197971344e-05,0.0003492850810289383,0.0,0.0,0.0,0.0,0.0,0.00969821959733963,0.0,0.0,0.0,9.869690984487534e-06,-0.0002889912575483322,0.0,0.0,0.0,0.0,4.248460754752159e-05,0.0,0.0,0.0,0.0,-4.2747706174850464e-05,0.0,0.0
0.0,0.0012329863384366035,0.0005268175154924393,0.0,0.0,0.00013754470273852348,-3.181793726980686e-05,-0.00017889868468046188,-1.7745420336723328e-05,0.0,0.0,0.00010486133396625519,0.0,0.0,2.0886771380901337e-05,0.0,0.0,0.0,0.0,0.0,0.0,0.0,0.0,0.0,-0.0006543528288602829,0.0,7.5511634349823e-06,0.0,0.0002765608951449394,0.0,0.0,0.0,0.0,0.0,0.0,0.0,0.0,-8.310191333293915e-05,0.0,0.0,-5.1262788474559784e-05,0.00034928135573863983,0.0,0.0,0.0,0.0,0.0,0.009537018835544586,0.0,0.0,0.0,9.870622307062149e-06,-0.00028899218887090683,0.0,0.0,0.0,0.0,4.248553887009621e-05,0.0,0.0,0.0,0.0,-4.274211823940277e-05,0.0,0.0
0.0,0.0012329872697591782,0.0005268175154924393,0.0,0.0,0.00013754237443208694,-3.181677311658859e-05,-0.00017889868468046188,-1.774914562702179e-05,0.0,0.0,0.00010485947132110596,0.0,0.0,2.0884908735752106e-05,0.0,0.0,0.0,0.0,0.0,0.0,0.0,0.0,0.0,-0.0006543556228280067,0.0,7.547438144683838e-06,0.0,0.0002765590324997902,0.0,0.0,0.0,0.0,0.0,0.0,0.0,0.0,-8.310191333293915e-05,0.0,0.0,-5.12637197971344e-05,0.00034928135573863983,0.0,0.0,0.0,0.0,0.0,0.009372420608997345,0.0,0.0,0.0,9.872950613498688e-06,-0.0002889903262257576,0.0,0.0,0.0,0.0,4.2483676224946976e-05,0.0,0.0,0.0,0.0,-4.2732805013656616e-05,0.0,0.0
0.0,0.0012329844757914543,0.0005268175154924393,0.0,0.0,0.0001375426072627306,-3.1814444810152054e-05,-0.00017889868468046188,-1.774728298187256e-05,0.0,0.0,0.00010485760867595673,0.0,0.0,2.0886771380901337e-05,0.0,0.0,0.0,0.0,0.0,0.0,0.0,0.0,0.0,-0.000654350034892559,0.0,7.547438144683838e-06,0.0,0.0002765608951449394,0.0,0.0,0.0,0.0,0.0,0.0,0.0,0.0,-8.310191333293915e-05,0.0,0.0,-5.12637197971344e-05,0.00034928135573863983,0.0,0.0,0.0,0.0,0.0,0.009204395115375519,0.0,0.0,0.0,9.877374395728111e-06,-0.0002889912575483322,0.0,0.0,0.0,0.0,4.248553887009621e-05,0.0,0.0,0.0,0.0,-4.272162914276123e-05,0.0,0.0
0.0,0.0012329835444688797,0.0005268175154924393,0.0,0.0,0.00013753725215792656,-3.1820498406887054e-05,-0.0001788996160030365,-1.774914562702179e-05,0.0,0.0,0.0001048557460308075,0.0,0.0,2.088584005832672e-05,0.0,0.0,0.0,0.0,0.0,0.0,0.0,0.0,0.0,-0.0006543463096022606,0.0,7.547438144683838e-06,0.0,0.00027656368911266327,0.0,0.0,0.0,0.0,0.0,0.0,0.0,0.0,-8.310191333293915e-05,0.0,0.0,-5.126418545842171e-05,0.00034928135573863983,0.0,0.0,0.0,0.0,0.0,0.00903356820344925,0.0,0.0,0.0,9.881099686026573e-06,-0.0002889907918870449,0.0,0.0,0.0,0.0,4.248460754752159e-05,0.0,0.0,0.0,0.0,-4.2710453271865845e-05,0.0,0.0
0.0,0.0012329872697591782,0.0005268137902021408,0.0,0.0,0.0001375339925289154,-3.182399086654186e-05,-0.0001788996160030365,-1.775100827217102e-05,0.0,0.0,0.00010485388338565826,0.0,0.0,2.0887702703475952e-05,0.0,0.0,0.0,0.0,0.0,0.0,0.0,0.0,0.0,-0.0006543425843119621,0.0,7.547438144683838e-06,0.0,0.0002765646204352379,0.0,0.0,0.0,0.0,0.0,0.0,0.0,0.0,-8.310377597808838e-05,0.0,0.0,-5.1262322813272476e-05,0.00034927763044834137,0.0,0.0,0.0,0.0,0.0,0.008859403431415558,0.0,0.0,0.0,9.889714419841766e-06,-0.00028898799791932106,0.0,0.0,0.0,0.0,4.248274490237236e-05,0.0,0.0,0.0,0.0,-4.268810153007507e-05,0.0,0.0
0.0,0.0012329858727753162,0.00052681565284729,0.0,0.0,0.00013753189705312252,-3.183097578585148e-05,-0.00017890147864818573,-1.7754733562469482e-05,0.0,0.0,0.00010484643280506134,0.0,0.0,2.088584005832672e-05,0.0,0.0,0.0,0.0,0.0,0.0,0.0,0.0,0.0,-0.0006543351337313652,0.0,7.547438144683838e-06,0.0,0.0002765608951449394,0.0,0.0,0.0,0.0,0.0,0.0,0.0,0.0,-8.310377597808838e-05,0.0,0.0,-5.12637197971344e-05,0.00034927763044834137,0.0,0.0,0.0,0.0,0.0,0.008682884275913239,0.0,0.0,0.0,9.898794814944267e-06,-0.00028898846358060837,0.0,0.0,0.0,0.0,4.248088225722313e-05,0.0,0.0,0.0,0.0,-4.265829920768738e-05,0.0,0.0
0.0,0.0012329835444688797,0.0005268137902021408,0.0,0.0,0.00013752817176282406,-3.1842850148677826e-05,-0.00017890427261590958,-1.7756596207618713e-05,0.0,0.0,0.00010483525693416595,0.0,0.0,2.0886771380901337e-05,0.0,0.0,0.0,0.0,0.0,0.0,0.0,0.0,0.0,-0.0006543239578604698,0.0,7.543712854385376e-06,0.0,0.0002765590324997902,0.0,0.0,0.0,0.0,0.0,0.0,0.0,0.0,-8.309818804264069e-05,0.0,0.0,-5.126418545842171e-05,0.00034927017986774445,0.0,0.0,0.0,0.0,0.0,0.00850389152765274,0.0,0.0,0.0,9.918585419654846e-06,-0.00028898660093545914,0.0,0.0,0.0,0.0,4.248088225722313e-05,0.0,0.0,0.0,0.0,-4.2613595724105835e-05,0.0,0.0
0.0,0.0012329807505011559,0.0005268100649118423,0.0,0.0,0.00013751047663390636,-3.186310641467571e-05,-0.00017890054732561111,-1.7758458852767944e-05,0.0,0.0,0.00010481290519237518,0.0,0.0,2.0886771380901337e-05,0.0,0.0,0.0,0.0,0.0,0.0,0.0,0.0,0.0,-0.000654309056699276,0.0,7.545575499534607e-06,0.0,0.0002765590324997902,0.0,0.0,0.0,0.0,0.0,0.0,0.0,0.0,-8.310005068778992e-05,0.0,0.0,-5.127117037773132e-05,0.0003492627292871475,0.0,0.0,0.0,0.0,0.0,0.008322037756443024,0.0,0.0,0.0,9.951647371053696e-06,-0.0002889847382903099,0.0,0.0,0.0,0.0,4.2473431676626205e-05,0.0,0.0,0.0,0.0,-4.254654049873352e-05,0.0,0.0
0.0,0.0012329742312431335,0.000526798889040947,0.0,0.0,0.00013748789206147194,-3.190082497894764e-05,-0.00017890427261590958,-1.7765909433364868e-05,0.0,0.0,0.00010478869080543518,0.0,0.0,2.0893290638923645e-05,0.0,0.0,0.0,0.0,0.0,0.0,0.0,0.0,0.0,-0.0006542820483446121,0.0,7.543712854385376e-06,0.0,0.0002765543758869171,0.0,0.0,0.0,0.0,0.0,0.0,0.0,0.0,-8.310377597808838e-05,0.0,0.0,-5.1283277571201324e-05,0.00034925155341625214,0.0,0.0,0.0,0.0,0.0,0.008138604462146759,0.0,0.0,0.0,1.0001473128795624e-05,-0.00028897635638713837,0.0,0.0,0.0,0.0,4.2471569031476974e-05,0.0,0.0,0.0,0.0,-4.2438507080078125e-05,0.0,0.0
0.0,0.0012329565361142159,0.00052679143846035,0.0,0.0,0.000137456227093935,-3.1964853405952454e-05,-0.00017890986055135727,-1.777149736881256e-05,0.0,0.0,0.0001047421246767044,0.0,0.0,2.08904966711998e-05,0.0,0.0,0.0,0.0,0.0,0.0,0.0,0.0,0.0,-0.0006542466580867767,0.0,7.5511634349823e-06,0.0,0.00027655158191919327,0.0,0.0,0.0,0.0,0.0,0.0,0.0,0.0,-8.310377597808838e-05,0.0,0.0,-5.130469799041748e-05,0.00034922920167446136,0.0,0.0,0.0,0.0,0.0,0.007953144609928131,0.0,0.0,0.0,1.0082963854074478e-05,-0.0002889665775001049,0.0,0.0,0.0,0.0,4.245201125741005e-05,0.0,0.0,0.0,0.0,-4.2304396629333496e-05,0.0,0.0
0.0,0.0012329351156949997,0.0005267728120088577,0.0,0.0,0.00013740500435233116,-3.2070092856884e-05,-0.0001789173111319542,-1.7778947949409485e-05,0.0,0.0,0.00010468252003192902,0.0,0.0,2.0886771380901337e-05,0.0,0.0,0.0,0.0,0.0,0.0,0.0,0.0,0.0,-0.0006541898474097252,0.0,7.556751370429993e-06,0.0,0.0002765422686934471,0.0,0.0,0.0,0.0,0.0,0.0,0.0,0.0,-8.310936391353607e-05,0.0,0.0,-5.134847015142441e-05,0.00034919939935207367,0.0,0.0,0.0,0.0,0.0,0.0077658966183662415,0.0,0.0,0.0,1.0217074304819107e-05,-0.00028895167633891106,0.0,0.0,0.0,0.0,4.2432453483343124e-05,0.0,0.0,0.0,0.0,-4.210323095321655e-05,0.0,0.0
0.0,0.0012328997254371643,0.0005267355591058731,0.0,0.0,0.00013731629587709904,-3.223191015422344e-05,-0.00017893314361572266,-1.7782673239707947e-05,0.0,0.0,0.000104585662484169,0.0,0.0,2.0884908735752106e-05,0.0,0.0,0.0,0.0,0.0,0.0,0.0,0.0,0.0,-0.0006541144102811813,0.0,7.584691047668457e-06,0.0,0.0002765236422419548,0.0,0.0,0.0,0.0,0.0,0.0,0.0,0.0,-8.315034210681915e-05,0.0,0.0,-5.142251029610634e-05,0.0003491472452878952,0.0,0.0,0.0,0.0,0.0,0.0075769200921058655,0.0,0.0,0.0,1.0425224900245667e-05,-0.00028892233967781067,0.0,0.0,0.0,0.0,4.2386818677186966e-05,0.0,0.0,0.0,0.0,-4.1814520955085754e-05,0.0,0.0
0.0,0.0012328498996794224,0.0005266759544610977,0.0,0.0,0.00013717543333768845,-3.24971042573452e-05,-0.00017895735800266266,-1.7784535884857178e-05,0.0,0.0,0.00010443851351737976,0.0,0.0,2.0884908735752106e-05,0.0,0.0,0.0,0.0,0.0,0.0,0.0,0.0,0.0,-0.0006540091708302498,0.0,7.64802098274231e-06,0.0,0.00027650315314531326,0.0,0.0,0.0,0.0,0.0,0.0,0.0,0.0,-8.323416113853455e-05,0.0,0.0,-5.155801773071289e-05,0.0003490615636110306,0.0,0.0,0.0,0.0,0.0,0.007385946810245514,0.0,0.0,0.0,1.0760733857750893e-05,-0.0002888697199523449,0.0,0.0,0.0,0.0,4.231417551636696e-05,0.0,0.0,0.0,0.0,-4.139915108680725e-05,0.0,0.0
0.0,0.001232803799211979,0.0005265716463327408,0.0,0.0,0.00013696798123419285,-3.291037864983082e-05,-0.0001790085807442665,-1.7773360013961792e-05,0.0,0.0,0.00010421313345432281,0.0,0.0,2.087559551000595e-05,0.0,0.0,0.0,0.0,0.0,0.0,0.0,0.0,0.0,-0.0006538769230246544,0.0,7.770955562591553e-06,0.0,0.0002764808014035225,0.0,0.0,0.0,0.0,0.0,0.0,0.0,0.0,-8.338876068592072e-05,0.0,0.0,-5.178898572921753e-05,0.0003489293158054352,0.0,0.0,0.0,0.0,0.0,0.007192380726337433,0.0,0.0,0.0,1.128041185438633e-05,-0.0002887742593884468,0.0,0.0,0.0,0.0,4.2193103581666946e-05,0.0,0.0,0.0,0.0,-4.0803104639053345e-05,0.0,0.0
0.0,0.0012327725999057293,0.0005264095962047577,0.0,0.0,0.00013664737343788147,-3.353576175868511e-05,-0.00017910543829202652,-1.774728298187256e-05,0.0,0.0,0.00010386668145656586,0.0,0.0,2.0854175090789795e-05,0.0,0.0,0.0,0.0,0.0,0.0,0.0,0.0,0.0,-0.0006537241861224174,0.0,7.987022399902344e-06,0.0,0.00027646124362945557,0.0,0.0,0.0,0.0,0.0,0.0,0.0,0.0,-8.366629481315613e-05,0.0,0.0,-5.216524004936218e-05,0.0003487374633550644,0.0,0.0,0.0,0.0,0.0,0.006994672119617462,0.0,0.0,0.0,1.2082979083061218e-05,-0.0002885991707444191,0.0,0.0,0.0,0.0,4.1987281292676926e-05,0.0,0.0,0.0,0.0,-3.9946287870407104e-05,0.0,0.0
0.0,0.0012328317388892174,0.0005261283367872238,0.0,0.0,0.00013618613593280315,-3.4469179809093475e-05,-0.0001792972907423973,-1.7682090401649475e-05,0.0,0.0,0.00010334700345993042,0.0,0.0,2.0808540284633636e-05,0.0,0.0,0.0,0.0,0.0,0.0,0.0,0.0,0.0,-0.0006535667926073074,0.0,8.340924978256226e-06,0.0,0.0002764519304037094,0.0,0.0,0.0,0.0,0.0,0.0,0.0,0.0,-8.407421410083771e-05,0.0,0.0,-5.2764080464839935e-05,0.00034843944013118744,0.0,0.0,0.0,0.0,0.0,0.006792940199375153,0.0,0.0,0.0,1.3300450518727303e-05,-0.0002882853150367737,0.0,0.0,0.0,0.0,4.1637104004621506e-05,0.0,0.0,0.0,0.0,-3.8700178265571594e-05,0.0,0.0
0.0,0.0012330934405326843,0.0005256496369838715,0.0,0.0,0.00013551791198551655,-3.5851262509822845e-05,-0.00017965491861104965,-1.755543053150177e-05,0.0,0.0,0.00010257028043270111,0.0,0.0,2.073775976896286e-05,0.0,0.0,0.0,0.0,0.0,0.0,0.0,0.0,0.0,-0.0006534820422530174,0.0,8.871778845787048e-06,0.0,0.00027648545801639557,0.0,0.0,0.0,0.0,0.0,0.0,0.0,0.0,-8.45734030008316e-05,0.0,0.0,-5.367770791053772e-05,0.00034801289439201355,0.0,0.0,0.0,0.0,0.0,0.006580539047718048,0.0,0.0,0.0,1.512398011982441e-05,-0.00028773676604032516,0.0,0.0,0.0,0.0,4.1064340621232986e-05,0.0,0.0,0.0,0.0,-3.691762685775757e-05,0.0,0.0
0.0,0.0012337672524154186,0.0005248431116342545,0.0,0.0,0.00013455725274980068,-3.785453736782074e-05,-0.0001803068444132805,-1.7346814274787903e-05,0.0,0.0,0.0001014266163110733,0.0,0.0,2.0601786673069e-05,0.0,0.0,0.0,0.0,0.0,0.0,0.0,0.0,0.0,-0.0006535975262522697,0.0,9.622424840927124e-06,0.0,0.00027661677449941635,0.0,0.0,0.0,0.0,0.0,0.0,0.0,0.0,-8.500553667545319e-05,0.0,0.0,-5.500437691807747e-05,0.0003474187105894089,0.0,0.0,0.0,0.0,0.0,0.0063596442341804504,0.0,0.0,0.0,1.776730641722679e-05,-0.00028679054230451584,0.0,0.0,0.0,0.0,4.009949043393135e-05,0.0,0.0,0.0,0.0,-3.4358352422714233e-05,0.0,0.0
0.0,0.0012351758778095245,0.0005235020071268082,0.0,0.0,0.00013319472782313824,-4.0669459849596024e-05,-0.00018144864588975906,-1.7033889889717102e-05,0.0,0.0,9.978748857975006e-05,0.0,0.0,2.0378269255161285e-05,0.0,0.0,0.0,0.0,0.0,0.0,0.0,0.0,0.0,-0.0006541935727000237,0.0,1.0542571544647217e-05,0.0,0.0002769501879811287,0.0,0.0,0.0,0.0,0.0,0.0,0.0,0.0,-8.501671254634857e-05,0.0,0.0,-5.682464689016342e-05,0.0003466326743364334,0.0,0.0,0.0,0.0,0.0,0.006114639341831207,0.0,0.0,0.0,2.149352803826332e-05,-0.0002852226607501507,0.0,0.0,0.0,0.0,3.849109634757042e-05,0.0,0.0,0.0,0.0,-3.070756793022156e-05,0.0,0.0
0.0,0.001237756572663784,0.0005212705582380295,0.0,0.0,0.00013118539936840534,-4.4542597606778145e-05,-0.00018336810171604156,-1.6627833247184753e-05,0.0,0.0,9.747222065925598e-05,0.0,0.0,2.001877874135971e-05,0.0,0.0,0.0,0.0,0.0,0.0,0.0,0.0,0.0,-0.0006557805463671684,0.0,1.1453405022621155e-05,0.0,0.0002776980400085449,0.0,0.0,0.0,0.0,0.0,0.0,0.0,0.0,-8.408911526203156e-05,0.0,0.0,-5.913618952035904e-05,0.00034564174711704254,0.0,0.0,0.0,0.0,0.0,0.005852319300174713,0.0,0.0,0.0,2.653920091688633e-05,-0.0002827206626534462,0.0,0.0,0.0,0.0,3.5814475268125534e-05,0.0,0.0,0.0,0.0,-2.5546178221702576e-05,0.0,0.0
0.0,0.001242003869265318,0.0005175918340682983,0.0,0.0,0.00012813275679945946,-4.965323023498058e-05,-0.00018643122166395187,-1.6236677765846252e-05,0.0,0.0,9.433366358280182e-05,0.0,0.0,1.9466504454612732e-05,0.0,0.0,0.0,0.0,0.0,0.0,0.0,0.0,0.0,-0.0006592785939574242,0.0,1.1924654245376587e-05,0.0,0.00027931760996580124,0.0,0.0,0.0,0.0,0.0,0.0,0.0,0.0,-8.151493966579437e-05,0.0,0.0,-6.170524284243584e-05,0.0003445558249950409,0.0,0.0,0.0,0.0,0.0,0.005535967648029327,0.0,0.0,0.0,3.3024000003933907e-05,-0.0002789432182908058,0.0,0.0,0.0,0.0,3.138324245810509e-05,0.0,0.0,0.0,0.0,-1.8382444977760315e-05,0.0,0.0
0.0,0.001248326152563095,0.00051153264939785,0.0,0.0,0.00012340745888650417,-5.6005315855145454e-05,-0.00019102729856967926,-1.6165897250175476e-05,0.0,0.0,9.028799831867218e-05,0.0,0.0,1.8642283976078033e-05,0.0,0.0,0.0,0.0,0.0,0.0,0.0,0.0,0.0,-0.0006662765517830849,0.0,1.115351915359497e-05,0.0,0.0002827132120728493,0.0,0.0,0.0,0.0,0.0,0.0,0.0,0.0,-7.678940892219543e-05,0.0,0.0,-6.392830982804298e-05,0.00034360215067863464,0.0,0.0,0.0,0.0,0.0,0.005192853510379791,0.0,0.0,0.0,4.0763989090919495e-05,-0.0002736346796154976,0.0,0.0,0.0,0.0,2.4201814085245132e-05,0.0,0.0,0.0,0.0,-8.730217814445496e-06,0.0,0.0
0.0,0.0012567187659442425,0.0005015581846237183,0.0,0.0,0.00011613219976425171,-6.324495188891888e-05,-0.00019736681133508682,-1.7097219824790955e-05,0.0,0.0,8.545629680156708e-05,0.0,0.0,1.7403624951839447e-05,0.0,0.0,0.0,0.0,0.0,0.0,0.0,0.0,0.0,-0.0006794342771172523,0.0,7.910653948783875e-06,0.0,0.0002893870696425438,0.0,0.0,0.0,0.0,0.0,0.0,0.0,0.0,-7.018446922302246e-05,0.0,0.0,-6.453413516283035e-05,0.0003433544188737869,0.0,0.0,0.0,0.0,0.0,0.004735209047794342,0.0,0.0,0.0,4.901643842458725e-05,-0.0002669086679816246,0.0,0.0,0.0,0.0,1.2919772416353226e-05,0.0,0.0,0.0,0.0,3.56137752532959e-06,0.0,0.0
0.0,0.0012662452645599842,0.0004850495606660843,0.0,0.0,0.0001053947489708662,-7.020705379545689e-05,-0.00020508002489805222,-2.0310282707214355e-05,0.0,0.0,8.032843470573425e-05,0.0,0.0,1.561082899570465e-05,0.0,0.0,0.0,0.0,0.0,0.0,0.0,0.0,0.0,-0.0007031084969639778,0.0,6.761401891708374e-07,0.0,0.00030126795172691345,0.0,0.0,0.0,0.0,0.0,0.0,0.0,0.0,-6.35143369436264e-05,0.0,0.0,-6.137322634458542e-05,0.00034480728209018707,0.0,0.0,0.0,0.0,0.0,0.0042547062039375305,0.0,0.0,0.0,5.6163640692830086e-05,-0.00025966623798012733,0.0,0.0,0.0,0.0,-3.940891474485397e-06,0.0,0.0,0.0,0.0,1.771189272403717e-05,0.0,0.0
0.0,0.0012744227424263954,0.00045768171548843384,0.0,0.0,9.0830959379673e-05,-7.444922812283039e-05,-0.0002126721665263176,-2.7958303689956665e-05,0.0,0.0,7.61076807975769e-05,0.0,0.0,1.3153068721294403e-05,0.0,0.0,0.0,0.0,0.0,0.0,0.0,0.0,0.0,-0.0007442040368914604,0.0,-1.1816620826721191e-05,0.0,0.000319543294608593,0.0,0.0,0.0,0.0,0.0,0.0,0.0,0.0,-6.0735270380973816e-05,0.0,0.0,-5.133217200636864e-05,0.0003496576100587845,0.0,0.0,0.0,0.0,0.0,0.0035427138209342957,0.0,0.0,0.0,5.948217585682869e-05,-0.0002541346475481987,0.0,0.0,0.0,0.0,-2.740556374192238e-05,0.0,0.0,0.0,0.0,3.091990947723389e-05,0.0,0.0
0.0,0.0012767869047820568,0.0004127752035856247,0.0,0.0,7.370044477283955e-05,-7.172860205173492e-05,-0.0002169078215956688,-4.310719668865204e-05,0.0,0.0,7.491745054721832e-05,0.0,0.0,1.0166317224502563e-05,0.0,0.0,0.0,0.0,0.0,0.0,0.0,0.0,0.0,-0.0008134143427014351,0.0,-2.9355287551879883e-05,0.0,0.0003420701250433922,0.0,0.0,0.0,0.0,0.0,0.0,0.0,0.0,-6.754137575626373e-05,0.0,0.0,-3.084447234869003e-05,0.00036038830876350403,0.0,0.0,0.0,0.0,0.0,0.002881474792957306,0.0,0.0,0.0,5.526538006961346e-05,-0.0002540759742259979,0.0,0.0,0.0,0.0,-5.672546103596687e-05,0.0,0.0,0.0,0.0,3.71299684047699e-05,0.0,0.0
0.0,0.0012672711163759232,0.00034111179411411285,0.0,0.0,5.8240024372935295e-05,-5.590054206550121e-05,-0.00021294131875038147,-6.932951509952545e-05,0.0,0.0,8.000805974006653e-05,0.0,0.0,7.72811472415924e-06,0.0,0.0,0.0,0.0,0.0,0.0,0.0,0.0,0.0,-0.0009266519919037819,0.0,-4.83877956867218e-05,0.0,0.00036016572266817093,0.0,0.0,0.0,0.0,0.0,0.0,0.0,0.0,-8.863024413585663e-05,0.0,0.0,2.5420449674129486e-06,0.00038011930882930756,0.0,0.0,0.0,0.0,0.0,0.0017676129937171936,0.0,0.0,0.0,3.9777252823114395e-05,-0.000263742171227932,0.0,0.0,0.0,0.0,-8.723931387066841e-05,0.0,0.0,0.0,0.0,2.6516616344451904e-05,0.0,0.0
0.0,0.0012404564768075943,0.0002317037433385849,0.0,0.0,5.193264223635197e-05,-2.0278384909033775e-05,-0.00019632745534181595,-0.0001091882586479187,0.0,0.0,9.534507989883423e-05,0.0,0.0,9.032897651195526e-06,0.0,0.0,0.0,0.0,0.0,0.0,0.0,0.0,0.0,-0.0011064475402235985,0.0,-6.0111284255981445e-05,0.0,0.0003586476668715477,0.0,0.0,0.0,0.0,0.0,0.0,0.0,0.0,-0.00012205727398395538,0.0,0.0,4.711514338850975e-05,0.00041192956268787384,0.0,0.0,0.0,0.0,0.0,0.0010143592953681946,0.0,0.0,0.0,1.1499971151351929e-05,-0.00028431229293346405,0.0,0.0,0.0,0.0,-0.00010800687596201897,0.0,0.0,0.0,0.0,-1.1041760444641113e-05,0.0,0.0
0.0,0.0011965679004788399,7.241033017635345e-05,0.0,0.0,6.234203465282917e-05,3.8618454709649086e-05,-0.00016863644123077393,-0.00016122497618198395,0.0,0.0,0.00012443028390407562,0.0,0.0,2.1413899958133698e-05,0.0,0.0,0.0,0.0,0.0,0.0,0.0,0.0,0.0,-0.00138193741440773,0.0,-5.0965696573257446e-05,0.0,0.0003263559192419052,0.0,0.0,0.0,0.0,0.0,0.0,0.0,0.0,-0.00015214085578918457,0.0,0.0,9.341910481452942e-05,0.00045737437903881073,0.0,0.0,0.0,0.0,0.0,-0.0006193444132804871,0.0,0.0,0.0,-2.5343848392367363e-05,-0.00030697230249643326,0.0,0.0,0.0,0.0,-0.00010092323645949364,0.0,0.0,0.0,0.0,-7.45728611946106e-05,0.0,0.0
0.0,0.0011487780138850212,-0.00015541724860668182,0.0,0.0,8.749146945774555e-05,0.00011432915925979614,-0.00014630239456892014,-0.00021514855325222015,0.0,0.0,0.00016791187226772308,0.0,0.0,5.764048546552658e-05,0.0,0.0,0.0,0.0,0.0,0.0,0.0,0.0,0.0,-0.00178441870957613,0.0,-9.344890713691711e-06,0.0,0.0002814820036292076,0.0,0.0,0.0,0.0,0.0,0.0,0.0,0.0,-0.00014703348278999329,0.0,0.0,0.00012430688366293907,0.0005151648074388504,0.0,0.0,0.0,0.0,0.0,-0.0009085312485694885,0.0,0.0,0.0,-5.8142002671957016e-05,-0.0003055175766348839,0.0,0.0,0.0,0.0,-4.584668204188347e-05,0.0,0.0,0.0,0.0,-0.00013180449604988098,0.0,0.0
0.0,0.001127956435084343,-0.0005000773817300797,0.0,0.0,0.0001002233475446701,0.00018435041420161724,-0.00016568880528211594,-0.0002456270158290863,0.0,0.0,0.00022066570818424225,0.0,0.0,0.00013332907110452652,0.0,0.0,0.0,0.0,0.0,0.0,0.0,0.0,0.0,-0.0023316089063882828,0.0,5.718134343624115e-05,0.0,0.00029721762984991074,0.0,0.0,0.0,0.0,0.0,0.0,0.0,0.0,-7.284805178642273e-05,0.0,0.0,0.0001281234435737133,0.000583454966545105,0.0,0.0,0.0,0.0,0.0,-0.0030031725764274597,0.0,0.0,0.0,-6.983289495110512e-05,-0.00023905467242002487,0.0,0.0,0.0,0.0,6.258627399802208e-05,0.0,0.0,0.0,0.0,-0.00010831281542778015,0.0,0.0
0.0,0.0011727698147296906,-0.0010880976915359497,0.0,0.0,3.825267776846886e-05,0.00021630758419632912,-0.0002655675634741783,-0.00020297616720199585,0.0,0.0,0.0002701263874769211,0.0,0.0,0.00025479216128587723,0.0,0.0,0.0,0.0,0.0,0.0,0.0,0.0,0.0,-0.002988104708492756,0.0,9.856745600700378e-05,0.0,0.00047543179243803024,0.0,0.0,0.0,0.0,0.0,0.0,0.0,0.0,6.526894867420197e-05,0.0,0.0,0.00013487925752997398,0.0006732475012540817,0.0,0.0,0.0,0.0,0.0,-0.0012355968356132507,0.0,0.0,0.0,-5.909032188355923e-05,-8.156569674611092e-05,0.0,0.0,0.0,0.0,0.00018420303240418434,0.0,0.0,0.0,0.0,5.86044043302536e-05,0.0,0.0
0.0,0.0012883199378848076,-0.002161668613553047,0.0,0.0,-0.00017135613597929478,0.00020390748977661133,-0.00042595434933900833,1.1937692761421204e-05,0.0,0.0,0.00029888004064559937,0.0,0.0,0.0004014112055301666,0.0,0.0,0.0,0.0,0.0,0.0,0.0,0.0,0.0,-0.00358428992331028,0.0,2.3810192942619324e-05,0.0,0.0008027190342545509,0.0,0.0,0.0,0.0,0.0,0.0,0.0,0.0,0.00016925670206546783,0.0,0.0,0.0002578170970082283,0.0008360613137483597,0.0,0.0,0.0,0.0,0.0,-0.004277549684047699,0.0,0.0,0.0,-7.790722884237766e-05,0.00012684985995292664,0.0,0.0,0.0,0.0,0.00020799459889531136,0.0,0.0,0.0,0.0,0.0002457350492477417,0.0,0.0
0.0,0.0013782773166894913,-0.003955995664000511,0.0,0.0,-0.0005337335169315338,0.0002122835721820593,-0.0005021998658776283,0.0006254669278860092,0.0,0.0,0.00029395706951618195,0.0,0.0,0.0005506761372089386,0.0,0.0,0.0,0.0,0.0,0.0,0.0,0.0,0.0,-0.0036808662116527557,0.0,-0.00019992701709270477,0.0,0.000948428176343441,0.0,0.0,0.0,0.0,0.0,0.0,0.0,0.0,6.311573088169098e-05,0.0,0.0,0.0006379997357726097,0.001162465661764145,0.0,0.0,0.0,0.0,0.0,0.0014451667666435242,0.0,0.0,0.0,-0.00023682881146669388,0.00030300766229629517,0.0,0.0,0.0,0.0,5.485024303197861e-06,0.0,0.0,0.0,0.0,2.61012464761734e-05,0.0,0.0
0.0,0.001246788538992405,-0.006161404773592949,0.0,0.0,-0.0009602745994925499,0.00024293106980621815,-0.00038020219653844833,0.0021418649703264236,0.0,0.0,0.0002564806491136551,0.0,0.0,0.0008599450811743736,0.0,0.0,0.0,0.0,0.0,0.0,0.0,0.0,0.0,-0.0024020327255129814,0.0,-0.00030710548162460327,0.0,0.00040652602910995483,0.0,0.0,0.0,0.0,0.0,0.0,0.0,0.0,-0.0002677496522665024,0.0,0.0,0.0011229440569877625,0.0015785153955221176,0.0,0.0,0.0,0.0,0.0,-0.0035146400332450867,0.0,0.0,0.0,-0.0005094117950648069,0.0005761245265603065,0.0,0.0,0.0,0.0,-0.00030658068135380745,0.0,0.0,0.0,0.0,-0.0006457436829805374,0.0,0.0
0.0,0.0008818348869681358,-0.007005160674452782,0.0,0.0,-0.001591597218066454,-0.0003821863792836666,-0.0005714958533644676,0.0052308011800050735,0.0,0.0,0.00013465620577335358,0.0,0.0,0.0018395213410258293,0.0,0.0,0.0,0.0,0.0,0.0,0.0,0.0,0.0,0.001629621721804142,0.0,0.00023597106337547302,0.0,-0.00048339786008000374,0.0,0.0,0.0,0.0,0.0,0.0,0.0,0.0,-0.00028586946427822113,0.0,0.0,0.001053675077855587,0.0012307744473218918,0.0,0.0,0.0,0.0,0.0,0.007177196443080902,0.0,0.0,0.0,-0.0002430942840874195,0.001293419860303402,0.0,0.0,0.0,0.0,-3.460561856627464e-05,0.0,0.0,0.0,0.0,2.6982277631759644e-05,0.0,0.0
0.0,0.0005393843166530132,-0.004589984193444252,0.0,0.0,-0.0011144711170345545,-0.0012921218294650316,-0.0004474753513932228,0.008509774692356586,0.0,0.0,5.639903247356415e-05,0.0,0.0,0.0023766132071614265,0.0,0.0,0.0,0.0,0.0,0.0,0.0,0.0,0.0,0.009257516823709011,0.0,-0.0001156385987997055,0.0,-0.001094534993171692,0.0,0.0,0.0,0.0,0.0,0.0,0.0,0.0,-0.00026927143335342407,0.0,0.0,0.001357809640467167,-4.947185516357422e-06,0.0,0.0,0.0,0.0,0.0,0.013195015490055084,0.0,0.0,0.0,0.0003187281545251608,0.001577676273882389,0.0,0.0,0.0,0.0,-6.483634933829308e-05,0.0,0.0,0.0,0.0,0.001552768051624298,0.0,0.0
