LLD_0,LLD_1,LLD_2,LLD_3,LLD_4,LLD_5,LLD_6,LLD_7,LLD_8,LLD_9,LLD_10,LLD_11,LLD_12,LLD_13,LLD_14,LLD_15,LLD_16,LLD_17,LLD_18,LLD_19,LLD_20,LLD_21,LLD_22,LLD_23,LLD_24,LLD_25,LLD_26,LLD_27,LLD_28,LLD_29,LLD_30,LLD_31,LLD_32,LLD_33,LLD_34,LLD_35,LLD_36,LLD_37,LLD_38,LLD_39,LLD_40,LLD_41,LLD_42,LLD_43,LLD_44,LLD_45,LLD_46,LLD_47,LLD_48,LLD_49,LLD_50,LLD_51,LLD_52,LLD_53,LLD_54,LLD_55,LLD_56,LLD_57,LLD_58,LLD_59,LLD_60,LLD_61,LLD_62,LLD_63,LLD_64
0.0,0.0008971039205789566,1.1732453107833862,0.3682008,0.4476987,0.11435995995998383,0.25964266061782837,0.42893004417419434,0.09637602418661118,0.0890846,0.1833072,0.0929015576839447,1.294123,1.038129,0.199660062789917,2.350217,10.20244,0.1364286,0.58,0.03,0.1382341,0.2133891,0.05020921,0.0209205,0.013850750401616096,0.4579832,0.5380381345748901,0.002702084,-1.781716227531433,0.3201023,0.2092058,0.003205545,-0.06307571,2.128217,0.376569,0.4518828,0.9050845,0.9918631911277771,1.252712,0.09046978,0.2905331254005432,0.42234280705451965,0.5047722,2.421045,1.916273,0.381822,1.423918,8.903114318847656,0.1288235,0.45,0.03,0.14046476781368256,0.31450986862182617,0.1548117,0.0334728,0.0125523,0.4705882,0.5515581965446472,0.01406067,-1.405311,0.2420563,0.1889316,0.006515577435493469,-0.114023,0.07064606
0.0,0.001102249138057232,0.006020005792379379,0.0,0.0,0.001031145453453064,0.0006324613932520151,-0.00028656888753175735,0.0011811871081590652,0.0,0.0,0.0004442613571882248,0.0,0.0,-0.00187015812844038,0.0,0.0,0.0,0.0,0.0,0.0,0.0,0.0,0.0,0.000906958244740963,0.0,-0.00011918507516384125,0.0,0.0038714557886123657,0.0,0.0,0.0,0.0,0.0,0.0,0.0,0.0,0.0002564322203397751,0.0,0.0,-0.00023655779659748077,0.00024201534688472748,0.0,0.0,0.0,0.0,0.0,0.09047717601060867,0.0,0.0,0.0,-0.0009469739161431789,-0.001286916434764862,0.0,0.0,0.0,0.0,-6.392272189259529e-05,0.0,0.0,0.0,0.0,-6.728991866111755e-05,0.0,0.0
0.0,0.0011392789892852306,0.00289212167263031,0.0,0.0,0.00040194718167185783,0.00024281349033117294,-0.00031366292387247086,0.0011330079287290573,0.0,0.0,3.522820770740509e-05,0.0,0.0,-0.0012933416292071342,0.0,0.0,0.0,0.0,0.0,0.0,0.0,0.0,0.0,0.0008340450003743172,0.0,-3.6869198083877563e-05,0.0,6.476370617747307e-05,0.0,0.0,0.0,0.0,0.0,0.0,0.0,0.0,-0.0001939050853252411,0.0,0.0,0.00030529405921697617,0.00013883039355278015,0.0,0.0,0.0,0.0,0.0,0.0704493299126625,0.0,0.0,0.0,0.0003551293630152941,-0.0010597012005746365,0.0,0.0,0.0,0.0,-2.1564774215221405e-06,0.0,0.0,0.0,0.0,-0.0004590041935443878,0.0,0.0
0.0,0.001214579213410616,0.0012290235608816147,0.0,0.0,0.0002050038892775774,3.078416921198368e-05,-0.000272565521299839,0.0008264500647783279,0.0,0.0,0.0002461094409227371,0.0,0.0,-0.0007070256397128105,0.0,0.0,0.0,0.0,0.0,0.0,0.0,0.0,0.0,0.0005475012585520744,0.0,3.23224812746048e-05,0.0,-0.00033359136432409286,0.0,0.0,0.0,0.0,0.0,0.0,0.0,0.0,-0.00018535368144512177,0.0,0.0,0.00019309483468532562,0.00024502910673618317,0.0,0.0,0.0,0.0,0.0,0.05340368300676346,0.0,0.0,0.0,4.9064867198467255e-05,-0.0006861835718154907,0.0,0.0,0.0,0.0,0.00010686507448554039,0.0,0.0,0.0,0.0,-0.0004212595522403717,0.0,0.0
0.0,0.0012487559579312801,0.0007897242903709412,0.0,0.0,0.0003693613689392805,6.231269799172878e-05,-0.00017160270363092422,0.0003455616533756256,0.0,0.0,0.00035524554550647736,0.0,0.0,-0.0002884054556488991,0.0,0.0,0.0,0.0,0.0,0.0,0.0,0.0,0.0,0.00015005934983491898,0.0,0.00012779980897903442,0.0,-0.00010395655408501625,0.0,0.0,0.0,0.0,0.0,0.0,0.0,0.0,-0.0001385807991027832,0.0,0.0,8.195638656616211e-08,0.0003067776560783386,0.0,0.0,0.0,0.0,0.0,0.043293096125125885,0.0,0.0,0.0,-3.697676584124565e-05,-0.00027942005544900894,0.0,0.0,0.0,0.0,-6.832601502537727e-05,0.0,0.0,0.0,0.0,-0.0003726482391357422,0.0,0.0
0.0,0.0012449710629880428,0.0006884392350912094,0.0,0.0,0.00020868261344730854,2.048746682703495e-05,-0.00014780089259147644,9.977445006370544e-05,0.0,0.0,0.00014060549437999725,0.0,0.0,-7.896311581134796e-05,0.0,0.0,0.0,0.0,0.0,0.0,0.0,0.0,0.0,-0.0001783212646842003,0.0,0.00013611838221549988,0.0,0.0002148207277059555,0.0,0.0,0.0,0.0,0.0,0.0,0.0,0.0,-0.0001017991453409195,0.0,0.0,8.76840204000473e-06,0.00034018419682979584,0.0,0.0,0.0,0.0,0.0,0.03422275930643082,0.0,0.0,0.0,-2.0883744582533836e-05,-0.0003221207298338413,0.0,0.0,0.0,0.0,-4.4098589569330215e-05,0.0,0.0,0.0,0.0,-9.304098784923553e-05,0.0,0.0
0.0,0.0012300708331167698,0.0006222929805517197,0.0,0.0,0.00018590246327221394,-4.063593223690987e-06,-0.0001519499346613884,3.112666308879852e-05,0.0,0.0,3.356672823429108e-05,0.0,0.0,-1.131836324930191e-05,0.0,0.0,0.0,0.0,0.0,0.0,0.0,0.0,0.0,-0.0003908500075340271,0.0,0.00011225230991840363,0.0,0.0003488585352897644,0.0,0.0,0.0,0.0,0.0,0.0,0.0,0.0,-8.416734635829926e-05,0.0,0.0,-4.612281918525696e-05,0.0003128405660390854,0.0,0.0,0.0,0.0,0.0,0.027333982288837433,0.0,0.0,0.0,-5.361530929803848e-05,-0.00027190567925572395,0.0,0.0,0.0,0.0,-2.0139850676059723e-06,0.0,0.0,0.0,0.0,-6.536580622196198e-05,0.0,0.0
0.0,0.0012197052128612995,0.0005803871899843216,0.0,0.0,0.00018936395645141602,-1.0785413905978203e-05,-0.00016402173787355423,1.5692785382270813e-05,0.0,0.0,2.8682872653007507e-05,0.0,0.0,-3.010965883731842e-06,0.0,0.0,0.0,0.0,0.0,0.0,0.0,0.0,0.0,-0.0005107047036290169,0.0,7.917545735836029e-05,0.0,0.00038234423846006393,0.0,0.0,0.0,0.0,0.0,0.0,0.0,0.0,-7.58245587348938e-05,0.0,0.0,-6.540212780237198e-05,0.0003324337303638458,0.0,0.0,0.0,0.0,0.0,0.022518910467624664,0.0,0.0,0.0,-5.0470465794205666e-05,-0.0002541542053222656,0.0,0.0,0.0,0.0,2.009095624089241e-05,0.0,0.0,0.0,0.0,-5.8108940720558167e-05,0.0,0.0
0.0,0.0012170551344752312,0.0005631875246763229,0.0,0.0,0.0001813904382288456,-1.3690441846847534e-05,-0.00017464067786931992,8.629634976387024e-06,0.0,0.0,5.751475691795349e-05,0.0,0.0,-6.429851055145264e-06,0.0,0.0,0.0,0.0,0.0,0.0,0.0,0.0,0.0,-0.000573224388062954,0.0,5.034357309341431e-05,0.0,0.0004017120227217674,0.0,0.0,0.0,0.0,0.0,0.0,0.0,0.0,-7.094629108905792e-05,0.0,0.0,-5.968660116195679e-05,0.0003586281090974808,0.0,0.0,0.0,0.0,0.0,0.01953328400850296,0.0,0.0,0.0,-3.0433526262640953e-05,-0.00026810262352228165,0.0,0.0,0.0,0.0,3.0106399208307266e-05,0.0,0.0,0.0,0.0,-5.5458396673202515e-05,0.0,0.0
0.0,0.0012196660973131657,0.0005565304309129715,0.0,0.0,0.00017052842304110527,-1.7367303371429443e-05,-0.00018060673028230667,3.0044466257095337e-06,0.0,0.0,8.606724441051483e-05,0.0,0.0,-5.747191607952118e-06,0.0,0.0,0.0,0.0,0.0,0.0,0.0,0.0,0.0,-0.0006049433723092079,0.0,3.125704824924469e-05,0.0,0.00041918177157640457,0.0,0.0,0.0,0.0,0.0,0.0,0.0,0.0,-6.902031600475311e-05,0.0,0.0,-5.2786897867918015e-05,0.0003691762685775757,0.0,0.0,0.0,0.0,0.0,0.01790434867143631,0.0,0.0,0.0,-1.3096490874886513e-05,-0.00027840258553624153,0.0,0.0,0.0,0.0,3.345636650919914e-05,0.0,0.0,0.0,0.0,-5.234032869338989e-05,0.0,0.0
0.0,0.0012242896482348442,0.0005516503006219864,0.0,0.0,0.0001612377818673849,-2.1561281755566597e-05,-0.0001826547086238861,-1.560896635055542e-06,0.0,0.0,0.00010460801422595978,0.0,0.0,-3.2223761081695557e-07,0.0,0.0,0.0,0.0,0.0,0.0,0.0,0.0,0.0,-0.0006215376779437065,0.0,2.0932406187057495e-05,0.0,0.00042505376040935516,0.0,0.0,0.0,0.0,0.0,0.0,0.0,0.0,-7.030181586742401e-05,0.0,0.0,-4.983227699995041e-05,0.00036806240677833557,0.0,0.0,0.0,0.0,0.0,0.017110474407672882,0.0,0.0,0.0,-2.3473985493183136e-06,-0.00028246454894542694,0.0,0.0,0.0,0.0,3.435043618083e-05,0.0,0.0,0.0,0.0,-4.9833208322525024e-05,0.0,0.0
0.0,0.0012287367135286331,0.000546606257557869,0.0,0.0,0.00015402003191411495,-2.5300774723291397e-05,-0.00018257368355989456,-5.515292286872864e-06,0.0,0.0,0.00011361949145793915,0.0,0.0,6.639398634433746e-06,0.0,0.0,0.0,0.0,0.0,0.0,0.0,0.0,0.0,-0.0006310343742370605,0.0,1.631304621696472e-05,0.0,0.00041576288640499115,0.0,0.0,0.0,0.0,0.0,0.0,0.0,0.0,-7.406063377857208e-05,0.0,0.0,-4.9347057938575745e-05,0.0003632213920354843,0.0,0.0,0.0,0.0,0.0,0.016737408936023712,0.0,0.0,0.0,3.5213306546211243e-06,-0.00028444500640034676,0.0,0.0,0.0,0.0,3.4996774047613144e-05,0.0,0.0,0.0,0.0,-4.7616660594940186e-05,0.0,0.0
0.0,0.0012320410460233688,0.0005417577922344208,0.0,0.0,0.00014862208627164364,-2.810126170516014e-05,-0.00018173735588788986,-9.002164006233215e-06,0.0,0.0,0.00011633150279521942,0.0,0.0,1.2733973562717438e-05,0.0,0.0,0.0,0.0,0.0,0.0,0.0,0.0,0.0,-0.0006371736526489258,0.0,1.4590099453926086e-05,0.0,0.00039529893547296524,0.0,0.0,0.0,0.0,0.0,0.0,0.0,0.0,-7.888674736022949e-05,0.0,0.0,-4.961993545293808e-05,0.0003586169332265854,0.0,0.0,0.0,0.0,0.0,0.016521014273166656,0.0,0.0,0.0,6.636139005422592e-06,-0.00028579868376255035,0.0,0.0,0.0,0.0,3.6010053008794785e-05,0.0,0.0,0.0,0.0,-4.585087299346924e-05,0.0,0.0
0.0,0.0012340573593974113,0.0005375538021326065,0.0,0.0,0.00014474662020802498,-2.995971590280533e-05,-0.00018085073679685593,-1.1874362826347351e-05,0.0,0.0,0.00011572986841201782,0.0,0.0,1.7034821212291718e-05,0.0,0.0,0.0,0.0,0.0,0.0,0.0,0.0,0.0,-0.000641566701233387,0.0,1.3966113328933716e-05,0.0,0.00037006381899118423,0.0,0.0,0.0,0.0,0.0,0.0,0.0,0.0,-8.339248597621918e-05,0.0,0.0,-4.997849464416504e-05,0.00035518966615200043,0.0,0.0,0.0,0.0,0.0,0.016328610479831696,0.0,0.0,0.0,8.277595043182373e-06,-0.00028676167130470276,0.0,0.0,0.0,0.0,3.730924800038338e-05,0.0,0.0,0.0,0.0,-4.4576823711395264e-05,0.0,0.0
0.0,0.0012350166216492653,0.0005341898649930954,0.0,0.0,0.00014207512140274048,-3.1055184081196785e-05,-0.000180157832801342,-1.4035031199455261e-05,0.0,0.0,0.00011381693184375763,0.0,0.0,1.9604340195655823e-05,0.0,0.0,0.0,0.0,0.0,0.0,0.0,0.0,0.0,-0.0006448933854699135,0.0,1.3535842299461365e-05,0.0,0.00034535396844148636,0.0,0.0,0.0,0.0,0.0,0.0,0.0,0.0,-8.668936789035797e-05,0.0,0.0,-5.031377077102661e-05,0.0003528539091348648,0.0,0.0,0.0,0.0,0.0,0.01611361652612686,0.0,0.0,0.0,9.11555252969265e-06,-0.0002874331548810005,0.0,0.0,0.0,0.0,3.86345200240612e-05,0.0,0.0,0.0,0.0,-4.374608397483826e-05,0.0,0.0
0.0,0.0012352685444056988,0.0005316603928804398,0.0,0.0,0.00014031631872057915,-3.163726069033146e-05,-0.00017969030886888504,-1.5538185834884644e-05,0.0,0.0,0.00011166930198669434,0.0,0.0,2.0897947251796722e-05,0.0,0.0,0.0,0.0,0.0,0.0,0.0,0.0,0.0,-0.0006474414840340614,0.0,1.2971460819244385e-05,0.0,0.0003242790699005127,0.0,0.0,0.0,0.0,0.0,0.0,0.0,0.0,-8.851103484630585e-05,0.0,0.0,-5.059270188212395e-05,0.00035136379301548004,0.0,0.0,0.0,0.0,0.0,0.01587388664484024,0.0,0.0,0.0,9.527197107672691e-06,-0.0002879025414586067,0.0,0.0,0.0,0.0,3.980053588747978e-05,0.0,0.0,0.0,0.0,-4.32431697845459e-05,0.0,0.0
0.0,0.0012351158075034618,0.0005298610776662827,0.0,0.0,0.0001391940750181675,-3.1902454793453217e-05,-0.00017938949167728424,-1.6512349247932434e-05,0.0,0.0,0.00010977499186992645,0.0,0.0,2.141576260328293e-05,0.0,0.0,0.0,0.0,0.0,0.0,0.0,0.0,0.0,-0.0006493832916021347,0.0,1.2245029211044312e-05,0.0,0.0003079613670706749,0.0,0.0,0.0,0.0,0.0,0.0,0.0,0.0,-8.902885019779205e-05,0.0,0.0,-5.0815287977457047e-05,0.00035045482218265533,0.0,0.0,0.0,0.0,0.0,0.01562432199716568,0.0,0.0,0.0,9.70880500972271e-06,-0.0002882443368434906,0.0,0.0,0.0,0.0,4.071975126862526e-05,0.0,0.0,0.0,0.0,-4.297308623790741e-05,0.0,0.0
0.0,0.0012347828596830368,0.0005286522209644318,0.0,0.0,0.00013849977403879166,-3.2004667446017265e-05,-0.00017921067774295807,-1.710653305053711e-05,0.0,0.0,0.00010828115046024323,0.0,0.0,2.1523796021938324e-05,0.0,0.0,0.0,0.0,0.0,0.0,0.0,0.0,0.0,-0.0006508370861411095,0.0,1.1449679732322693e-05,0.0,0.0002962332218885422,0.0,0.0,0.0,0.0,0.0,0.0,0.0,0.0,-8.863396942615509e-05,0.0,0.0,-5.0976406782865524e-05,0.00034993700683116913,0.0,0.0,0.0,0.0,0.0,0.015378721058368683,0.0,0.0,0.0,9.786803275346756e-06,-0.00028848927468061447,0.0,0.0,0.0,0.0,4.1385646909475327e-05,0.0,0.0,0.0,0.0,-4.283338785171509e-05,0.0,0.0
0.0,0.001234397292137146,0.0005278699100017548,0.0,0.0,0.00013808649964630604,-3.201537765562534e-05,-0.0001790979877114296,-1.7451122403144836e-05,0.0,0.0,0.0001071784645318985,0.0,0.0,2.1441839635372162e-05,0.0,0.0,0.0,0.0,0.0,0.0,0.0,0.0,0.0,-0.0006519025191664696,0.0,1.0654330253601074e-05,0.0,0.0002883337438106537,0.0,0.0,0.0,0.0,0.0,0.0,0.0,0.0,-8.774735033512115e-05,0.0,0.0,-5.108397454023361e-05,0.0003496408462524414,0.0,0.0,0.0,0.0,0.0,0.01514820009469986,0.0,0.0,0.0,9.819399565458298e-06,-0.0002886638976633549,0.0,0.0,0.0,0.0,4.18354757130146e-05,0.0,0.0,0.0,0.0,-4.277564585208893e-05,0.0,0.0
0.0,0.0012340424582362175,0.0005273874849081039,0.0,0.0,0.00013784458860754967,-3.198394551873207e-05,-0.0001790327951312065,-1.763366162776947e-05,0.0,0.0,0.00010640360414981842,0.0,0.0,2.130400389432907e-05,0.0,0.0,0.0,0.0,0.0,0.0,0.0,0.0,0.0,-0.0006526699289679527,0.0,9.94466245174408e-06,0.0,0.00028330273926258087,0.0,0.0,0.0,0.0,0.0,0.0,0.0,0.0,-8.671171963214874e-05,0.0,0.0,-5.1155686378479004e-05,0.0003494825214147568,0.0,0.0,0.0,0.0,0.0,0.01493651419878006,0.0,0.0,0.0,9.831273928284645e-06,-0.0002887751907110214,0.0,0.0,0.0,0.0,4.2125117033720016e-05,0.0,0.0,0.0,0.0,-4.275329411029816e-05,0.0,0.0
0.0,0.0012337439693510532,0.0005271006375551224,0.0,0.0,0.00013770675286650658,-3.19464597851038e-05,-0.00017898902297019958,-1.7723068594932556e-05,0.0,0.0,0.00010587833821773529,0.0,0.0,2.1179206669330597e-05,0.0,0.0,0.0,0.0,0.0,0.0,0.0,0.0,0.0,-0.0006532147526741028,0.0,9.346753358840942e-06,0.0,0.0002802610397338867,0.0,0.0,0.0,0.0,0.0,0.0,0.0,0.0,-8.572638034820557e-05,0.0,0.0,-5.120132118463516e-05,0.0003494005650281906,0.0,0.0,0.0,0.0,0.0,0.014744766056537628,0.0,0.0,0.0,9.836163371801376e-06,-0.00028885435312986374,0.0,0.0,0.0,0.0,4.230206832289696e-05,0.0,0.0,0.0,0.0,-4.275515675544739e-05,0.0,0.0
0.0,0.001233512070029974,0.0005269460380077362,0.0,0.0,0.00013762712478637695,-3.191153518855572e-05,-0.00017896201461553574,-1.7764046788215637e-05,0.0,0.0,0.00010552443563938141,0.0,0.0,2.107955515384674e-05,0.0,0.0,0.0,0.0,0.0,0.0,0.0,0.0,0.0,-0.0006535863503813744,0.0,8.868053555488586e-06,0.0,0.00027850642800331116,0.0,0.0,0.0,0.0,0.0,0.0,0.0,0.0,-8.490122854709625e-05,0.0,0.0,-5.122600123286247e-05,0.0003493502736091614,0.0,0.0,0.0,0.0,0.0,0.01457146555185318,0.0,0.0,0.0,9.841052815318108e-06,-0.0002889074385166168,0.0,0.0,0.0,0.0,4.24007885158062e-05,0.0,0.0,0.0,0.0,-4.276260733604431e-05,0.0,0.0
0.0,0.0012333439663052559,0.00052686408162117,0.0,0.0,0.00013758661225438118,-3.188685514032841e-05,-0.00017893966287374496,-1.777149736881256e-05,0.0,0.0,0.00010528787970542908,0.0,0.0,2.100132405757904e-05,0.0,0.0,0.0,0.0,0.0,0.0,0.0,0.0,0.0,-0.0006538489833474159,0.0,8.501112461090088e-06,0.0,0.00027754995971918106,0.0,0.0,0.0,0.0,0.0,0.0,0.0,0.0,-8.427910506725311e-05,0.0,0.0,-5.124695599079132e-05,0.00034932419657707214,0.0,0.0,0.0,0.0,0.0,0.014413721859455109,0.0,0.0,0.0,9.84896905720234e-06,-0.0002889377065002918,0.0,0.0,0.0,0.0,4.2452942579984665e-05,0.0,0.0,0.0,0.0,-4.275701940059662e-05,0.0,0.0
0.0,0.001233221497386694,0.000526823103427887,0.0,0.0,0.0001375672873109579,-3.185938112437725e-05,-0.00017893314361572266,-1.777149736881256e-05,0.0,0.0,0.00010514073073863983,0.0,0.0,2.0948238670825958e-05,0.0,0.0,0.0,0.0,0.0,0.0,0.0,0.0,0.0,-0.0006540222093462944,0.0,8.219853043556213e-06,0.0,0.0002770517021417618,0.0,0.0,0.0,0.0,0.0,0.0,0.0,0.0,-8.382648229598999e-05,0.0,0.0,-5.1258131861686707e-05,0.00034930743277072906,0.0,0.0,0.0,0.0,0.0,0.014269955456256866,0.0,0.0,0.0,9.850598871707916e-06,-0.00028895866125822067,0.0,0.0,0.0,0.0,4.248553887009621e-05,0.0,0.0,0.0,0.0,-4.2768195271492004e-05,0.0,0.0
0.0,0.0012331390753388405,0.0005268082022666931,0.0,0.0,0.00013755285181105137,-3.1839823350310326e-05,-0.00017892103642225266,-1.77677720785141e-05,0.0,0.0,0.00010504014790058136,0.0,0.0,2.0922161638736725e-05,0.0,0.0,0.0,0.0,0.0,0.0,0.0,0.0,0.0,-0.0006541358307003975,0.0,8.01868736743927e-06,0.0,0.00027681048959493637,0.0,0.0,0.0,0.0,0.0,0.0,0.0,0.0,-8.353404700756073e-05,0.0,0.0,-5.126185715198517e-05,0.00034929998219013214,0.0,0.0,0.0,0.0,0.0,0.014137007296085358,0.0,0.0,0.0,9.855953976511955e-06,-0.00028896983712911606,0.0,0.0,0.0,0.0,4.249671474099159e-05,0.0,0.0,0.0,0.0,-4.2766332626342773e-05,0.0,0.0
0.0,0.001233082264661789,0.0005268063396215439,0.0,0.0,0.00013754656538367271,-3.183656372129917e-05,-0.0001789173111319542,-1.7756596207618713e-05,0.0,0.0,0.00010497681796550751,0.0,0.0,2.0899809896945953e-05,0.0,0.0,0.0,0.0,0.0,0.0,0.0,0.0,0.0,-0.0006542149931192398,0.0,7.875263690948486e-06,0.0,0.000276690348982811,0.0,0.0,0.0,0.0,0.0,0.0,0.0,0.0,-8.334405720233917e-05,0.0,0.0,-5.126185715198517e-05,0.0003492925316095352,0.0,0.0,0.0,0.0,0.0,0.014013417065143585,0.0,0.0,0.0,9.856186807155609e-06,-0.0002889782190322876,0.0,0.0,0.0,0.0,4.249857738614082e-05,0.0,0.0,0.0,0.0,-4.2768195271492004e-05,0.0,0.0
0.0,0.0012330440804362297,0.0005268063396215439,0.0,0.0,0.00013754656538367271,-3.182911314070225e-05,-0.00017890986055135727,-1.775287091732025e-05,0.0,0.0,0.0001049339771270752,0.0,0.0,2.089422196149826e-05,0.0,0.0,0.0,0.0,0.0,0.0,0.0,0.0,0.0,-0.0006542662158608437,0.0,7.774680852890015e-06,0.0,0.0002766363322734833,0.0,0.0,0.0,0.0,0.0,0.0,0.0,0.0,-8.323229849338531e-05,0.0,0.0,-5.1262788474559784e-05,0.000349290668964386,0.0,0.0,0.0,0.0,0.0,0.013897456228733063,0.0,0.0,0.0,9.860144928097725e-06,-0.0002889856696128845,0.0,0.0,0.0,0.0,4.249671474099159e-05,0.0,0.0,0.0,0.0,-4.2766332626342773e-05,0.0,0.0
0.0,0.0012330194003880024,0.0005268044769763947,0.0,0.0,0.00013754749670624733,-3.182282671332359e-05,-0.0001789061352610588,-1.775100827217102e-05,0.0,0.0,0.00010490976274013519,0.0,0.0,2.0888634026050568e-05,0.0,0.0,0.0,0.0,0.0,0.0,0.0,0.0,0.0,-0.0006542950868606567,0.0,7.700175046920776e-06,0.0,0.0002766130492091179,0.0,0.0,0.0,0.0,0.0,0.0,0.0,0.0,-8.316710591316223e-05,0.0,0.0,-5.126558244228363e-05,0.0003492869436740875,0.0,0.0,0.0,0.0,0.0,0.013787873089313507,0.0,0.0,0.0,9.861309081315994e-06,-0.00028898753225803375,0.0,0.0,0.0,0.0,4.2500440031290054e-05,0.0,0.0,0.0,0.0,-4.276446998119354e-05,0.0,0.0
0.0,0.0012330040335655212,0.0005268100649118423,0.0,0.0,0.00013754377141594887,-3.1821196898818016e-05,-0.00017890240997076035,-1.774728298187256e-05,0.0,0.0,0.00010489299893379211,0.0,0.0,2.0884908735752106e-05,0.0,0.0,0.0,0.0,0.0,0.0,0.0,0.0,0.0,-0.0006543165072798729,0.0,7.655471563339233e-06,0.0,0.0002766018733382225,0.0,0.0,0.0,0.0,0.0,0.0,0.0,0.0,-8.313171565532684e-05,0.0,0.0,-5.126930773258209e-05,0.00034928880631923676,0.0,0.0,0.0,0.0,0.0,0.01368308812379837,0.0,0.0,0.0,9.86643135547638e-06,-0.000288989394903183,0.0,0.0,0.0,0.0,4.249764606356621e-05,0.0,0.0,0.0,0.0,-4.2766332626342773e-05,0.0,0.0
0.0,0.001232994720339775,0.0005268137902021408,0.0,0.0,0.00013754284009337425,-3.181910142302513e-05,-0.00017890054732561111,-1.7745420336723328e-05,0.0,0.0,0.00010488368570804596,0.0,0.0,2.0883046090602875e-05,0.0,0.0,0.0,0.0,0.0,0.0,0.0,0.0,0.0,-0.0006543314084410667,0.0,7.616356015205383e-06,0.0,0.0002765888348221779,0.0,0.0,0.0,0.0,0.0,0.0,0.0,0.0,-8.312053978443146e-05,0.0,0.0,-5.12637197971344e-05,0.0003492850810289383,0.0,0.0,0.0,0.0,0.0,0.013582773506641388,0.0,0.0,0.0,9.867828339338303e-06,-0.0002889903262257576,0.0,0.0,0.0,0.0,4.24911268055439e-05,0.0,0.0,0.0,0.0,-4.2770057916641235e-05,0.0,0.0
0.0,0.0012329905293881893,0.00052681565284729,0.0,0.0,0.00013753934763371944,-3.181491047143936e-05,-0.00017889775335788727,-1.7745420336723328e-05,0.0,0.0,0.00010487250983715057,0.0,0.0,2.0884908735752106e-05,0.0,0.0,0.0,0.0,0.0,0.0,0.0,0.0,0.0,-0.0006543407216668129,0.0,7.599592208862305e-06,0.0,0.0002765841782093048,0.0,0.0,0.0,0.0,0.0,0.0,0.0,0.0,-8.311308920383453e-05,0.0,0.0,-5.1262788474559784e-05,0.0003492925316095352,0.0,0.0,0.0,0.0,0.0,0.013485439121723175,0.0,0.0,0.0,9.869690984487534e-06,-0.0002889898605644703,0.0,0.0,0.0,0.0,4.24911268055439e-05,0.0,0.0,0.0,0.0,-4.2766332626342773e-05,0.0,0.0
0.0,0.0012329895980656147,0.0005268137902021408,0.0,0.0,0.0001375426072627306,-3.181677311658859e-05,-0.00017889682203531265,-1.7743557691574097e-05,0.0,0.0,0.00010487064719200134,0.0,0.0,2.0884908735752106e-05,0.0,0.0,0.0,0.0,0.0,0.0,0.0,0.0,0.0,-0.000654345378279686,0.0,7.579103112220764e-06,0.0,0.00027658045291900635,0.0,0.0,0.0,0.0,0.0,0.0,0.0,0.0,-8.310377597808838e-05,0.0,0.0,-5.126558244228363e-05,0.0003492850810289383,0.0,0.0,0.0,0.0,0.0,0.013390697538852692,0.0,0.0,0.0,9.867828339338303e-06,-0.0002889898605644703,0.0,0.0,0.0,0.0,4.2492058128118515e-05,0.0,0.0,0.0,0.0,-4.276260733604431e-05,0.0,0.0
0.0,0.0012329882010817528,0.0005268137902021408,0.0,0.0,0.00013754144310951233,-3.181234933435917e-05,-0.00017889682203531265,-1.7745420336723328e-05,0.0,0.0,0.00010487250983715057,0.0,0.0,2.0886771380901337e-05,0.0,0.0,0.0,0.0,0.0,0.0,0.0,0.0,0.0,-0.0006543491035699844,0.0,7.567927241325378e-06,0.0,0.00027657486498355865,0.0,0.0,0.0,0.0,0.0,0.0,0.0,0.0,-8.310005068778992e-05,0.0,0.0,-5.1262322813272476e-05,0.00034928135573863983,0.0,0.0,0.0,0.0,0.0,0.013297684490680695,0.0,0.0,0.0,9.868759661912918e-06,-0.000288989394903183,0.0,0.0,0.0,0.0,4.248553887009621e-05,0.0,0.0,0.0,0.0,-4.276260733604431e-05,0.0,0.0
0.0,0.0012329877354204655,0.00052681565284729,0.0,0.0,0.00013754586689174175,-3.18172387778759e-05,-0.00017889682203531265,-1.7745420336723328e-05,0.0,0.0,0.00010486878454685211,0.0,0.0,2.0884908735752106e-05,0.0,0.0,0.0,0.0,0.0,0.0,0.0,0.0,0.0,-0.0006543509662151337,0.0,7.5623393058776855e-06,0.0,0.00027656927704811096,0.0,0.0,0.0,0.0,0.0,0.0,0.0,0.0,-8.309818804264069e-05,0.0,0.0,-5.1264651119709015e-05,0.0003492850810289383,0.0,0.0,0.0,0.0,0.0,0.013205833733081818,0.0,0.0,0.0,9.86829400062561e-06,-0.00028899265453219414,0.0,0.0,0.0,0.0,4.248553887009621e-05,0.0,0.0,0.0,0.0,-4.275515675544739e-05,0.0,0.0
0.0,0.001232984010130167,0.0005268175154924393,0.0,0.0,0.00013754400424659252,-3.1814444810152054e-05,-0.00017889868468046188,-1.7745420336723328e-05,0.0,0.0,0.00010486878454685211,0.0,0.0,2.0888634026050568e-05,0.0,0.0,0.0,0.0,0.0,0.0,0.0,0.0,0.0,-0.0006543518975377083,0.0,7.556751370429993e-06,0.0,0.00027656741440296173,0.0,0.0,0.0,0.0,0.0,0.0,0.0,0.0,-8.310191333293915e-05,0.0,0.0,-5.126604810357094e-05,0.0003492850810289383,0.0,0.0,0.0,0.0,0.0,0.01311475783586502,0.0,0.0,0.0,9.86945815384388e-06,-0.0002889903262257576,0.0,0.0,0.0,0.0,4.248740151524544e-05,0.0,0.0,0.0,0.0,-4.275701940059662e-05,0.0,0.0
0.0,0.0012329868040978909,0.0005268175154924393,0.0,0.0,0.00013754446990787983,-3.1813979148864746e-05,-0.00017889775335788727,-1.7745420336723328e-05,0.0,0.0,0.00010486878454685211,0.0,0.0,2.0887702703475952e-05,0.0,0.0,0.0,0.0,0.0,0.0,0.0,0.0,0.0,-0.0006543518975377083,0.0,7.554888725280762e-06,0.0,0.0002765646204352379,0.0,0.0,0.0,0.0,0.0,0.0,0.0,0.0,-8.310563862323761e-05,0.0,0.0,-5.1264651119709015e-05,0.00034928321838378906,0.0,0.0,0.0,0.0,0.0,0.013024605810642242,0.0,0.0,0.0,9.868992492556572e-06,-0.0002889898605644703,0.0,0.0,0.0,0.0,4.2490195482969284e-05,0.0,0.0,0.0,0.0,-4.275329411029816e-05,0.0,0.0
0.0,0.0012329868040978909,0.0005268175154924393,0.0,0.0,0.00013754237443208694,-3.1813280656933784e-05,-0.00017889682203531265,-1.7745420336723328e-05,0.0,0.0,0.00010486505925655365,0.0,0.0,2.0887702703475952e-05,0.0,0.0,0.0,0.0,0.0,0.0,0.0,0.0,0.0,-0.0006543537601828575,0.0,7.5511634349823e-06,0.0,0.00027656275779008865,0.0,0.0,0.0,0.0,0.0,0.0,0.0,0.0,-8.310377597808838e-05,0.0,0.0,-5.126604810357094e-05,0.00034928321838378906,0.0,0.0,0.0,0.0,0.0,0.012933678925037384,0.0,0.0,0.0,9.866664186120033e-06,-0.0002889912575483322,0.0,0.0,0.0,0.0,4.2490195482969284e-05,0.0,0.0,0.0,0.0,-4.275701940059662e-05,0.0,0.0
0.0,0.0012329872697591782,0.0005268175154924393,0.0,0.0,0.00013754540123045444,-3.181258216500282e-05,-0.00017889682203531265,-1.7745420336723328e-05,0.0,0.0,0.00010486878454685211,0.0,0.0,2.0888634026050568e-05,0.0,0.0,0.0,0.0,0.0,0.0,0.0,0.0,0.0,-0.0006543537601828575,0.0,7.5511634349823e-06,0.0,0.0002765646204352379,0.0,0.0,0.0,0.0,0.0,0.0,0.0,0.0,-8.310191333293915e-05,0.0,0.0,-5.12637197971344e-05,0.0003492850810289383,0.0,0.0,0.0,0.0,0.0,0.012842901051044464,0.0,0.0,0.0,9.867595508694649e-06,-0.0002889912575483322,0.0,0.0,0.0,0.0,4.248740151524544e-05,0.0,0.0,0.0,0.0,-4.275515675544739e-05,0.0,0.0
0.0,0.0012329877354204655,0.0005268175154924393,0.0,0.0,0.00013754353858530521,-3.1818635761737823e-05,-0.00017889682203531265,-1.7745420336723328e-05,0.0,0.0,0.00010486505925655365,0.0,0.0,2.0889565348625183e-05,0.0,0.0,0.0,0.0,0.0,0.0,0.0,0.0,0.0,-0.0006543537601828575,0.0,7.5511634349823e-06,0.0,0.0002765590324997902,0.0,0.0,0.0,0.0,0.0,0.0,0.0,0.0,-8.310191333293915e-05,0.0,0.0,-5.12637197971344e-05,0.00034928135573863983,0.0,0.0,0.0,0.0,0.0,0.01275152713060379,0.0,0.0,0.0,9.866897016763687e-06,-0.0002889912575483322,0.0,0.0,0.0,0.0,4.248647019267082e-05,0.0,0.0,0.0,0.0,-4.275701940059662e-05,0.0,0.0
0.0,0.0012329863384366035,0.0005268175154924393,0.0,0.0,0.00013754400424659252,-3.1816307455301285e-05,-0.00017889682203531265,-1.7745420336723328e-05,0.0,0.0,0.00010486505925655365,0.0,0.0,2.0884908735752106e-05,0.0,0.0,0.0,0.0,0.0,0.0,0.0,0.0,0.0,-0.0006543518975377083,0.0,7.5511634349823e-06,0.0,0.0002765608951449394,0.0,0.0,0.0,0.0,0.0,0.0,0.0,0.0,-8.310377597808838e-05,0.0,0.0,-5.1264651119709015e-05,0.0003492850810289383,0.0,0.0,0.0,0.0,0.0,0.012658990919589996,0.0,0.0,0.0,9.867362678050995e-06,-0.00028899265453219414,0.0,0.0,0.0,0.0,4.248553887009621e-05,0.0,0.0,0.0,0.0,-4.275888204574585e-05,0.0,0.0
0.0,0.0012329868040978909,0.0005268212407827377,0.0,0.0,0.00013754470273852348,-3.181560896337032e-05,-0.00017889682203531265,-1.774728298187256e-05,0.0,0.0,0.00010486692190170288,0.0,0.0,2.0888634026050568e-05,0.0,0.0,0.0,0.0,0.0,0.0,0.0,0.0,0.0,-0.0006543518975377083,0.0,7.5511634349823e-06,0.0,0.00027656275779008865,0.0,0.0,0.0,0.0,0.0,0.0,0.0,0.0,-8.310563862323761e-05,0.0,0.0,-5.126511678099632e-05,0.0003492850810289383,0.0,0.0,0.0,0.0,0.0,0.012565501034259796,0.0,0.0,0.0,9.866198524832726e-06,-0.0002889912575483322,0.0,0.0,0.0,0.0,4.248553887009621e-05,0.0,0.0,0.0,0.0,-4.275888204574585e-05,0.0,0.0
0.0,0.0012329858727753162,0.0005268175154924393,0.0,0.0,0.0001375430729240179,-3.181374631822109e-05,-0.00017889682203531265,-1.7745420336723328e-05,0.0,0.0,0.00010486505925655365,0.0,0.0,2.0884908735752106e-05,0.0,0.0,0.0,0.0,0.0,0.0,0.0,0.0,0.0,-0.0006543546915054321,0.0,7.545575499534607e-06,0.0,0.00027656275779008865,0.0,0.0,0.0,0.0,0.0,0.0,0.0,0.0,-8.310377597808838e-05,0.0,0.0,-5.1264651119709015e-05,0.0003492850810289383,0.0,0.0,0.0,0.0,0.0,0.01247067004442215,0.0,0.0,0.0,9.868759661912918e-06,-0.000288989394903183,0.0,0.0,0.0,0.0,4.248553887009621e-05,0.0,0.0,0.0,0.0,-4.275888204574585e-05,0.0,0.0
0.0,0.0012329872697591782,0.0005268193781375885,0.0,0.0,0.00013754330575466156,-3.18142119795084e-05,-0.00017889868468046188,-1.774728298187256e-05,0.0,0.0,0.00010486505925655365,0.0,0.0,2.0888634026050568e-05,0.0,0.0,0.0,0.0,0.0,0.0,0.0,0.0,0.0,-0.0006543537601828575,0.0,7.547438144683838e-06,0.0,0.00027656368911266327,0.0,0.0,0.0,0.0,0.0,0.0,0.0,0.0,-8.310750126838684e-05,0.0,0.0,-5.126558244228363e-05,0.00034928321838378906,0.0,0.0,0.0,0.0,0.0,0.012373961508274078,0.0,0.0,0.0,9.870156645774841e-06,-0.000288989394903183,0.0,0.0,0.0,0.0,4.248647019267082e-05,0.0,0.0,0.0,0.0,-4.275888204574585e-05,0.0,0.0
0.0,0.0012329863384366035,0.0005268175154924393,0.0,0.0,0.0001375430729240179,-3.181258216500282e-05,-0.00017889775335788727,-1.774728298187256e-05,0.0,0.0,0.00010486878454685211,0.0,0.0,2.0886771380901337e-05,0.0,0.0,0.0,0.0,0.0,0.0,0.0,0.0,0.0,-0.0006543537601828575,0.0,7.547438144683838e-06,0.0,0.0002765608951449394,0.0,0.0,0.0,0.0,0.0,0.0,0.0,0.0,-8.310563862323761e-05,0.0,0.0,-5.1264651119709015e-05,0.0003492850810289383,0.0,0.0,0.0,0.0,0.0,0.01227540522813797,0.0,0.0,0.0,9.868759661912918e-06,-0.000288989394903183,0.0,0.0,0.0,0.0,4.248553887009621e-05,0.0,0.0,0.0,0.0,-4.275888204574585e-05,0.0,0.0
0.0,0.0012329877354204655,0.0005268175154924393,0.0,0.0,0.00013754400424659252,-3.181560896337032e-05,-0.00017889682203531265,-1.7745420336723328e-05,0.0,0.0,0.00010486692190170288,0.0,0.0,2.0887702703475952e-05,0.0,0.0,0.0,0.0,0.0,0.0,0.0,0.0,0.0,-0.0006543528288602829,0.0,7.547438144683838e-06,0.0,0.00027656275779008865,0.0,0.0,0.0,0.0,0.0,0.0,0.0,0.0,-8.310563862323761e-05,0.0,0.0,-5.126418545842171e-05,0.00034928321838378906,0.0,0.0,0.0,0.0,0.0,0.012175001204013824,0.0,0.0,0.0,9.867362678050995e-06,-0.0002889907918870449,0.0,0.0,0.0,0.0,4.248740151524544e-05,0.0,0.0,0.0,0.0,-4.275515675544739e-05,0.0,0.0
0.0,0.0012329872697591782,0.0005268175154924393,0.0,0.0,0.00013754446990787983,-3.181467764079571e-05,-0.00017889682203531265,-1.7745420336723328e-05,0.0,0.0,0.00010486505925655365,0.0,0.0,2.0888634026050568e-05,0.0,0.0,0.0,0.0,0.0,0.0,0.0,0.0,0.0,-0.0006543528288602829,0.0,7.549300789833069e-06,0.0,0.00027656275779008865,0.0,0.0,0.0,0.0,0.0,0.0,0.0,0.0,-8.310377597808838e-05,0.0,0.0,-5.126418545842171e-05,0.0003492850810289383,0.0,0.0,0.0,0.0,0.0,0.012072212994098663,0.0,0.0,0.0,9.866664186120033e-06,-0.0002889917232096195,0.0,0.0,0.0,0.0,4.248647019267082e-05,0.0,0.0,0.0,0.0,-4.275888204574585e-05,0.0,0.0
0.0,0.0012329872697591782,0.0005268175154924393,0.0,0.0,0.00013754167594015598,-3.1817005947232246e-05,-0.00017889682203531265,-1.7745420336723328e-05,0.0,0.0,0.00010486505925655365,0.0,0.0,2.0888634026050568e-05,0.0,0.0,0.0,0.0,0.0,0.0,0.0,0.0,0.0,-0.0006543518975377083,0.0,7.547438144683838e-06,0.0,0.00027656182646751404,0.0,0.0,0.0,0.0,0.0,0.0,0.0,0.0,-8.310750126838684e-05,0.0,0.0,-5.1264651119709015e-05,0.0003492850810289383,0.0,0.0,0.0,0.0,0.0,0.011967457830905914,0.0,0.0,0.0,9.868061169981956e-06,-0.0002889903262257576,0.0,0.0,0.0,0.0,4.248740151524544e-05,0.0,0.0,0.0,0.0,-4.275515675544739e-05,0.0,0.0
0.0,0.0012329877354204655,0.0005268175154924393,0.0,0.0,0.00013754446990787983,-3.1817005947232246e-05,-0.00017889775335788727,-1.7745420336723328e-05,0.0,0.0,0.00010486505925655365,0.0,0.0,2.0883046090602875e-05,0.0,0.0,0.0,0.0,0.0,0.0,0.0,0.0,0.0,-0.0006543528288602829,0.0,7.5511634349823e-06,0.0,0.00027656275779008865,0.0,0.0,0.0,0.0,0.0,0.0,0.0,0.0,-8.310563862323761e-05,0.0,0.0,-5.1262788474559784e-05,0.00034928321838378906,0.0,0.0,0.0,0.0,0.0,0.011859841644763947,0.0,0.0,0.0,9.867362678050995e-06,-0.0002889912575483322,0.0,0.0,0.0,0.0,4.248740151524544e-05,0.0,0.0,0.0,0.0,-4.275888204574585e-05,0.0,0.0
0.0,0.0012329872697591782,0.0005268175154924393,0.0,0.0,0.00013754237443208694,-3.181607462465763e-05,-0.00017889868468046188,-1.7741695046424866e-05,0.0,0.0,0.00010486505925655365,0.0,0.0,2.0888634026050568e-05,0.0,0.0,0.0,0.0,0.0,0.0,0.0,0.0,0.0,-0.0006543556228280067,0.0,7.5511634349823e-06,0.0,0.0002765608951449394,0.0,0.0,0.0,0.0,0.0,0.0,0.0,0.0,-8.310377597808838e-05,0.0,0.0,-5.12637197971344e-05,0.00034928321838378906,0.0,0.0,0.0,0.0,0.0,0.011749602854251862,0.0,0.0,0.0,9.869690984487534e-06,-0.0002889912575483322,0.0,0.0,0.0,0.0,4.248553887009621e-05,0.0,0.0,0.0,0.0,-4.275329411029816e-05,0.0,0.0
0.0,0.001232985407114029,0.0005268175154924393,0.0,0.0,0.00013754284009337425,-3.181467764079571e-05,-0.00017889868468046188,-1.7745420336723328e-05,0.0,0.0,0.00010486505925655365,0.0,0.0,2.0888634026050568e-05,0.0,0.0,0.0,0.0,0.0,0.0,0.0,0.0,0.0,-0.0006543546915054321,0.0,7.547438144683838e-06,0.0,0.00027656182646751404,0.0,0.0,0.0,0.0,0.0,0.0,0.0,0.0,-8.310563862323761e-05,0.0,0.0,-5.1262322813272476e-05,0.00034928321838378906,0.0,0.0,0.0,0.0,0.0,0.011636592447757721,0.0,0.0,0.0,9.867129847407341e-06,-0.0002889912575483322,0.0,0.0,0.0,0.0,4.248460754752159e-05,0.0,0.0,0.0,0.0,-4.275329411029816e-05,0.0,0.0
0.0,0.001232985407114029,0.0005268193781375885,0.0,0.0,0.00013754377141594887,-3.181351348757744e-05,-0.00017889775335788727,-1.7745420336723328e-05,0.0,0.0,0.00010486692190170288,0.0,0.0,2.0888634026050568e-05,0.0,0.0,0.0,0.0,0.0,0.0,0.0,0.0,0.0,-0.0006543518975377083,0.0,7.5511634349823e-06,0.0,0.0002765608951449394,0.0,0.0,0.0,0.0,0.0,0.0,0.0,0.0,-8.310563862323761e-05,0.0,0.0,-5.1262788474559784e-05,0.00034928321838378906,0.0,0.0,0.0,0.0,0.0,0.011520631611347198,0.0,0.0,0.0,9.866198524832726e-06,-0.00028899218887090683,0.0,0.0,0.0,0.0,4.2483676224946976e-05,0.0,0.0,0.0,0.0,-4.275515675544739e-05,0.0,0.0
0.0,0.001232985407114029,0.0005268175154924393,0.0,0.0,0.0001375430729240179,-3.181654028594494e-05,-0.00017889682203531265,-1.774728298187256e-05,0.0,0.0,0.00010486505925655365,0.0,0.0,2.0887702703475952e-05,0.0,0.0,0.0,0.0,0.0,0.0,0.0,0.0,0.0,-0.0006543546915054321,0.0,7.5511634349823e-06,0.0,0.00027656275779008865,0.0,0.0,0.0,0.0,0.0,0.0,0.0,0.0,-8.310563862323761e-05,0.0,0.0,-5.1262788474559784e-05,0.0003492850810289383,0.0,0.0,0.0,0.0,0.0,0.011401809751987457,0.0,0.0,0.0,9.867362678050995e-06,-0.00028899218887090683,0.0,0.0,0.0,0.0,4.2483676224946976e-05,0.0,0.0,0.0,0.0,-4.275888204574585e-05,0.0,0.0
0.0,0.0012329849414527416,0.0005268175154924393,0.0,0.0,0.00013754284009337425,-3.181467764079571e-05,-0.00017889868468046188,-1.7745420336723328e-05,0.0,0.0,0.00010486692190170288,0.0,0.0,2.0887702703475952e-05,0.0,0.0,0.0,0.0,0.0,0.0,0.0,0.0,0.0,-0.0006543537601828575,0.0,7.547438144683838e-06,0.0,0.00027656368911266327,0.0,0.0,0.0,0.0,0.0,0.0,0.0,0.0,-8.310563862323761e-05,0.0,0.0,-5.1262322813272476e-05,0.00034928135573863983,0.0,0.0,0.0,0.0,0.0,0.01127944141626358,0.0,0.0,0.0,9.86829400062561e-06,-0.00028899218887090683,0.0,0.0,0.0,0.0,4.248553887009621e-05,0.0,0.0,0.0,0.0,-4.275701940059662e-05,0.0,0.0
0.0,0.001232985407114029,0.0005268175154924393,0.0,0.0,0.00013754284009337425,-3.18142119795084e-05,-0.00017889682203531265,-1.7745420336723328e-05,0.0,0.0,0.00010486505925655365,0.0,0.0,2.0887702703475952e-05,0.0,0.0,0.0,0.0,0.0,0.0,0.0,0.0,0.0,-0.0006543537601828575,0.0,7.547438144683838e-06,0.0,0.00027656368911266327,0.0,0.0,0.0,0.0,0.0,0.0,0.0,0.0,-8.310563862323761e-05,0.0,0.0,-5.1262788474559784e-05,0.00034928135573863983,0.0,0.0,0.0,0.0,0.0,0.011154033243656158,0.0,0.0,0.0,9.866198524832726e-06,-0.0002889912575483322,0.0,0.0,0.0,0.0,4.248553887009621e-05,0.0,0.0,0.0,0.0,-4.275701940059662e-05,0.0,0.0
0.0,0.0012329863384366035,0.0005268175154924393,0.0,0.0,0.0001375426072627306,-3.1815143302083015e-05,-0.00017889682203531265,-1.774728298187256e-05,0.0,0.0,0.00010486319661140442,0.0,0.0,2.0888634026050568e-05,0.0,0.0,0.0,0.0,0.0,0.0,0.0,0.0,0.0,-0.0006543537601828575,0.0,7.547438144683838e-06,0.0,0.00027656182646751404,0.0,0.0,0.0,0.0,0.0,0.0,0.0,0.0,-8.310750126838684e-05,0.0,0.0,-5.1264651119709015e-05,0.00034928135573863983,0.0,0.0,0.0,0.0,0.0,0.0110250785946846,0.0,0.0,0.0,9.868992492556572e-06,-0.0002889907918870449,0.0,0.0,0.0,0.0,4.248833283782005e-05,0.0,0.0,0.0,0.0,-4.275888204574585e-05,0.0,0.0
0.0,0.0012329863384366035,0.0005268175154924393,0.0,0.0,0.00013754121027886868,-3.1817005947232246e-05,-0.00017889589071273804,-1.7745420336723328e-05,0.0,0.0,0.00010486505925655365,0.0,0.0,2.0886771380901337e-05,0.0,0.0,0.0,0.0,0.0,0.0,0.0,0.0,0.0,-0.0006543556228280067,0.0,7.549300789833069e-06,0.0,0.00027656182646751404,0.0,0.0,0.0,0.0,0.0,0.0,0.0,0.0,-8.310191333293915e-05,0.0,0.0,-5.126558244228363e-05,0.00034928321838378906,0.0,0.0,0.0,0.0,0.0,0.010892786085605621,0.0,0.0,0.0,9.868992492556572e-06,-0.0002889903262257576,0.0,0.0,0.0,0.0,4.248647019267082e-05,0.0,0.0,0.0,0.0,-4.276074469089508e-05,0.0,0.0
0.0,0.0012329868040978909,0.0005268175154924393,0.0,0.0,0.00013754446990787983,-3.1817005947232246e-05,-0.00017889682203531265,-1.7745420336723328e-05,0.0,0.0,0.00010486505925655365,0.0,0.0,2.0886771380901337e-05,0.0,0.0,0.0,0.0,0.0,0.0,0.0,0.0,0.0,-0.0006543537601828575,0.0,7.5511634349823e-06,0.0,0.0002765608951449394,0.0,0.0,0.0,0.0,0.0,0.0,0.0,0.0,-8.309818804264069e-05,0.0,0.0,-5.1262788474559784e-05,0.00034928321838378906,0.0,0.0,0.0,0.0,0.0,0.010756917297840118,0.0,0.0,0.0,9.86643135547638e-06,-0.0002889912575483322,0.0,0.0,0.0,0.0,4.248647019267082e-05,0.0,0.0,0.0,0.0,-4.276074469089508e-05,0.0,0.0
0.0,0.0012329863384366035,0.0005268175154924393,0.0,0.0,0.00013754353858530521,-3.181886859238148e-05,-0.00017889682203531265,-1.7745420336723328e-05,0.0,0.0,0.00010486505925655365,0.0,0.0,2.0888634026050568e-05,0.0,0.0,0.0,0.0,0.0,0.0,0.0,0.0,0.0,-0.0006543556228280067,0.0,7.547438144683838e-06,0.0,0.0002765599638223648,0.0,0.0,0.0,0.0,0.0,0.0,0.0,0.0,-8.310563862323761e-05,0.0,0.0,-5.1262788474559784e-05,0.0003492850810289383,0.0,0.0,0.0,0.0,0.0,0.010617472231388092,0.0,0.0,0.0,9.867828339338303e-06,-0.0002889907918870449,0.0,0.0,0.0,0.0,4.248553887009621e-05,0.0,0.0,0.0,0.0,-4.275888204574585e-05,0.0,0.0
0.0,0.0012329849414527416,0.0005268175154924393,0.0,0.0,0.00013754330575466156,-3.1817471608519554e-05,-0.00017889682203531265,-1.7745420336723328e-05,0.0,0.0,0.00010486319661140442,0.0,0.0,2.088397741317749e-05,0.0,0.0,0.0,0.0,0.0,0.0,0.0,0.0,0.0,-0.0006543556228280067,0.0,7.5511634349823e-06,0.0,0.00027656182646751404,0.0,0.0,0.0,0.0,0.0,0.0,0.0,0.0,-8.310191333293915e-05,0.0,0.0,-5.12637197971344e-05,0.0003492850810289383,0.0,0.0,0.0,0.0,0.0,0.010474570095539093,0.0,0.0,0.0,9.870855137705803e-06,-0.0002889903262257576,0.0,0.0,0.0,0.0,4.248553887009621e-05,0.0,0.0,0.0,0.0,-4.275888204574585e-05,0.0,0.0
0.0,0.0012329858727753162,0.0005268212407827377,0.0,0.0,0.00013754284009337425,-3.181351348757744e-05,-0.00017889868468046188,-1.7745420336723328e-05,0.0,0.0,0.00010486133396625519,0.0,0.0,2.0887702703475952e-05,0.0,0.0,0.0,0.0,0.0,0.0,0.0,0.0,0.0,-0.0006543556228280067,0.0,7.547438144683838e-06,0.0,0.00027656275779008865,0.0,0.0,0.0,0.0,0.0,0.0,0.0,0.0,-8.309818804264069e-05,0.0,0.0,-5.12637197971344e-05,0.0003492850810289383,0.0,0.0,0.0,0.0,0.0,0.010328002274036407,0.0,0.0,0.0,9.869225323200226e-06,-0.0002889917232096195,0.0,0.0,0.0,0.0,4.248553887009621e-05,0.0,0.0,0.0,0.0,-4.275888204574585e-05,0.0,0.0
0.0,0.001232985407114029,0.0005268175154924393,0.0,0.0,0.00013754353858530521,-3.1817005947232246e-05,-0.00017889868468046188,-1.774728298187256e-05,0.0,0.0,0.00010486505925655365,0.0,0.0,2.0889565348625183e-05,0.0,0.0,0.0,0.0,0.0,0.0,0.0,0.0,0.0,-0.0006543537601828575,0.0,7.547438144683838e-06,0.0,0.0002765608951449394,0.0,0.0,0.0,0.0,0.0,0.0,0.0,0.0,-8.310563862323761e-05,0.0,0.0,-5.1264651119709015e-05,0.0003492850810289383,0.0,0.0,0.0,0.0,0.0,0.010177560150623322,0.0,0.0,0.0,9.869225323200226e-06,-0.0002889917232096195,0.0,0.0,0.0,0.0,4.248553887009621e-05,0.0,0.0,0.0,0.0,-4.275515675544739e-05,0.0,0.0
0.0,0.0012329849414527416,0.0005268175154924393,0.0,0.0,0.0001375426072627306,-3.181467764079571e-05,-0.00017889868468046188,-1.774728298187256e-05,0.0,0.0,0.00010486319661140442,0.0,0.0,2.0889565348625183e-05,0.0,0.0,0.0,0.0,0.0,0.0,0.0,0.0,0.0,-0.0006543518975377083,0.0,7.547438144683838e-06,0.0,0.0002765608951449394,0.0,0.0,0.0,0.0,0.0,0.0,0.0,0.0,-8.310377597808838e-05,0.0,0.0,-5.126558244228363e-05,0.00034928321838378906,0.0,0.0,0.0,0.0,0.0,0.010023899376392365,0.0,0.0,0.0,9.869690984487534e-06,-0.0002889907918870449,0.0,0.0,0.0,0.0,4.248460754752159e-05,0.0,0.0,0.0,0.0,-4.2747706174850464e-05,0.0,0.0
0.0,0.0012329872697591782,0.0005268175154924393,0.0,0.0,0.00013754423707723618,-3.181374631822109e-05,-0.00017889775335788727,-1.7745420336723328e-05,0.0,0.0,0.00010486133396625519,0.0,0.0,2.0883046090602875e-05,0.0,0.0,0.0,0.0,0.0,0.0,0.0,0.0,0.0,-0.0006543537601828575,0.0,7.547438144683838e-06,0.0,0.00027656368911266327,0.0,0.0,0.0,0.0,0.0,0.0,0.0,0.0,-8.310377597808838e-05,0.0,0.0,-5.12637197971344e-05,0.0003492850810289383,0.0,0.0,0.0,0.0,0.0,0.009866125881671906,0.0,0.0,0.0,9.870622307062149e-06,-0.0002889903262257576,0.0,0.0,0.0,0.0,4.248553887009621e-05,0.0,0.0,0.0,0.0,-4.2751431465148926e-05,0.0,0.0
0.0,0.0012329863384366035,0.0005268175154924393,0.0,0.0,0.0001375451683998108,-3.181281499564648e-05,-0.00017889868468046188,-1.7745420336723328e-05,0.0,0.0,0.00010486133396625519,0.0,0.0,2.088397741317749e-05,0.0,0.0,0.0,0.0,0.0,0.0,0.0,0.0,0.0,-0.0006543518975377083,0.0,7.545575499534607e-06,0.0,0.00027656182646751404,0.0,0.0,0.0,0.0,0.0,0.0,0.0,0.0,-8.310191333293915e-05,0.0,0.0,-5.1264651119709015e-05,0.0003492850810289383,0.0,0.0,0.0,0.0,0.0,0.009705640375614166,0.0,0.0,0.0,9.873416274785995e-06,-0.0002889898605644703,0.0,0.0,0.0,0.0,4.248274490237236e-05,0.0,0.0,0.0,0.0,-4.274211823940277e-05,0.0,0.0
0.0,0.0012329872697591782,0.0005268175154924393,0.0,0.0,0.00013754633255302906,-3.18142119795084e-05,-0.0001788996160030365,-1.774728298187256e-05,0.0,0.0,0.00010486133396625519,0.0,0.0,2.0887702703475952e-05,0.0,0.0,0.0,0.0,0.0,0.0,0.0,0.0,0.0,-0.0006543509662151337,0.0,7.547438144683838e-06,0.0,0.00027656368911266327,0.0,0.0,0.0,0.0,0.0,0.0,0.0,0.0,-8.310005068778992e-05,0.0,0.0,-5.1262788474559784e-05,0.00034928135573863983,0.0,0.0,0.0,0.0,0.0,0.009541042149066925,0.0,0.0,0.0,9.87248495221138e-06,-0.0002889903262257576,0.0,0.0,0.0,0.0,4.248553887009621e-05,0.0,0.0,0.0,0.0,-4.273466765880585e-05,0.0,0.0
0.0,0.0012329844757914543,0.0005268175154924393,0.0,0.0,0.00013754540123045444,-3.1815143302083015e-05,-0.00017889682203531265,-1.774914562702179e-05,0.0,0.0,0.00010485947132110596,0.0,0.0,2.0886771380901337e-05,0.0,0.0,0.0,0.0,0.0,0.0,0.0,0.0,0.0,-0.000654350034892559,0.0,7.547438144683838e-06,0.0,0.00027656275779008865,0.0,0.0,0.0,0.0,0.0,0.0,0.0,0.0,-8.310005068778992e-05,0.0,0.0,-5.1262788474559784e-05,0.00034928135573863983,0.0,0.0,0.0,0.0,0.0,0.009373463690280914,0.0,0.0,0.0,9.87667590379715e-06,-0.000288989394903183,0.0,0.0,0.0,0.0,4.248274490237236e-05,0.0,0.0,0.0,0.0,-4.272162914276123e-05,0.0,0.0
0.0,0.0012329835444688797,0.0005268175154924393,0.0,0.0,0.0001375374849885702,-3.182096406817436e-05,-0.00017889868468046188,-1.774914562702179e-05,0.0,0.0,0.0001048557460308075,0.0,0.0,2.088584005832672e-05,0.0,0.0,0.0,0.0,0.0,0.0,0.0,0.0,0.0,-0.0006543463096022606,0.0,7.547438144683838e-06,0.0,0.0002765608951449394,0.0,0.0,0.0,0.0,0.0,0.0,0.0,0.0,-8.310005068778992e-05,0.0,0.0,-5.1262322813272476e-05,0.00034928135573863983,0.0,0.0,0.0,0.0,0.0,0.00920257717370987,0.0,0.0,0.0,9.881099686026573e-06,-0.000288989394903183,0.0,0.0,0.0,0.0,4.248553887009621e-05,0.0,0.0,0.0,0.0,-4.271417856216431e-05,0.0,0.0
0.0,0.0012329872697591782,0.0005268137902021408,0.0,0.0,0.00013753538951277733,-3.182189539074898e-05,-0.00017890054732561111,-1.774914562702179e-05,0.0,0.0,0.00010485202074050903,0.0,0.0,2.0888634026050568e-05,0.0,0.0,0.0,0.0,0.0,0.0,0.0,0.0,0.0,-0.0006543435156345367,0.0,7.545575499534607e-06,0.0,0.00027656182646751404,0.0,0.0,0.0,0.0,0.0,0.0,0.0,0.0,-8.309446275234222e-05,0.0,0.0,-5.12637197971344e-05,0.00034927763044834137,0.0,0.0,0.0,0.0,0.0,0.009028799831867218,0.0,0.0,0.0,9.890180081129074e-06,-0.000288989394903183,0.0,0.0,0.0,0.0,4.248460754752159e-05,0.0,0.0,0.0,0.0,-4.268623888492584e-05,0.0,0.0
0.0,0.0012329858727753162,0.0005268137902021408,0.0,0.0,0.00013753189705312252,-3.182818181812763e-05,-0.00017890240997076035,-1.7756596207618713e-05,0.0,0.0,0.00010484643280506134,0.0,0.0,2.088397741317749e-05,0.0,0.0,0.0,0.0,0.0,0.0,0.0,0.0,0.0,-0.0006543351337313652,0.0,7.549300789833069e-06,0.0,0.0002765599638223648,0.0,0.0,0.0,0.0,0.0,0.0,0.0,0.0,-8.309818804264069e-05,0.0,0.0,-5.12637197971344e-05,0.00034927763044834137,0.0,0.0,0.0,0.0,0.0,0.008852429687976837,0.0,0.0,0.0,9.900424629449844e-06,-0.00028898799791932106,0.0,0.0,0.0,0.0,4.248088225722313e-05,0.0,0.0,0.0,0.0,-4.2654573917388916e-05,0.0,0.0
0.0,0.0012329835444688797,0.0005268119275569916,0.0,0.0,0.00013752817176282406,-3.184122033417225e-05,-0.00017890427261590958,-1.7756596207618713e-05,0.0,0.0,0.00010483153164386749,0.0,0.0,2.0884908735752106e-05,0.0,0.0,0.0,0.0,0.0,0.0,0.0,0.0,0.0,-0.0006543230265378952,0.0,7.547438144683838e-06,0.0,0.0002765608951449394,0.0,0.0,0.0,0.0,0.0,0.0,0.0,0.0,-8.310563862323761e-05,0.0,0.0,-5.1266513764858246e-05,0.00034927017986774445,0.0,0.0,0.0,0.0,0.0,0.00867355614900589,0.0,0.0,0.0,9.918585419654846e-06,-0.00028898613527417183,0.0,0.0,0.0,0.0,4.2481813579797745e-05,0.0,0.0,0.0,0.0,-4.2611733078956604e-05,0.0,0.0
0.0,0.0012329807505011559,0.0005268082022666931,0.0,0.0,0.00013751350343227386,-3.186357207596302e-05,-0.00017890240997076035,-1.7760321497917175e-05,0.0,0.0,0.00010481476783752441,0.0,0.0,2.0884908735752106e-05,0.0,0.0,0.0,0.0,0.0,0.0,0.0,0.0,0.0,-0.000654309056699276,0.0,7.543712854385376e-06,0.0,0.0002765590324997902,0.0,0.0,0.0,0.0,0.0,0.0,0.0,0.0,-8.310563862323761e-05,0.0,0.0,-5.126930773258209e-05,0.000349266454577446,0.0,0.0,0.0,0.0,0.0,0.008491821587085724,0.0,0.0,0.0,9.950948879122734e-06,-0.0002889847382903099,0.0,0.0,0.0,0.0,4.247436299920082e-05,0.0,0.0,0.0,0.0,-4.254467785358429e-05,0.0,0.0
0.0,0.0012329742312431335,0.0005268007516860962,0.0,0.0,0.00013749068602919579,-3.189709968864918e-05,-0.00017890240997076035,-1.7764046788215637e-05,0.0,0.0,0.00010478682816028595,0.0,0.0,2.08904966711998e-05,0.0,0.0,0.0,0.0,0.0,0.0,0.0,0.0,0.0,-0.0006542829796671867,0.0,7.541850209236145e-06,0.0,0.0002765543758869171,0.0,0.0,0.0,0.0,0.0,0.0,0.0,0.0,-8.310191333293915e-05,0.0,0.0,-5.12818805873394e-05,0.0003492496907711029,0.0,0.0,0.0,0.0,0.0,0.008308418095111847,0.0,0.0,0.0,9.999610483646393e-06,-0.0002889782190322876,0.0,0.0,0.0,0.0,4.2469706386327744e-05,0.0,0.0,0.0,0.0,-4.2438507080078125e-05,0.0,0.0
0.0,0.0012329565361142159,0.0005267877131700516,0.0,0.0,0.0001374592538923025,-3.196834586560726e-05,-0.0001789117231965065,-1.777149736881256e-05,0.0,0.0,0.00010474584996700287,0.0,0.0,2.08904966711998e-05,0.0,0.0,0.0,0.0,0.0,0.0,0.0,0.0,0.0,-0.0006542466580867767,0.0,7.5511634349823e-06,0.0,0.00027655158191919327,0.0,0.0,0.0,0.0,0.0,0.0,0.0,0.0,-8.310563862323761e-05,0.0,0.0,-5.130469799041748e-05,0.00034922920167446136,0.0,0.0,0.0,0.0,0.0,0.008123286068439484,0.0,0.0,0.0,1.0084128007292747e-05,-0.00028896797448396683,0.0,0.0,0.0,0.0,4.2452942579984665e-05,0.0,0.0,0.0,0.0,-4.2300671339035034e-05,0.0,0.0
0.0,0.0012329351156949997,0.0005267728120088577,0.0,0.0,0.00013740244321525097,-3.206916153430939e-05,-0.0001789173111319542,-1.7778947949409485e-05,0.0,0.0,0.00010467879474163055,0.0,0.0,2.0886771380901337e-05,0.0,0.0,0.0,0.0,0.0,0.0,0.0,0.0,0.0,-0.0006541898474097252,0.0,7.558614015579224e-06,0.0,0.00027654320001602173,0.0,0.0,0.0,0.0,0.0,0.0,0.0,0.0,-8.310936391353607e-05,0.0,0.0,-5.134986713528633e-05,0.00034919753670692444,0.0,0.0,0.0,0.0,0.0,0.007935769855976105,0.0,0.0,0.0,1.02166086435318e-05,-0.0002889493480324745,0.0,0.0,0.0,0.0,4.2430590838193893e-05,0.0,0.0,0.0,0.0,-4.2105093598365784e-05,0.0,0.0
0.0,0.0012328997254371643,0.0005267374217510223,0.0,0.0,0.00013731606304645538,-3.2230280339717865e-05,-0.0001789303496479988,-1.7782673239707947e-05,0.0,0.0,0.000104585662484169,0.0,0.0,2.0883046090602875e-05,0.0,0.0,0.0,0.0,0.0,0.0,0.0,0.0,0.0,-0.000654115341603756,0.0,7.588416337966919e-06,0.0,0.00027652643620967865,0.0,0.0,0.0,0.0,0.0,0.0,0.0,0.0,-8.315034210681915e-05,0.0,0.0,-5.142204463481903e-05,0.0003491472452878952,0.0,0.0,0.0,0.0,0.0,0.0077472105622291565,0.0,0.0,0.0,1.0425923392176628e-05,-0.00028892047703266144,0.0,0.0,0.0,0.0,4.238774999976158e-05,0.0,0.0,0.0,0.0,-4.1816383600234985e-05,0.0,0.0
0.0,0.0012328498996794224,0.0005266759544610977,0.0,0.0,0.00013717589899897575,-3.249896690249443e-05,-0.0001789592206478119,-1.7782673239707947e-05,0.0,0.0,0.00010443665087223053,0.0,0.0,2.0884908735752106e-05,0.0,0.0,0.0,0.0,0.0,0.0,0.0,0.0,0.0,-0.0006540091708302498,0.0,7.64802098274231e-06,0.0,0.00027650222182273865,0.0,0.0,0.0,0.0,0.0,0.0,0.0,0.0,-8.323416113853455e-05,0.0,0.0,-5.1557086408138275e-05,0.00034905970096588135,0.0,0.0,0.0,0.0,0.0,0.007555879652500153,0.0,0.0,0.0,1.0759569704532623e-05,-0.0002888701856136322,0.0,0.0,0.0,0.0,4.2315106838941574e-05,0.0,0.0,0.0,0.0,-4.139542579650879e-05,0.0,0.0
0.0,0.001232803799211979,0.0005265753716230392,0.0,0.0,0.00013696658425033092,-3.291456960141659e-05,-0.00017901044338941574,-1.7775222659111023e-05,0.0,0.0,0.00010420940816402435,0.0,0.0,2.087559551000595e-05,0.0,0.0,0.0,0.0,0.0,0.0,0.0,0.0,0.0,-0.0006538769230246544,0.0,7.772818207740784e-06,0.0,0.00027647893875837326,0.0,0.0,0.0,0.0,0.0,0.0,0.0,0.0,-8.339248597621918e-05,0.0,0.0,-5.1787588745355606e-05,0.0003489311784505844,0.0,0.0,0.0,0.0,0.0,0.007362700998783112,0.0,0.0,0.0,1.128041185438633e-05,-0.0002887742593884468,0.0,0.0,0.0,0.0,4.2193103581666946e-05,0.0,0.0,0.0,0.0,-4.0803104639053345e-05,0.0,0.0
0.0,0.0012327725999057293,0.0005264077335596085,0.0,0.0,0.00013664900325238705,-3.353203646838665e-05,-0.00017910823225975037,-1.774728298187256e-05,0.0,0.0,0.00010386668145656586,0.0,0.0,2.085138112306595e-05,0.0,0.0,0.0,0.0,0.0,0.0,0.0,0.0,0.0,-0.0006537251174449921,0.0,7.985159754753113e-06,0.0,0.0002764575183391571,0.0,0.0,0.0,0.0,0.0,0.0,0.0,0.0,-8.36644321680069e-05,0.0,0.0,-5.216524004936218e-05,0.00034873560070991516,0.0,0.0,0.0,0.0,0.0,0.007164843380451202,0.0,0.0,0.0,1.2084376066923141e-05,-0.0002885987050831318,0.0,0.0,0.0,0.0,4.198634997010231e-05,0.0,0.0,0.0,0.0,-3.9944425225257874e-05,0.0,0.0
0.0,0.0012328317388892174,0.0005261283367872238,0.0,0.0,0.0001361863687634468,-3.446708433330059e-05,-0.0001792972907423973,-1.7682090401649475e-05,0.0,0.0,0.00010334514081478119,0.0,0.0,2.08122655749321e-05,0.0,0.0,0.0,0.0,0.0,0.0,0.0,0.0,0.0,-0.0006535695865750313,0.0,8.339062333106995e-06,0.0,0.0002764519304037094,0.0,0.0,0.0,0.0,0.0,0.0,0.0,0.0,-8.407421410083771e-05,0.0,0.0,-5.276128649711609e-05,0.00034843944013118744,0.0,0.0,0.0,0.0,0.0,0.006963111460208893,0.0,0.0,0.0,1.3303477317094803e-05,-0.00028828438371419907,0.0,0.0,0.0,0.0,4.163431003689766e-05,0.0,0.0,0.0,0.0,-3.8700178265571594e-05,0.0,0.0
0.0,0.0012330934405326843,0.0005256496369838715,0.0,0.0,0.00013551488518714905,-3.5854522138834e-05,-0.00017965584993362427,-1.755543053150177e-05,0.0,0.0,0.00010257028043270111,0.0,0.0,2.0732171833515167e-05,0.0,0.0,0.0,0.0,0.0,0.0,0.0,0.0,0.0,-0.0006534839048981667,0.0,8.87364149093628e-06,0.0,0.0002764873206615448,0.0,0.0,0.0,0.0,0.0,0.0,0.0,0.0,-8.45734030008316e-05,0.0,0.0,-5.3676776587963104e-05,0.00034801289439201355,0.0,0.0,0.0,0.0,0.0,0.006751067936420441,0.0,0.0,0.0,1.5124678611755371e-05,-0.00028773630037903786,0.0,0.0,0.0,0.0,4.106154665350914e-05,0.0,0.0,0.0,0.0,-3.692135214805603e-05,0.0,0.0
0.0,0.0012337672524154186,0.0005248449742794037,0.0,0.0,0.0001345586497336626,-3.78552358597517e-05,-0.00018030870705842972,-1.7346814274787903e-05,0.0,0.0,0.00010143034160137177,0.0,0.0,2.0607374608516693e-05,0.0,0.0,0.0,0.0,0.0,0.0,0.0,0.0,0.0,-0.0006535975262522697,0.0,9.626150131225586e-06,0.0,0.0002766149118542671,0.0,0.0,0.0,0.0,0.0,0.0,0.0,0.0,-8.500553667545319e-05,0.0,0.0,-5.500204861164093e-05,0.00034741684794425964,0.0,0.0,0.0,0.0,0.0,0.006529845297336578,0.0,0.0,0.0,1.776847057044506e-05,-0.00028679054230451584,0.0,0.0,0.0,0.0,4.0100421756505966e-05,0.0,0.0,0.0,0.0,-3.4358352422714233e-05,0.0,0.0
0.0,0.0012351758778095245,0.0005235020071268082,0.0,0.0,0.00013319356366991997,-4.067155532538891e-05,-0.00018144678324460983,-1.7033889889717102e-05,0.0,0.0,9.978748857975006e-05,0.0,0.0,2.0378269255161285e-05,0.0,0.0,0.0,0.0,0.0,0.0,0.0,0.0,0.0,-0.0006541935727000237,0.0,1.0546296834945679e-05,0.0,0.0002769511193037033,0.0,0.0,0.0,0.0,0.0,0.0,0.0,0.0,-8.50241631269455e-05,0.0,0.0,-5.682464689016342e-05,0.00034662894904613495,0.0,0.0,0.0,0.0,0.0,0.006284870207309723,0.0,0.0,0.0,2.149352803826332e-05,-0.00028522219508886337,0.0,0.0,0.0,0.0,3.848923370242119e-05,0.0,0.0,0.0,0.0,-3.070756793022156e-05,0.0,0.0
0.0,0.001237756572663784,0.0005212705582380295,0.0,0.0,0.00013118400238454342,-4.454306326806545e-05,-0.00018336903303861618,-1.6629695892333984e-05,0.0,0.0,9.747035801410675e-05,0.0,0.0,2.001691609621048e-05,0.0,0.0,0.0,0.0,0.0,0.0,0.0,0.0,0.0,-0.0006557824090123177,0.0,1.1453405022621155e-05,0.0,0.00027769897133111954,0.0,0.0,0.0,0.0,0.0,0.0,0.0,0.0,-8.408725261688232e-05,0.0,0.0,-5.9137120842933655e-05,0.0003456398844718933,0.0,0.0,0.0,0.0,0.0,0.006022490561008453,0.0,0.0,0.0,2.6540830731391907e-05,-0.0002827206626534462,0.0,0.0,0.0,0.0,3.581354394555092e-05,0.0,0.0,0.0,0.0,-2.5548040866851807e-05,0.0,0.0
0.0,0.001242003869265318,0.0005175936967134476,0.0,0.0,0.00012813066132366657,-4.9647875130176544e-05,-0.0001864321529865265,-1.6240403056144714e-05,0.0,0.0,9.433180093765259e-05,0.0,0.0,1.9465573132038116e-05,0.0,0.0,0.0,0.0,0.0,0.0,0.0,0.0,0.0,-0.0006592785939574242,0.0,1.1928379535675049e-05,0.0,0.00027931947261095047,0.0,0.0,0.0,0.0,0.0,0.0,0.0,0.0,-8.151121437549591e-05,0.0,0.0,-6.170198321342468e-05,0.0003445558249950409,0.0,0.0,0.0,0.0,0.0,0.005706138908863068,0.0,0.0,0.0,3.3025629818439484e-05,-0.00027894414961338043,0.0,0.0,0.0,0.0,3.138510510325432e-05,0.0,0.0,0.0,0.0,-1.8384307622909546e-05,0.0,0.0
0.0,0.001248326152563095,0.00051153264939785,0.0,0.0,0.0001234067603945732,-5.600624717772007e-05,-0.0001910291612148285,-1.6167759895324707e-05,0.0,0.0,9.028613567352295e-05,0.0,0.0,1.8642283976078033e-05,0.0,0.0,0.0,0.0,0.0,0.0,0.0,0.0,0.0,-0.0006662765517830849,0.0,1.115351915359497e-05,0.0,0.0002827141433954239,0.0,0.0,0.0,0.0,0.0,0.0,0.0,0.0,-7.678940892219543e-05,0.0,0.0,-6.393017247319221e-05,0.0003436040133237839,0.0,0.0,0.0,0.0,0.0,0.00536298006772995,0.0,0.0,0.0,4.076352342963219e-05,-0.0002736360765993595,0.0,0.0,0.0,0.0,2.4202745407819748e-05,0.0,0.0,0.0,0.0,-8.728355169296265e-06,0.0,0.0
0.0,0.0012567187659442425,0.0005015600472688675,0.0,0.0,0.00011613499373197556,-6.324215792119503e-05,-0.00019736681133508682,-1.7093494534492493e-05,0.0,0.0,8.545257151126862e-05,0.0,0.0,1.7403624951839447e-05,0.0,0.0,0.0,0.0,0.0,0.0,0.0,0.0,0.0,-0.0006794342771172523,0.0,7.912516593933105e-06,0.0,0.0002893870696425438,0.0,0.0,0.0,0.0,0.0,0.0,0.0,0.0,-7.019005715847015e-05,0.0,0.0,-6.453553214669228e-05,0.00034335069358348846,0.0,0.0,0.0,0.0,0.0,0.004905171692371368,0.0,0.0,0.0,4.901760257780552e-05,-0.0002669091336429119,0.0,0.0,0.0,0.0,1.2923497706651688e-05,0.0,0.0,0.0,0.0,3.56137752532959e-06,0.0,0.0
0.0,0.0012662452645599842,0.0004850514233112335,0.0,0.0,0.0001053947489708662,-7.021031342446804e-05,-0.00020507816225290298,-2.0312145352363586e-05,0.0,0.0,8.032843470573425e-05,0.0,0.0,1.5611760318279266e-05,0.0,0.0,0.0,0.0,0.0,0.0,0.0,0.0,0.0,-0.0007031075656414032,0.0,6.761401891708374e-07,0.0,0.00030126795172691345,0.0,0.0,0.0,0.0,0.0,0.0,0.0,0.0,-6.351061165332794e-05,0.0,0.0,-6.137369200587273e-05,0.00034481100738048553,0.0,0.0,0.0,0.0,0.0,0.004424698650836945,0.0,0.0,0.0,5.616340786218643e-05,-0.00025966577231884,0.0,0.0,0.0,0.0,-3.940891474485397e-06,0.0,0.0,0.0,0.0,1.771189272403717e-05,0.0,0.0
0.0,0.0012744227424263954,0.0004576854407787323,0.0,0.0,9.0830959379673e-05,-7.44471326470375e-05,-0.00021267123520374298,-2.7960166335105896e-05,0.0,0.0,7.610954344272614e-05,0.0,0.0,1.3151206076145172e-05,0.0,0.0,0.0,0.0,0.0,0.0,0.0,0.0,0.0,-0.000744204968214035,0.0,-1.181475818157196e-05,0.0,0.00031954236328601837,0.0,0.0,0.0,0.0,0.0,0.0,0.0,0.0,-6.0733407735824585e-05,0.0,0.0,-5.1330775022506714e-05,0.00034965574741363525,0.0,0.0,0.0,0.0,0.0,0.0037128105759620667,0.0,0.0,0.0,5.9480778872966766e-05,-0.0002541337162256241,0.0,0.0,0.0,0.0,-2.740742638707161e-05,0.0,0.0,0.0,0.0,3.091990947723389e-05,0.0,0.0
0.0,0.0012767869047820568,0.0004127752035856247,0.0,0.0,7.369671948254108e-05,-7.172883488237858e-05,-0.00021690968424081802,-4.31109219789505e-05,0.0,0.0,7.492117583751678e-05,0.0,0.0,1.0164454579353333e-05,0.0,0.0,0.0,0.0,0.0,0.0,0.0,0.0,0.0,-0.0008134124800562859,0.0,-2.9355287551879883e-05,0.0,0.00034207291901111603,0.0,0.0,0.0,0.0,0.0,0.0,0.0,0.0,-6.75395131111145e-05,0.0,0.0,-3.08426097035408e-05,0.0003603864461183548,0.0,0.0,0.0,0.0,0.0,0.0030510351061820984,0.0,0.0,0.0,5.5265845730900764e-05,-0.000254074577242136,0.0,0.0,0.0,0.0,-5.6727323681116104e-05,0.0,0.0,0.0,0.0,3.7126243114471436e-05,0.0,0.0
0.0,0.0012672711163759232,0.0003411136567592621,0.0,0.0,5.824258551001549e-05,-5.5896351113915443e-05,-0.00021294131875038147,-6.932951509952545e-05,0.0,0.0,8.00061970949173e-05,0.0,0.0,7.729046046733856e-06,0.0,0.0,0.0,0.0,0.0,0.0,0.0,0.0,0.0,-0.0009266529232263565,0.0,-4.8391520977020264e-05,0.0,0.00036016106605529785,0.0,0.0,0.0,0.0,0.0,0.0,0.0,0.0,-8.862465620040894e-05,0.0,0.0,2.543441951274872e-06,0.000380123034119606,0.0,0.0,0.0,0.0,0.0,0.0019374117255210876,0.0,0.0,0.0,3.977678716182709e-05,-0.000263742171227932,0.0,0.0,0.0,0.0,-8.72383825480938e-05,0.0,0.0,0.0,0.0,2.6512891054153442e-05,0.0,0.0
0.0,0.0012404564768075943,0.0002317037433385849,0.0,0.0,5.193403922021389e-05,-2.0280014723539352e-05,-0.00019632745534181595,-0.00010919012129306793,0.0,0.0,9.5343217253685e-05,0.0,0.0,9.034760296344757e-06,0.0,0.0,0.0,0.0,0.0,0.0,0.0,0.0,0.0,-0.0011064456775784492,0.0,-6.011500954627991e-05,0.0,0.00035864952951669693,0.0,0.0,0.0,0.0,0.0,0.0,0.0,0.0,-0.00012206099927425385,0.0,0.0,4.711467772722244e-05,0.0004119277000427246,0.0,0.0,0.0,0.0,0.0,0.001183725893497467,0.0,0.0,0.0,1.1501600965857506e-05,-0.00028431136161088943,0.0,0.0,0.0,0.0,-0.00010800221934914589,0.0,0.0,0.0,0.0,-1.103617250919342e-05,0.0,0.0
0.0,0.0011965679004788399,7.241033017635345e-05,0.0,0.0,6.234273314476013e-05,3.861798904836178e-05,-0.00016863737255334854,-0.00016122497618198395,0.0,0.0,0.00012443028390407562,0.0,0.0,2.1414831280708313e-05,0.0,0.0,0.0,0.0,0.0,0.0,0.0,0.0,0.0,-0.00138193741440773,0.0,-5.096942186355591e-05,0.0,0.00032635778188705444,0.0,0.0,0.0,0.0,0.0,0.0,0.0,0.0,-0.0001521427184343338,0.0,0.0,9.342143312096596e-05,0.0004573725163936615,0.0,0.0,0.0,0.0,0.0,-0.00045008212327957153,0.0,0.0,0.0,-2.53431499004364e-05,-0.00030697230249643326,0.0,0.0,0.0,0.0,-0.00010092603042721748,0.0,0.0,0.0,0.0,-7.457844913005829e-05,0.0,0.0
0.0,0.0011487780138850212,-0.00015541724860668182,0.0,0.0,8.74917022883892e-05,0.00011433265171945095,-0.00014630425721406937,-0.00021514855325222015,0.0,0.0,0.00016791187226772308,0.0,0.0,5.7637691497802734e-05,0.0,0.0,0.0,0.0,0.0,0.0,0.0,0.0,0.0,-0.0017844168469309807,0.0,-9.346753358840942e-06,0.0,0.000281481072306633,0.0,0.0,0.0,0.0,0.0,0.0,0.0,0.0,-0.00014703348278999329,0.0,0.0,0.00012430734932422638,0.0005151629447937012,0.0,0.0,0.0,0.0,0.0,-0.0007394775748252869,0.0,0.0,0.0,-5.8142002671957016e-05,-0.00030552130192518234,0.0,0.0,0.0,0.0,-4.5849476009607315e-05,0.0,0.0,0.0,0.0,-0.0001318119466304779,0.0,0.0
0.0,0.001127956435084343,-0.0005000773817300797,0.0,0.0,0.00010022148489952087,0.0001843501813709736,-0.00016568880528211594,-0.00024562887847423553,0.0,0.0,0.00022066757082939148,0.0,0.0,0.0001333272084593773,0.0,0.0,0.0,0.0,0.0,0.0,0.0,0.0,0.0,-0.002331607975065708,0.0,5.718134343624115e-05,0.0,0.0002972157672047615,0.0,0.0,0.0,0.0,0.0,0.0,0.0,0.0,-7.284991443157196e-05,0.0,0.0,0.00012812810018658638,0.0005834531038999557,0.0,0.0,0.0,0.0,0.0,-0.002834431827068329,0.0,0.0,0.0,-6.983242928981781e-05,-0.00023905187845230103,0.0,0.0,0.0,0.0,6.258534267544746e-05,0.0,0.0,0.0,0.0,-0.00010831281542778015,0.0,0.0
0.0,0.0011727698147296906,-0.0010881014168262482,0.0,0.0,3.825477324426174e-05,0.00021630292758345604,-0.00026556942611932755,-0.00020297802984714508,0.0,0.0,0.00027013011276721954,0.0,0.0,0.00025479216128587723,0.0,0.0,0.0,0.0,0.0,0.0,0.0,0.0,0.0,-0.002988101914525032,0.0,9.856931865215302e-05,0.0,0.00047543179243803024,0.0,0.0,0.0,0.0,0.0,0.0,0.0,0.0,6.52708113193512e-05,0.0,0.0,0.0001348741352558136,0.0006732475012540817,0.0,0.0,0.0,0.0,0.0,-0.0010673627257347107,0.0,0.0,0.0,-5.908915773034096e-05,-8.156429976224899e-05,0.0,0.0,0.0,0.0,0.00018420396372675896,0.0,0.0,0.0,0.0,5.860626697540283e-05,0.0,0.0
0.0,0.0012883199378848076,-0.002161668613553047,0.0,0.0,-0.00017135730013251305,0.0002039095852524042,-0.00042595062404870987,1.1937692761421204e-05,0.0,0.0,0.0002988819032907486,0.0,0.0,0.000401410274207592,0.0,0.0,0.0,0.0,0.0,0.0,0.0,0.0,0.0,-0.0035842889919877052,0.0,2.3808330297470093e-05,0.0,0.0008027171716094017,0.0,0.0,0.0,0.0,0.0,0.0,0.0,0.0,0.00016925297677516937,0.0,0.0,0.00025781942531466484,0.0008360631763935089,0.0,0.0,0.0,0.0,0.0,-0.004110448062419891,0.0,0.0,0.0,-7.790792733430862e-05,0.00012685079127550125,0.0,0.0,0.0,0.0,0.00020799459889531136,0.0,0.0,0.0,0.0,0.00024573691189289093,0.0,0.0
0.0,0.0013782773166894913,-0.00395599938929081,0.0,0.0,-0.0005337325856089592,0.0002122819423675537,-0.0005022017285227776,0.0006254669278860092,0.0,0.0,0.0002939552068710327,0.0,0.0,0.0005506770685315132,0.0,0.0,0.0,0.0,0.0,0.0,0.0,0.0,0.0,-0.0036808662116527557,0.0,-0.00019993260502815247,0.0,0.0009484263136982918,0.0,0.0,0.0,0.0,0.0,0.0,0.0,0.0,6.311200559139252e-05,0.0,0.0,0.0006380015984177589,0.0011624637991189957,0.0,0.0,0.0,0.0,0.0,0.0016115382313728333,0.0,0.0,0.0,-0.00023682857863605022,0.00030300579965114594,0.0,0.0,0.0,0.0,5.488749593496323e-06,0.0,0.0,0.0,0.0,2.609938383102417e-05,0.0,0.0
0.0,0.001246788538992405,-0.006161404773592949,0.0,0.0,-0.0009602748323231936,0.00024293106980621815,-0.0003802012652158737,0.0021418649703264236,0.0,0.0,0.00025648437440395355,0.0,0.0,0.000859944149851799,0.0,0.0,0.0,0.0,0.0,0.0,0.0,0.0,0.0,-0.0024020327255129814,0.0,-0.0003071073442697525,0.0,0.00040652602910995483,0.0,0.0,0.0,0.0,0.0,0.0,0.0,0.0,-0.0002677496522665024,0.0,0.0,0.0011229454539716244,0.0015785153955221176,0.0,0.0,0.0,0.0,0.0,-0.0033513233065605164,0.0,0.0,0.0,-0.0005094127263873816,0.0005761263892054558,0.0,0.0,0.0,0.0,-0.00030657975003123283,0.0,0.0,0.0,0.0,-0.0006457455456256866,0.0,0.0
0.0,0.0008818348869681358,-0.007005160674452782,0.0,0.0,-0.0015915976837277412,-0.0003821833524852991,-0.0005714967846870422,0.0052308011800050735,0.0,0.0,0.00013465620577335358,0.0,0.0,0.00183951947838068,0.0,0.0,0.0,0.0,0.0,0.0,0.0,0.0,0.0,0.0016296226531267166,0.0,0.0002359692007303238,0.0,-0.0004834011197090149,0.0,0.0,0.0,0.0,0.0,0.0,0.0,0.0,-0.00028586946427822113,0.0,0.0,0.0010536769405007362,0.0012307744473218918,0.0,0.0,0.0,0.0,0.0,0.007337294518947601,0.0,0.0,0.0,-0.00024309498257935047,0.001293417066335678,0.0,0.0,0.0,0.0,-3.460841253399849e-05,0.0,0.0,0.0,0.0,2.697855234146118e-05,0.0,0.0
0.0,0.0005393843166530132,-0.004589984193444252,0.0,0.0,-0.0011144690215587616,-0.0012921234592795372,-0.00044747721403837204,0.008509774692356586,0.0,0.0,5.639903247356415e-05,0.0,0.0,0.0023766132071614265,0.0,0.0,0.0,0.0,0.0,0.0,0.0,0.0,0.0,0.009257516823709011,0.0,-0.0001156385987997055,0.0,-0.0010945377871394157,0.0,0.0,0.0,0.0,0.0,0.0,0.0,0.0,-0.00026926957070827484,0.0,0.0,0.0013578091748058796,-4.949048161506653e-06,0.0,0.0,0.0,0.0,0.0,0.013321317732334137,0.0,0.0,0.0,0.00031872792169451714,0.001577676273882389,0.0,0.0,0.0,0.0,-6.483588367700577e-05,0.0,0.0,0.0,0.0,0.0015527699142694473,0.0,0.0
