name;frameTime;audspec_lengthL1norm_sma_range;audspec_lengthL1norm_sma_maxPos;audspec_lengthL1norm_sma_minPos;audspec_lengthL1norm_sma_quartile1;audspec_lengthL1norm_sma_quartile2;audspec_lengthL1norm_sma_quartile3;audspec_lengthL1norm_sma_iqr1-2;audspec_lengthL1norm_sma_iqr2-3;audspec_lengthL1norm_sma_iqr1-3;audspec_lengthL1norm_sma_percentile1.0;audspec_lengthL1norm_sma_percentile99.0;audspec_lengthL1norm_sma_pctlrange0-1;audspec_lengthL1norm_sma_stddev;audspec_lengthL1norm_sma_skewness;audspec_lengthL1norm_sma_kurtosis;audspec_lengthL1norm_sma_meanSegLen;audspec_lengthL1norm_sma_maxSegLen;audspec_lengthL1norm_sma_minSegLen;audspec_lengthL1norm_sma_segLenStddev;audspec_lengthL1norm_sma_upleveltime25;audspec_lengthL1norm_sma_upleveltime50;audspec_lengthL1norm_sma_upleveltime75;audspec_lengthL1norm_sma_upleveltime90;audspec_lengthL1norm_sma_risetime;audspec_lengthL1norm_sma_leftctime;audspec_lengthL1norm_sma_lpgain;audspec_lengthL1norm_sma_lpc0;audspec_lengthL1norm_sma_lpc1;audspec_lengthL1norm_sma_lpc2;audspec_lengthL1norm_sma_lpc3;audspec_lengthL1norm_sma_lpc4;audspecRasta_lengthL1norm_sma_range;audspecRasta_lengthL1norm_sma_maxPos;audspecRasta_lengthL1norm_sma_minPos;audspecRasta_lengthL1norm_sma_quartile1;audspecRasta_lengthL1norm_sma_quartile2;audspecRasta_lengthL1norm_sma_quartile3;audspecRasta_lengthL1norm_sma_iqr1-2;audspecRasta_lengthL1norm_sma_iqr2-3;audspecRasta_lengthL1norm_sma_iqr1-3;audspecRasta_lengthL1norm_sma_percentile1.0;audspecRasta_lengthL1norm_sma_percentile99.0;audspecRasta_lengthL1norm_sma_pctlrange0-1;audspecRasta_lengthL1norm_sma_stddev;audspecRasta_lengthL1norm_sma_skewness;audspecRasta_lengthL1norm_sma_kurtosis;audspecRasta_lengthL1norm_sma_meanSegLen;audspecRasta_lengthL1norm_sma_maxSegLen;audspecRasta_lengthL1norm_sma_minSegLen;audspecRasta_lengthL1norm_sma_segLenStddev;audspecRasta_lengthL1norm_sma_upleveltime25;audspecRasta_lengthL1norm_sma_upleveltime50;audspecRasta_lengthL1norm_sma_upleveltime75;audspecRasta_lengthL1norm_sma_upleveltime90;audspecRasta_lengthL1norm_sma_risetime;audspecRasta_lengthL1norm_sma_leftctime;audspecRasta_lengthL1norm_sma_lpgain;audspecRasta_lengthL1norm_sma_lpc0;audspecRasta_lengthL1norm_sma_lpc1;audspecRasta_lengthL1norm_sma_lpc2;audspecRasta_lengthL1norm_sma_lpc3;audspecRasta_lengthL1norm_sma_lpc4;pcm_RMSenergy_sma_range;pcm_RMSenergy_sma_maxPos;pcm_RMSenergy_sma_minPos;pcm_RMSenergy_sma_quartile1;pcm_RMSenergy_sma_quartile2;pcm_RMSenergy_sma_quartile3;pcm_RMSenergy_sma_iqr1-2;pcm_RMSenergy_sma_iqr2-3;pcm_RMSenergy_sma_iqr1-3;pcm_RMSenergy_sma_percentile1.0;pcm_RMSenergy_sma_percentile99.0;pcm_RMSenergy_sma_pctlrange0-1;pcm_RMSenergy_sma_stddev;pcm_RMSenergy_sma_skewness;pcm_RMSenergy_sma_kurtosis;pcm_RMSenergy_sma_meanSegLen;pcm_RMSenergy_sma_maxSegLen;pcm_RMSenergy_sma_minSegLen;pcm_RMSenergy_sma_segLenStddev;pcm_RMSenergy_sma_upleveltime25;pcm_RMSenergy_sma_upleveltime50;pcm_RMSenergy_sma_upleveltime75;pcm_RMSenergy_sma_upleveltime90;pcm_RMSenergy_sma_risetime;pcm_RMSenergy_sma_leftctime;pcm_RMSenergy_sma_lpgain;pcm_RMSenergy_sma_lpc0;pcm_RMSenergy_sma_lpc1;pcm_RMSenergy_sma_lpc2;pcm_RMSenergy_sma_lpc3;pcm_RMSenergy_sma_lpc4;pcm_zcr_sma_range;pcm_zcr_sma_maxPos;pcm_zcr_sma_minPos;pcm_zcr_sma_quartile1;pcm_zcr_sma_quartile2;pcm_zcr_sma_quartile3;pcm_zcr_sma_iqr1-2;pcm_zcr_sma_iqr2-3;pcm_zcr_sma_iqr1-3;pcm_zcr_sma_percentile1.0;pcm_zcr_sma_percentile99.0;pcm_zcr_sma_pctlrange0-1;pcm_zcr_sma_stddev;pcm_zcr_sma_skewness;pcm_zcr_sma_kurtosis;pcm_zcr_sma_meanSegLen;pcm_zcr_sma_maxSegLen;pcm_zcr_sma_minSegLen;pcm_zcr_sma_segLenStddev;pcm_zcr_sma_upleveltime25;pcm_zcr_sma_upleveltime50;pcm_zcr_sma_upleveltime75;pcm_zcr_sma_upleveltime90;pcm_zcr_sma_risetime;pcm_zcr_sma_leftctime;pcm_zcr_sma_lpgain;pcm_zcr_sma_lpc0;pcm_zcr_sma_lpc1;pcm_zcr_sma_lpc2;pcm_zcr_sma_lpc3;pcm_zcr_sma_lpc4;audspec_lengthL1norm_sma_de_range;audspec_lengthL1norm_sma_de_maxPos;audspec_lengthL1norm_sma_de_minPos;audspec_lengthL1norm_sma_de_quartile1;audspec_lengthL1norm_sma_de_quartile2;audspec_lengthL1norm_sma_de_quartile3;audspec_lengthL1norm_sma_de_iqr1-2;audspec_lengthL1norm_sma_de_iqr2-3;audspec_lengthL1norm_sma_de_iqr1-3;audspec_lengthL1norm_sma_de_percentile1.0;audspec_lengthL1norm_sma_de_percentile99.0;audspec_lengthL1norm_sma_de_pctlrange0-1;audspec_lengthL1norm_sma_de_stddev;audspec_lengthL1norm_sma_de_skewness;audspec_lengthL1norm_sma_de_kurtosis;audspec_lengthL1norm_sma_de_meanSegLen;audspec_lengthL1norm_sma_de_maxSegLen;audspec_lengthL1norm_sma_de_minSegLen;audspec_lengthL1norm_sma_de_segLenStddev;audspec_lengthL1norm_sma_de_upleveltime25;audspec_lengthL1norm_sma_de_upleveltime50;audspec_lengthL1norm_sma_de_upleveltime75;audspec_lengthL1norm_sma_de_upleveltime90;audspec_lengthL1norm_sma_de_risetime;audspec_lengthL1norm_sma_de_leftctime;audspec_lengthL1norm_sma_de_lpgain;audspec_lengthL1norm_sma_de_lpc0;audspec_lengthL1norm_sma_de_lpc1;audspec_lengthL1norm_sma_de_lpc2;audspec_lengthL1norm_sma_de_lpc3;audspec_lengthL1norm_sma_de_lpc4;audspecRasta_lengthL1norm_sma_de_range;audspecRasta_lengthL1norm_sma_de_maxPos;audspecRasta_lengthL1norm_sma_de_minPos;audspecRasta_lengthL1norm_sma_de_quartile1;audspecRasta_lengthL1norm_sma_de_quartile2;audspecRasta_lengthL1norm_sma_de_quartile3;audspecRasta_lengthL1norm_sma_de_iqr1-2;audspecRasta_lengthL1norm_sma_de_iqr2-3;audspecRasta_lengthL1norm_sma_de_iqr1-3;audspecRasta_lengthL1norm_sma_de_percentile1.0;audspecRasta_lengthL1norm_sma_de_percentile99.0;audspecRasta_lengthL1norm_sma_de_pctlrange0-1;audspecRasta_lengthL1norm_sma_de_stddev;audspecRasta_lengthL1norm_sma_de_skewness;audspecRasta_lengthL1norm_sma_de_kurtosis;audspecRasta_lengthL1norm_sma_de_meanSegLen;audspecRasta_lengthL1norm_sma_de_maxSegLen;audspecRasta_lengthL1norm_sma_de_minSegLen;audspecRasta_lengthL1norm_sma_de_segLenStddev;audspecRasta_lengthL1norm_sma_de_upleveltime25;audspecRasta_lengthL1norm_sma_de_upleveltime50;audspecRasta_lengthL1norm_sma_de_upleveltime75;audspecRasta_lengthL1norm_sma_de_upleveltime90;audspecRasta_lengthL1norm_sma_de_risetime;audspecRasta_lengthL1norm_sma_de_leftctime;audspecRasta_lengthL1norm_sma_de_lpgain;audspecRasta_lengthL1norm_sma_de_lpc0;audspecRasta_lengthL1norm_sma_de_lpc1;audspecRasta_lengthL1norm_sma_de_lpc2;audspecRasta_lengthL1norm_sma_de_lpc3;audspecRasta_lengthL1norm_sma_de_lpc4;pcm_RMSenergy_sma_de_range;pcm_RMSenergy_sma_de_maxPos;pcm_RMSenergy_sma_de_minPos;pcm_RMSenergy_sma_de_quartile1;pcm_RMSenergy_sma_de_quartile2;pcm_RMSenergy_sma_de_quartile3;pcm_RMSenergy_sma_de_iqr1-2;pcm_RMSenergy_sma_de_iqr2-3;pcm_RMSenergy_sma_de_iqr1-3;pcm_RMSenergy_sma_de_percentile1.0;pcm_RMSenergy_sma_de_percentile99.0;pcm_RMSenergy_sma_de_pctlrange0-1;pcm_RMSenergy_sma_de_stddev;pcm_RMSenergy_sma_de_skewness;pcm_RMSenergy_sma_de_kurtosis;pcm_RMSenergy_sma_de_meanSegLen;pcm_RMSenergy_sma_de_maxSegLen;pcm_RMSenergy_sma_de_minSegLen;pcm_RMSenergy_sma_de_segLenStddev;pcm_RMSenergy_sma_de_upleveltime25;pcm_RMSenergy_sma_de_upleveltime50;pcm_RMSenergy_sma_de_upleveltime75;pcm_RMSenergy_sma_de_upleveltime90;pcm_RMSenergy_sma_de_risetime;pcm_RMSenergy_sma_de_leftctime;pcm_RMSenergy_sma_de_lpgain;pcm_RMSenergy_sma_de_lpc0;pcm_RMSenergy_sma_de_lpc1;pcm_RMSenergy_sma_de_lpc2;pcm_RMSenergy_sma_de_lpc3;pcm_RMSenergy_sma_de_lpc4;pcm_zcr_sma_de_range;pcm_zcr_sma_de_maxPos;pcm_zcr_sma_de_minPos;pcm_zcr_sma_de_quartile1;pcm_zcr_sma_de_quartile2;pcm_zcr_sma_de_quartile3;pcm_zcr_sma_de_iqr1-2;pcm_zcr_sma_de_iqr2-3;pcm_zcr_sma_de_iqr1-3;pcm_zcr_sma_de_percentile1.0;pcm_zcr_sma_de_percentile99.0;pcm_zcr_sma_de_pctlrange0-1;pcm_zcr_sma_de_stddev;pcm_zcr_sma_de_skewness;pcm_zcr_sma_de_kurtosis;pcm_zcr_sma_de_meanSegLen;pcm_zcr_sma_de_maxSegLen;pcm_zcr_sma_de_minSegLen;pcm_zcr_sma_de_segLenStddev;pcm_zcr_sma_de_upleveltime25;pcm_zcr_sma_de_upleveltime50;pcm_zcr_sma_de_upleveltime75;pcm_zcr_sma_de_upleveltime90;pcm_zcr_sma_de_risetime;pcm_zcr_sma_de_leftctime;pcm_zcr_sma_de_lpgain;pcm_zcr_sma_de_lpc0;pcm_zcr_sma_de_lpc1;pcm_zcr_sma_de_lpc2;pcm_zcr_sma_de_lpc3;pcm_zcr_sma_de_lpc4;audSpec_Rfilt_sma[0]_range;audSpec_Rfilt_sma[0]_maxPos;audSpec_Rfilt_sma[0]_minPos;audSpec_Rfilt_sma[0]_quartile1;audSpec_Rfilt_sma[0]_quartile2;audSpec_Rfilt_sma[0]_quartile3;audSpec_Rfilt_sma[0]_iqr1-2;audSpec_Rfilt_sma[0]_iqr2-3;audSpec_Rfilt_sma[0]_iqr1-3;audSpec_Rfilt_sma[0]_percentile1.0;audSpec_Rfilt_sma[0]_percentile99.0;audSpec_Rfilt_sma[0]_pctlrange0-1;audSpec_Rfilt_sma[0]_stddev;audSpec_Rfilt_sma[0]_skewness;audSpec_Rfilt_sma[0]_kurtosis;audSpec_Rfilt_sma[0]_meanSegLen;audSpec_Rfilt_sma[0]_maxSegLen;audSpec_Rfilt_sma[0]_minSegLen;audSpec_Rfilt_sma[0]_segLenStddev;audSpec_Rfilt_sma[0]_upleveltime25;audSpec_Rfilt_sma[0]_upleveltime50;audSpec_Rfilt_sma[0]_upleveltime75;audSpec_Rfilt_sma[0]_upleveltime90;audSpec_Rfilt_sma[0]_risetime;audSpec_Rfilt_sma[0]_leftctime;audSpec_Rfilt_sma[0]_lpgain;audSpec_Rfilt_sma[0]_lpc0;audSpec_Rfilt_sma[0]_lpc1;audSpec_Rfilt_sma[0]_lpc2;audSpec_Rfilt_sma[0]_lpc3;audSpec_Rfilt_sma[0]_lpc4;audSpec_Rfilt_sma[1]_range;audSpec_Rfilt_sma[1]_maxPos;audSpec_Rfilt_sma[1]_minPos;audSpec_Rfilt_sma[1]_quartile1;audSpec_Rfilt_sma[1]_quartile2;audSpec_Rfilt_sma[1]_quartile3;audSpec_Rfilt_sma[1]_iqr1-2;audSpec_Rfilt_sma[1]_iqr2-3;audSpec_Rfilt_sma[1]_iqr1-3;audSpec_Rfilt_sma[1]_percentile1.0;audSpec_Rfilt_sma[1]_percentile99.0;audSpec_Rfilt_sma[1]_pctlrange0-1;audSpec_Rfilt_sma[1]_stddev;audSpec_Rfilt_sma[1]_skewness;audSpec_Rfilt_sma[1]_kurtosis;audSpec_Rfilt_sma[1]_meanSegLen;audSpec_Rfilt_sma[1]_maxSegLen;audSpec_Rfilt_sma[1]_minSegLen;audSpec_Rfilt_sma[1]_segLenStddev;audSpec_Rfilt_sma[1]_upleveltime25;audSpec_Rfilt_sma[1]_upleveltime50;audSpec_Rfilt_sma[1]_upleveltime75;audSpec_Rfilt_sma[1]_upleveltime90;audSpec_Rfilt_sma[1]_risetime;audSpec_Rfilt_sma[1]_leftctime;audSpec_Rfilt_sma[1]_lpgain;audSpec_Rfilt_sma[1]_lpc0;audSpec_Rfilt_sma[1]_lpc1;audSpec_Rfilt_sma[1]_lpc2;audSpec_Rfilt_sma[1]_lpc3;audSpec_Rfilt_sma[1]_lpc4;audSpec_Rfilt_sma[2]_range;audSpec_Rfilt_sma[2]_maxPos;audSpec_Rfilt_sma[2]_minPos;audSpec_Rfilt_sma[2]_quartile1;audSpec_Rfilt_sma[2]_quartile2;audSpec_Rfilt_sma[2]_quartile3;audSpec_Rfilt_sma[2]_iqr1-2;audSpec_Rfilt_sma[2]_iqr2-3;audSpec_Rfilt_sma[2]_iqr1-3;audSpec_Rfilt_sma[2]_percentile1.0;audSpec_Rfilt_sma[2]_percentile99.0;audSpec_Rfilt_sma[2]_pctlrange0-1;audSpec_Rfilt_sma[2]_stddev;audSpec_Rfilt_sma[2]_skewness;audSpec_Rfilt_sma[2]_kurtosis;audSpec_Rfilt_sma[2]_meanSegLen;audSpec_Rfilt_sma[2]_maxSegLen;audSpec_Rfilt_sma[2]_minSegLen;audSpec_Rfilt_sma[2]_segLenStddev;audSpec_Rfilt_sma[2]_upleveltime25;audSpec_Rfilt_sma[2]_upleveltime50;audSpec_Rfilt_sma[2]_upleveltime75;audSpec_Rfilt_sma[2]_upleveltime90;audSpec_Rfilt_sma[2]_risetime;audSpec_Rfilt_sma[2]_leftctime;audSpec_Rfilt_sma[2]_lpgain;audSpec_Rfilt_sma[2]_lpc0;audSpec_Rfilt_sma[2]_lpc1;audSpec_Rfilt_sma[2]_lpc2;audSpec_Rfilt_sma[2]_lpc3;audSpec_Rfilt_sma[2]_lpc4;audSpec_Rfilt_sma[3]_range;audSpec_Rfilt_sma[3]_maxPos;audSpec_Rfilt_sma[3]_minPos;audSpec_Rfilt_sma[3]_quartile1;audSpec_Rfilt_sma[3]_quartile2;audSpec_Rfilt_sma[3]_quartile3;audSpec_Rfilt_sma[3]_iqr1-2;audSpec_Rfilt_sma[3]_iqr2-3;audSpec_Rfilt_sma[3]_iqr1-3;audSpec_Rfilt_sma[3]_percentile1.0;audSpec_Rfilt_sma[3]_percentile99.0;audSpec_Rfilt_sma[3]_pctlrange0-1;audSpec_Rfilt_sma[3]_stddev;audSpec_Rfilt_sma[3]_skewness;audSpec_Rfilt_sma[3]_kurtosis;audSpec_Rfilt_sma[3]_meanSegLen;audSpec_Rfilt_sma[3]_maxSegLen;audSpec_Rfilt_sma[3]_minSegLen;audSpec_Rfilt_sma[3]_segLenStddev;audSpec_Rfilt_sma[3]_upleveltime25;audSpec_Rfilt_sma[3]_upleveltime50;audSpec_Rfilt_sma[3]_upleveltime75;audSpec_Rfilt_sma[3]_upleveltime90;audSpec_Rfilt_sma[3]_risetime;audSpec_Rfilt_sma[3]_leftctime;audSpec_Rfilt_sma[3]_lpgain;audSpec_Rfilt_sma[3]_lpc0;audSpec_Rfilt_sma[3]_lpc1;audSpec_Rfilt_sma[3]_lpc2;audSpec_Rfilt_sma[3]_lpc3;audSpec_Rfilt_sma[3]_lpc4;audSpec_Rfilt_sma[4]_range;audSpec_Rfilt_sma[4]_maxPos;audSpec_Rfilt_sma[4]_minPos;audSpec_Rfilt_sma[4]_quartile1;audSpec_Rfilt_sma[4]_quartile2;audSpec_Rfilt_sma[4]_quartile3;audSpec_Rfilt_sma[4]_iqr1-2;audSpec_Rfilt_sma[4]_iqr2-3;audSpec_Rfilt_sma[4]_iqr1-3;audSpec_Rfilt_sma[4]_percentile1.0;audSpec_Rfilt_sma[4]_percentile99.0;audSpec_Rfilt_sma[4]_pctlrange0-1;audSpec_Rfilt_sma[4]_stddev;audSpec_Rfilt_sma[4]_skewness;audSpec_Rfilt_sma[4]_kurtosis;audSpec_Rfilt_sma[4]_meanSegLen;audSpec_Rfilt_sma[4]_maxSegLen;audSpec_Rfilt_sma[4]_minSegLen;audSpec_Rfilt_sma[4]_segLenStddev;audSpec_Rfilt_sma[4]_upleveltime25;audSpec_Rfilt_sma[4]_upleveltime50;audSpec_Rfilt_sma[4]_upleveltime75;audSpec_Rfilt_sma[4]_upleveltime90;audSpec_Rfilt_sma[4]_risetime;audSpec_Rfilt_sma[4]_leftctime;audSpec_Rfilt_sma[4]_lpgain;audSpec_Rfilt_sma[4]_lpc0;audSpec_Rfilt_sma[4]_lpc1;audSpec_Rfilt_sma[4]_lpc2;audSpec_Rfilt_sma[4]_lpc3;audSpec_Rfilt_sma[4]_lpc4;audSpec_Rfilt_sma[5]_range;audSpec_Rfilt_sma[5]_maxPos;audSpec_Rfilt_sma[5]_minPos;audSpec_Rfilt_sma[5]_quartile1;audSpec_Rfilt_sma[5]_quartile2;audSpec_Rfilt_sma[5]_quartile3;audSpec_Rfilt_sma[5]_iqr1-2;audSpec_Rfilt_sma[5]_iqr2-3;audSpec_Rfilt_sma[5]_iqr1-3;audSpec_Rfilt_sma[5]_percentile1.0;audSpec_Rfilt_sma[5]_percentile99.0;audSpec_Rfilt_sma[5]_pctlrange0-1;audSpec_Rfilt_sma[5]_stddev;audSpec_Rfilt_sma[5]_skewness;audSpec_Rfilt_sma[5]_kurtosis;audSpec_Rfilt_sma[5]_meanSegLen;audSpec_Rfilt_sma[5]_maxSegLen;audSpec_Rfilt_sma[5]_minSegLen;audSpec_Rfilt_sma[5]_segLenStddev;audSpec_Rfilt_sma[5]_upleveltime25;audSpec_Rfilt_sma[5]_upleveltime50;audSpec_Rfilt_sma[5]_upleveltime75;audSpec_Rfilt_sma[5]_upleveltime90;audSpec_Rfilt_sma[5]_risetime;audSpec_Rfilt_sma[5]_leftctime;audSpec_Rfilt_sma[5]_lpgain;audSpec_Rfilt_sma[5]_lpc0;audSpec_Rfilt_sma[5]_lpc1;audSpec_Rfilt_sma[5]_lpc2;audSpec_Rfilt_sma[5]_lpc3;audSpec_Rfilt_sma[5]_lpc4;audSpec_Rfilt_sma[6]_range;audSpec_Rfilt_sma[6]_maxPos;audSpec_Rfilt_sma[6]_minPos;audSpec_Rfilt_sma[6]_quartile1;audSpec_Rfilt_sma[6]_quartile2;audSpec_Rfilt_sma[6]_quartile3;audSpec_Rfilt_sma[6]_iqr1-2;audSpec_Rfilt_sma[6]_iqr2-3;audSpec_Rfilt_sma[6]_iqr1-3;audSpec_Rfilt_sma[6]_percentile1.0;audSpec_Rfilt_sma[6]_percentile99.0;audSpec_Rfilt_sma[6]_pctlrange0-1;audSpec_Rfilt_sma[6]_stddev;audSpec_Rfilt_sma[6]_skewness;audSpec_Rfilt_sma[6]_kurtosis;audSpec_Rfilt_sma[6]_meanSegLen;audSpec_Rfilt_sma[6]_maxSegLen;audSpec_Rfilt_sma[6]_minSegLen;audSpec_Rfilt_sma[6]_segLenStddev;audSpec_Rfilt_sma[6]_upleveltime25;audSpec_Rfilt_sma[6]_upleveltime50;audSpec_Rfilt_sma[6]_upleveltime75;audSpec_Rfilt_sma[6]_upleveltime90;audSpec_Rfilt_sma[6]_risetime;audSpec_Rfilt_sma[6]_leftctime;audSpec_Rfilt_sma[6]_lpgain;audSpec_Rfilt_sma[6]_lpc0;audSpec_Rfilt_sma[6]_lpc1;audSpec_Rfilt_sma[6]_lpc2;audSpec_Rfilt_sma[6]_lpc3;audSpec_Rfilt_sma[6]_lpc4;audSpec_Rfilt_sma[7]_range;audSpec_Rfilt_sma[7]_maxPos;audSpec_Rfilt_sma[7]_minPos;audSpec_Rfilt_sma[7]_quartile1;audSpec_Rfilt_sma[7]_quartile2;audSpec_Rfilt_sma[7]_quartile3;audSpec_Rfilt_sma[7]_iqr1-2;audSpec_Rfilt_sma[7]_iqr2-3;audSpec_Rfilt_sma[7]_iqr1-3;audSpec_Rfilt_sma[7]_percentile1.0;audSpec_Rfilt_sma[7]_percentile99.0;audSpec_Rfilt_sma[7]_pctlrange0-1;audSpec_Rfilt_sma[7]_stddev;audSpec_Rfilt_sma[7]_skewness;audSpec_Rfilt_sma[7]_kurtosis;audSpec_Rfilt_sma[7]_meanSegLen;audSpec_Rfilt_sma[7]_maxSegLen;audSpec_Rfilt_sma[7]_minSegLen;audSpec_Rfilt_sma[7]_segLenStddev;audSpec_Rfilt_sma[7]_upleveltime25;audSpec_Rfilt_sma[7]_upleveltime50;audSpec_Rfilt_sma[7]_upleveltime75;audSpec_Rfilt_sma[7]_upleveltime90;audSpec_Rfilt_sma[7]_risetime;audSpec_Rfilt_sma[7]_leftctime;audSpec_Rfilt_sma[7]_lpgain;audSpec_Rfilt_sma[7]_lpc0;audSpec_Rfilt_sma[7]_lpc1;audSpec_Rfilt_sma[7]_lpc2;audSpec_Rfilt_sma[7]_lpc3;audSpec_Rfilt_sma[7]_lpc4;audSpec_Rfilt_sma[8]_range;audSpec_Rfilt_sma[8]_maxPos;audSpec_Rfilt_sma[8]_minPos;audSpec_Rfilt_sma[8]_quartile1;audSpec_Rfilt_sma[8]_quartile2;audSpec_Rfilt_sma[8]_quartile3;audSpec_Rfilt_sma[8]_iqr1-2;audSpec_Rfilt_sma[8]_iqr2-3;audSpec_Rfilt_sma[8]_iqr1-3;audSpec_Rfilt_sma[8]_percentile1.0;audSpec_Rfilt_sma[8]_percentile99.0;audSpec_Rfilt_sma[8]_pctlrange0-1;audSpec_Rfilt_sma[8]_stddev;audSpec_Rfilt_sma[8]_skewness;audSpec_Rfilt_sma[8]_kurtosis;audSpec_Rfilt_sma[8]_meanSegLen;audSpec_Rfilt_sma[8]_maxSegLen;audSpec_Rfilt_sma[8]_minSegLen;audSpec_Rfilt_sma[8]_segLenStddev;audSpec_Rfilt_sma[8]_upleveltime25;audSpec_Rfilt_sma[8]_upleveltime50;audSpec_Rfilt_sma[8]_upleveltime75;audSpec_Rfilt_sma[8]_upleveltime90;audSpec_Rfilt_sma[8]_risetime;audSpec_Rfilt_sma[8]_leftctime;audSpec_Rfilt_sma[8]_lpgain;audSpec_Rfilt_sma[8]_lpc0;audSpec_Rfilt_sma[8]_lpc1;audSpec_Rfilt_sma[8]_lpc2;audSpec_Rfilt_sma[8]_lpc3;audSpec_Rfilt_sma[8]_lpc4;audSpec_Rfilt_sma[9]_range;audSpec_Rfilt_sma[9]_maxPos;audSpec_Rfilt_sma[9]_minPos;audSpec_Rfilt_sma[9]_quartile1;audSpec_Rfilt_sma[9]_quartile2;audSpec_Rfilt_sma[9]_quartile3;audSpec_Rfilt_sma[9]_iqr1-2;audSpec_Rfilt_sma[9]_iqr2-3;audSpec_Rfilt_sma[9]_iqr1-3;audSpec_Rfilt_sma[9]_percentile1.0;audSpec_Rfilt_sma[9]_percentile99.0;audSpec_Rfilt_sma[9]_pctlrange0-1;audSpec_Rfilt_sma[9]_stddev;audSpec_Rfilt_sma[9]_skewness;audSpec_Rfilt_sma[9]_kurtosis;audSpec_Rfilt_sma[9]_meanSegLen;audSpec_Rfilt_sma[9]_maxSegLen;audSpec_Rfilt_sma[9]_minSegLen;audSpec_Rfilt_sma[9]_segLenStddev;audSpec_Rfilt_sma[9]_upleveltime25;audSpec_Rfilt_sma[9]_upleveltime50;audSpec_Rfilt_sma[9]_upleveltime75;audSpec_Rfilt_sma[9]_upleveltime90;audSpec_Rfilt_sma[9]_risetime;audSpec_Rfilt_sma[9]_leftctime;audSpec_Rfilt_sma[9]_lpgain;audSpec_Rfilt_sma[9]_lpc0;audSpec_Rfilt_sma[9]_lpc1;audSpec_Rfilt_sma[9]_lpc2;audSpec_Rfilt_sma[9]_lpc3;audSpec_Rfilt_sma[9]_lpc4;audSpec_Rfilt_sma[10]_range;audSpec_Rfilt_sma[10]_maxPos;audSpec_Rfilt_sma[10]_minPos;audSpec_Rfilt_sma[10]_quartile1;audSpec_Rfilt_sma[10]_quartile2;audSpec_Rfilt_sma[10]_quartile3;audSpec_Rfilt_sma[10]_iqr1-2;audSpec_Rfilt_sma[10]_iqr2-3;audSpec_Rfilt_sma[10]_iqr1-3;audSpec_Rfilt_sma[10]_percentile1.0;audSpec_Rfilt_sma[10]_percentile99.0;audSpec_Rfilt_sma[10]_pctlrange0-1;audSpec_Rfilt_sma[10]_stddev;audSpec_Rfilt_sma[10]_skewness;audSpec_Rfilt_sma[10]_kurtosis;audSpec_Rfilt_sma[10]_meanSegLen;audSpec_Rfilt_sma[10]_maxSegLen;audSpec_Rfilt_sma[10]_minSegLen;audSpec_Rfilt_sma[10]_segLenStddev;audSpec_Rfilt_sma[10]_upleveltime25;audSpec_Rfilt_sma[10]_upleveltime50;audSpec_Rfilt_sma[10]_upleveltime75;audSpec_Rfilt_sma[10]_upleveltime90;audSpec_Rfilt_sma[10]_risetime;audSpec_Rfilt_sma[10]_leftctime;audSpec_Rfilt_sma[10]_lpgain;audSpec_Rfilt_sma[10]_lpc0;audSpec_Rfilt_sma[10]_lpc1;audSpec_Rfilt_sma[10]_lpc2;audSpec_Rfilt_sma[10]_lpc3;audSpec_Rfilt_sma[10]_lpc4;audSpec_Rfilt_sma[11]_range;audSpec_Rfilt_sma[11]_maxPos;audSpec_Rfilt_sma[11]_minPos;audSpec_Rfilt_sma[11]_quartile1;audSpec_Rfilt_sma[11]_quartile2;audSpec_Rfilt_sma[11]_quartile3;audSpec_Rfilt_sma[11]_iqr1-2;audSpec_Rfilt_sma[11]_iqr2-3;audSpec_Rfilt_sma[11]_iqr1-3;audSpec_Rfilt_sma[11]_percentile1.0;audSpec_Rfilt_sma[11]_percentile99.0;audSpec_Rfilt_sma[11]_pctlrange0-1;audSpec_Rfilt_sma[11]_stddev;audSpec_Rfilt_sma[11]_skewness;audSpec_Rfilt_sma[11]_kurtosis;audSpec_Rfilt_sma[11]_meanSegLen;audSpec_Rfilt_sma[11]_maxSegLen;audSpec_Rfilt_sma[11]_minSegLen;audSpec_Rfilt_sma[11]_segLenStddev;audSpec_Rfilt_sma[11]_upleveltime25;audSpec_Rfilt_sma[11]_upleveltime50;audSpec_Rfilt_sma[11]_upleveltime75;audSpec_Rfilt_sma[11]_upleveltime90;audSpec_Rfilt_sma[11]_risetime;audSpec_Rfilt_sma[11]_leftctime;audSpec_Rfilt_sma[11]_lpgain;audSpec_Rfilt_sma[11]_lpc0;audSpec_Rfilt_sma[11]_lpc1;audSpec_Rfilt_sma[11]_lpc2;audSpec_Rfilt_sma[11]_lpc3;audSpec_Rfilt_sma[11]_lpc4;audSpec_Rfilt_sma[12]_range;audSpec_Rfilt_sma[12]_maxPos;audSpec_Rfilt_sma[12]_minPos;audSpec_Rfilt_sma[12]_quartile1;audSpec_Rfilt_sma[12]_quartile2;audSpec_Rfilt_sma[12]_quartile3;audSpec_Rfilt_sma[12]_iqr1-2;audSpec_Rfilt_sma[12]_iqr2-3;audSpec_Rfilt_sma[12]_iqr1-3;audSpec_Rfilt_sma[12]_percentile1.0;audSpec_Rfilt_sma[12]_percentile99.0;audSpec_Rfilt_sma[12]_pctlrange0-1;audSpec_Rfilt_sma[12]_stddev;audSpec_Rfilt_sma[12]_skewness;audSpec_Rfilt_sma[12]_kurtosis;audSpec_Rfilt_sma[12]_meanSegLen;audSpec_Rfilt_sma[12]_maxSegLen;audSpec_Rfilt_sma[12]_minSegLen;audSpec_Rfilt_sma[12]_segLenStddev;audSpec_Rfilt_sma[12]_upleveltime25;audSpec_Rfilt_sma[12]_upleveltime50;audSpec_Rfilt_sma[12]_upleveltime75;audSpec_Rfilt_sma[12]_upleveltime90;audSpec_Rfilt_sma[12]_risetime;audSpec_Rfilt_sma[12]_leftctime;audSpec_Rfilt_sma[12]_lpgain;audSpec_Rfilt_sma[12]_lpc0;audSpec_Rfilt_sma[12]_lpc1;audSpec_Rfilt_sma[12]_lpc2;audSpec_Rfilt_sma[12]_lpc3;audSpec_Rfilt_sma[12]_lpc4;audSpec_Rfilt_sma[13]_range;audSpec_Rfilt_sma[13]_maxPos;audSpec_Rfilt_sma[13]_minPos;audSpec_Rfilt_sma[13]_quartile1;audSpec_Rfilt_sma[13]_quartile2;audSpec_Rfilt_sma[13]_quartile3;audSpec_Rfilt_sma[13]_iqr1-2;audSpec_Rfilt_sma[13]_iqr2-3;audSpec_Rfilt_sma[13]_iqr1-3;audSpec_Rfilt_sma[13]_percentile1.0;audSpec_Rfilt_sma[13]_percentile99.0;audSpec_Rfilt_sma[13]_pctlrange0-1;audSpec_Rfilt_sma[13]_stddev;audSpec_Rfilt_sma[13]_skewness;audSpec_Rfilt_sma[13]_kurtosis;audSpec_Rfilt_sma[13]_meanSegLen;audSpec_Rfilt_sma[13]_maxSegLen;audSpec_Rfilt_sma[13]_minSegLen;audSpec_Rfilt_sma[13]_segLenStddev;audSpec_Rfilt_sma[13]_upleveltime25;audSpec_Rfilt_sma[13]_upleveltime50;audSpec_Rfilt_sma[13]_upleveltime75;audSpec_Rfilt_sma[13]_upleveltime90;audSpec_Rfilt_sma[13]_risetime;audSpec_Rfilt_sma[13]_leftctime;audSpec_Rfilt_sma[13]_lpgain;audSpec_Rfilt_sma[13]_lpc0;audSpec_Rfilt_sma[13]_lpc1;audSpec_Rfilt_sma[13]_lpc2;audSpec_Rfilt_sma[13]_lpc3;audSpec_Rfilt_sma[13]_lpc4;audSpec_Rfilt_sma[14]_range;audSpec_Rfilt_sma[14]_maxPos;audSpec_Rfilt_sma[14]_minPos;audSpec_Rfilt_sma[14]_quartile1;audSpec_Rfilt_sma[14]_quartile2;audSpec_Rfilt_sma[14]_quartile3;audSpec_Rfilt_sma[14]_iqr1-2;audSpec_Rfilt_sma[14]_iqr2-3;audSpec_Rfilt_sma[14]_iqr1-3;audSpec_Rfilt_sma[14]_percentile1.0;audSpec_Rfilt_sma[14]_percentile99.0;audSpec_Rfilt_sma[14]_pctlrange0-1;audSpec_Rfilt_sma[14]_stddev;audSpec_Rfilt_sma[14]_skewness;audSpec_Rfilt_sma[14]_kurtosis;audSpec_Rfilt_sma[14]_meanSegLen;audSpec_Rfilt_sma[14]_maxSegLen;audSpec_Rfilt_sma[14]_minSegLen;audSpec_Rfilt_sma[14]_segLenStddev;audSpec_Rfilt_sma[14]_upleveltime25;audSpec_Rfilt_sma[14]_upleveltime50;audSpec_Rfilt_sma[14]_upleveltime75;audSpec_Rfilt_sma[14]_upleveltime90;audSpec_Rfilt_sma[14]_risetime;audSpec_Rfilt_sma[14]_leftctime;audSpec_Rfilt_sma[14]_lpgain;audSpec_Rfilt_sma[14]_lpc0;audSpec_Rfilt_sma[14]_lpc1;audSpec_Rfilt_sma[14]_lpc2;audSpec_Rfilt_sma[14]_lpc3;audSpec_Rfilt_sma[14]_lpc4;audSpec_Rfilt_sma[15]_range;audSpec_Rfilt_sma[15]_maxPos;audSpec_Rfilt_sma[15]_minPos;audSpec_Rfilt_sma[15]_quartile1;audSpec_Rfilt_sma[15]_quartile2;audSpec_Rfilt_sma[15]_quartile3;audSpec_Rfilt_sma[15]_iqr1-2;audSpec_Rfilt_sma[15]_iqr2-3;audSpec_Rfilt_sma[15]_iqr1-3;audSpec_Rfilt_sma[15]_percentile1.0;audSpec_Rfilt_sma[15]_percentile99.0;audSpec_Rfilt_sma[15]_pctlrange0-1;audSpec_Rfilt_sma[15]_stddev;audSpec_Rfilt_sma[15]_skewness;audSpec_Rfilt_sma[15]_kurtosis;audSpec_Rfilt_sma[15]_meanSegLen;audSpec_Rfilt_sma[15]_maxSegLen;audSpec_Rfilt_sma[15]_minSegLen;audSpec_Rfilt_sma[15]_segLenStddev;audSpec_Rfilt_sma[15]_upleveltime25;audSpec_Rfilt_sma[15]_upleveltime50;audSpec_Rfilt_sma[15]_upleveltime75;audSpec_Rfilt_sma[15]_upleveltime90;audSpec_Rfilt_sma[15]_risetime;audSpec_Rfilt_sma[15]_leftctime;audSpec_Rfilt_sma[15]_lpgain;audSpec_Rfilt_sma[15]_lpc0;audSpec_Rfilt_sma[15]_lpc1;audSpec_Rfilt_sma[15]_lpc2;audSpec_Rfilt_sma[15]_lpc3;audSpec_Rfilt_sma[15]_lpc4;audSpec_Rfilt_sma[16]_range;audSpec_Rfilt_sma[16]_maxPos;audSpec_Rfilt_sma[16]_minPos;audSpec_Rfilt_sma[16]_quartile1;audSpec_Rfilt_sma[16]_quartile2;audSpec_Rfilt_sma[16]_quartile3;audSpec_Rfilt_sma[16]_iqr1-2;audSpec_Rfilt_sma[16]_iqr2-3;audSpec_Rfilt_sma[16]_iqr1-3;audSpec_Rfilt_sma[16]_percentile1.0;audSpec_Rfilt_sma[16]_percentile99.0;audSpec_Rfilt_sma[16]_pctlrange0-1;audSpec_Rfilt_sma[16]_stddev;audSpec_Rfilt_sma[16]_skewness;audSpec_Rfilt_sma[16]_kurtosis;audSpec_Rfilt_sma[16]_meanSegLen;audSpec_Rfilt_sma[16]_maxSegLen;audSpec_Rfilt_sma[16]_minSegLen;audSpec_Rfilt_sma[16]_segLenStddev;audSpec_Rfilt_sma[16]_upleveltime25;audSpec_Rfilt_sma[16]_upleveltime50;audSpec_Rfilt_sma[16]_upleveltime75;audSpec_Rfilt_sma[16]_upleveltime90;audSpec_Rfilt_sma[16]_risetime;audSpec_Rfilt_sma[16]_leftctime;audSpec_Rfilt_sma[16]_lpgain;audSpec_Rfilt_sma[16]_lpc0;audSpec_Rfilt_sma[16]_lpc1;audSpec_Rfilt_sma[16]_lpc2;audSpec_Rfilt_sma[16]_lpc3;audSpec_Rfilt_sma[16]_lpc4;audSpec_Rfilt_sma[17]_range;audSpec_Rfilt_sma[17]_maxPos;audSpec_Rfilt_sma[17]_minPos;audSpec_Rfilt_sma[17]_quartile1;audSpec_Rfilt_sma[17]_quartile2;audSpec_Rfilt_sma[17]_quartile3;audSpec_Rfilt_sma[17]_iqr1-2;audSpec_Rfilt_sma[17]_iqr2-3;audSpec_Rfilt_sma[17]_iqr1-3;audSpec_Rfilt_sma[17]_percentile1.0;audSpec_Rfilt_sma[17]_percentile99.0;audSpec_Rfilt_sma[17]_pctlrange0-1;audSpec_Rfilt_sma[17]_stddev;audSpec_Rfilt_sma[17]_skewness;audSpec_Rfilt_sma[17]_kurtosis;audSpec_Rfilt_sma[17]_meanSegLen;audSpec_Rfilt_sma[17]_maxSegLen;audSpec_Rfilt_sma[17]_minSegLen;audSpec_Rfilt_sma[17]_segLenStddev;audSpec_Rfilt_sma[17]_upleveltime25;audSpec_Rfilt_sma[17]_upleveltime50;audSpec_Rfilt_sma[17]_upleveltime75;audSpec_Rfilt_sma[17]_upleveltime90;audSpec_Rfilt_sma[17]_risetime;audSpec_Rfilt_sma[17]_leftctime;audSpec_Rfilt_sma[17]_lpgain;audSpec_Rfilt_sma[17]_lpc0;audSpec_Rfilt_sma[17]_lpc1;audSpec_Rfilt_sma[17]_lpc2;audSpec_Rfilt_sma[17]_lpc3;audSpec_Rfilt_sma[17]_lpc4;audSpec_Rfilt_sma[18]_range;audSpec_Rfilt_sma[18]_maxPos;audSpec_Rfilt_sma[18]_minPos;audSpec_Rfilt_sma[18]_quartile1;audSpec_Rfilt_sma[18]_quartile2;audSpec_Rfilt_sma[18]_quartile3;audSpec_Rfilt_sma[18]_iqr1-2;audSpec_Rfilt_sma[18]_iqr2-3;audSpec_Rfilt_sma[18]_iqr1-3;audSpec_Rfilt_sma[18]_percentile1.0;audSpec_Rfilt_sma[18]_percentile99.0;audSpec_Rfilt_sma[18]_pctlrange0-1;audSpec_Rfilt_sma[18]_stddev;audSpec_Rfilt_sma[18]_skewness;audSpec_Rfilt_sma[18]_kurtosis;audSpec_Rfilt_sma[18]_meanSegLen;audSpec_Rfilt_sma[18]_maxSegLen;audSpec_Rfilt_sma[18]_minSegLen;audSpec_Rfilt_sma[18]_segLenStddev;audSpec_Rfilt_sma[18]_upleveltime25;audSpec_Rfilt_sma[18]_upleveltime50;audSpec_Rfilt_sma[18]_upleveltime75;audSpec_Rfilt_sma[18]_upleveltime90;audSpec_Rfilt_sma[18]_risetime;audSpec_Rfilt_sma[18]_leftctime;audSpec_Rfilt_sma[18]_lpgain;audSpec_Rfilt_sma[18]_lpc0;audSpec_Rfilt_sma[18]_lpc1;audSpec_Rfilt_sma[18]_lpc2;audSpec_Rfilt_sma[18]_lpc3;audSpec_Rfilt_sma[18]_lpc4;audSpec_Rfilt_sma[19]_range;audSpec_Rfilt_sma[19]_maxPos;audSpec_Rfilt_sma[19]_minPos;audSpec_Rfilt_sma[19]_quartile1;audSpec_Rfilt_sma[19]_quartile2;audSpec_Rfilt_sma[19]_quartile3;audSpec_Rfilt_sma[19]_iqr1-2;audSpec_Rfilt_sma[19]_iqr2-3;audSpec_Rfilt_sma[19]_iqr1-3;audSpec_Rfilt_sma[19]_percentile1.0;audSpec_Rfilt_sma[19]_percentile99.0;audSpec_Rfilt_sma[19]_pctlrange0-1;audSpec_Rfilt_sma[19]_stddev;audSpec_Rfilt_sma[19]_skewness;audSpec_Rfilt_sma[19]_kurtosis;audSpec_Rfilt_sma[19]_meanSegLen;audSpec_Rfilt_sma[19]_maxSegLen;audSpec_Rfilt_sma[19]_minSegLen;audSpec_Rfilt_sma[19]_segLenStddev;audSpec_Rfilt_sma[19]_upleveltime25;audSpec_Rfilt_sma[19]_upleveltime50;audSpec_Rfilt_sma[19]_upleveltime75;audSpec_Rfilt_sma[19]_upleveltime90;audSpec_Rfilt_sma[19]_risetime;audSpec_Rfilt_sma[19]_leftctime;audSpec_Rfilt_sma[19]_lpgain;audSpec_Rfilt_sma[19]_lpc0;audSpec_Rfilt_sma[19]_lpc1;audSpec_Rfilt_sma[19]_lpc2;audSpec_Rfilt_sma[19]_lpc3;audSpec_Rfilt_sma[19]_lpc4;audSpec_Rfilt_sma[20]_range;audSpec_Rfilt_sma[20]_maxPos;audSpec_Rfilt_sma[20]_minPos;audSpec_Rfilt_sma[20]_quartile1;audSpec_Rfilt_sma[20]_quartile2;audSpec_Rfilt_sma[20]_quartile3;audSpec_Rfilt_sma[20]_iqr1-2;audSpec_Rfilt_sma[20]_iqr2-3;audSpec_Rfilt_sma[20]_iqr1-3;audSpec_Rfilt_sma[20]_percentile1.0;audSpec_Rfilt_sma[20]_percentile99.0;audSpec_Rfilt_sma[20]_pctlrange0-1;audSpec_Rfilt_sma[20]_stddev;audSpec_Rfilt_sma[20]_skewness;audSpec_Rfilt_sma[20]_kurtosis;audSpec_Rfilt_sma[20]_meanSegLen;audSpec_Rfilt_sma[20]_maxSegLen;audSpec_Rfilt_sma[20]_minSegLen;audSpec_Rfilt_sma[20]_segLenStddev;audSpec_Rfilt_sma[20]_upleveltime25;audSpec_Rfilt_sma[20]_upleveltime50;audSpec_Rfilt_sma[20]_upleveltime75;audSpec_Rfilt_sma[20]_upleveltime90;audSpec_Rfilt_sma[20]_risetime;audSpec_Rfilt_sma[20]_leftctime;audSpec_Rfilt_sma[20]_lpgain;audSpec_Rfilt_sma[20]_lpc0;audSpec_Rfilt_sma[20]_lpc1;audSpec_Rfilt_sma[20]_lpc2;audSpec_Rfilt_sma[20]_lpc3;audSpec_Rfilt_sma[20]_lpc4;audSpec_Rfilt_sma[21]_range;audSpec_Rfilt_sma[21]_maxPos;audSpec_Rfilt_sma[21]_minPos;audSpec_Rfilt_sma[21]_quartile1;audSpec_Rfilt_sma[21]_quartile2;audSpec_Rfilt_sma[21]_quartile3;audSpec_Rfilt_sma[21]_iqr1-2;audSpec_Rfilt_sma[21]_iqr2-3;audSpec_Rfilt_sma[21]_iqr1-3;audSpec_Rfilt_sma[21]_percentile1.0;audSpec_Rfilt_sma[21]_percentile99.0;audSpec_Rfilt_sma[21]_pctlrange0-1;audSpec_Rfilt_sma[21]_stddev;audSpec_Rfilt_sma[21]_skewness;audSpec_Rfilt_sma[21]_kurtosis;audSpec_Rfilt_sma[21]_meanSegLen;audSpec_Rfilt_sma[21]_maxSegLen;audSpec_Rfilt_sma[21]_minSegLen;audSpec_Rfilt_sma[21]_segLenStddev;audSpec_Rfilt_sma[21]_upleveltime25;audSpec_Rfilt_sma[21]_upleveltime50;audSpec_Rfilt_sma[21]_upleveltime75;audSpec_Rfilt_sma[21]_upleveltime90;audSpec_Rfilt_sma[21]_risetime;audSpec_Rfilt_sma[21]_leftctime;audSpec_Rfilt_sma[21]_lpgain;audSpec_Rfilt_sma[21]_lpc0;audSpec_Rfilt_sma[21]_lpc1;audSpec_Rfilt_sma[21]_lpc2;audSpec_Rfilt_sma[21]_lpc3;audSpec_Rfilt_sma[21]_lpc4;audSpec_Rfilt_sma[22]_range;audSpec_Rfilt_sma[22]_maxPos;audSpec_Rfilt_sma[22]_minPos;audSpec_Rfilt_sma[22]_quartile1;audSpec_Rfilt_sma[22]_quartile2;audSpec_Rfilt_sma[22]_quartile3;audSpec_Rfilt_sma[22]_iqr1-2;audSpec_Rfilt_sma[22]_iqr2-3;audSpec_Rfilt_sma[22]_iqr1-3;audSpec_Rfilt_sma[22]_percentile1.0;audSpec_Rfilt_sma[22]_percentile99.0;audSpec_Rfilt_sma[22]_pctlrange0-1;audSpec_Rfilt_sma[22]_stddev;audSpec_Rfilt_sma[22]_skewness;audSpec_Rfilt_sma[22]_kurtosis;audSpec_Rfilt_sma[22]_meanSegLen;audSpec_Rfilt_sma[22]_maxSegLen;audSpec_Rfilt_sma[22]_minSegLen;audSpec_Rfilt_sma[22]_segLenStddev;audSpec_Rfilt_sma[22]_upleveltime25;audSpec_Rfilt_sma[22]_upleveltime50;audSpec_Rfilt_sma[22]_upleveltime75;audSpec_Rfilt_sma[22]_upleveltime90;audSpec_Rfilt_sma[22]_risetime;audSpec_Rfilt_sma[22]_leftctime;audSpec_Rfilt_sma[22]_lpgain;audSpec_Rfilt_sma[22]_lpc0;audSpec_Rfilt_sma[22]_lpc1;audSpec_Rfilt_sma[22]_lpc2;audSpec_Rfilt_sma[22]_lpc3;audSpec_Rfilt_sma[22]_lpc4;audSpec_Rfilt_sma[23]_range;audSpec_Rfilt_sma[23]_maxPos;audSpec_Rfilt_sma[23]_minPos;audSpec_Rfilt_sma[23]_quartile1;audSpec_Rfilt_sma[23]_quartile2;audSpec_Rfilt_sma[23]_quartile3;audSpec_Rfilt_sma[23]_iqr1-2;audSpec_Rfilt_sma[23]_iqr2-3;audSpec_Rfilt_sma[23]_iqr1-3;audSpec_Rfilt_sma[23]_percentile1.0;audSpec_Rfilt_sma[23]_percentile99.0;audSpec_Rfilt_sma[23]_pctlrange0-1;audSpec_Rfilt_sma[23]_stddev;audSpec_Rfilt_sma[23]_skewness;audSpec_Rfilt_sma[23]_kurtosis;audSpec_Rfilt_sma[23]_meanSegLen;audSpec_Rfilt_sma[23]_maxSegLen;audSpec_Rfilt_sma[23]_minSegLen;audSpec_Rfilt_sma[23]_segLenStddev;audSpec_Rfilt_sma[23]_upleveltime25;audSpec_Rfilt_sma[23]_upleveltime50;audSpec_Rfilt_sma[23]_upleveltime75;audSpec_Rfilt_sma[23]_upleveltime90;audSpec_Rfilt_sma[23]_risetime;audSpec_Rfilt_sma[23]_leftctime;audSpec_Rfilt_sma[23]_lpgain;audSpec_Rfilt_sma[23]_lpc0;audSpec_Rfilt_sma[23]_lpc1;audSpec_Rfilt_sma[23]_lpc2;audSpec_Rfilt_sma[23]_lpc3;audSpec_Rfilt_sma[23]_lpc4;audSpec_Rfilt_sma[24]_range;audSpec_Rfilt_sma[24]_maxPos;audSpec_Rfilt_sma[24]_minPos;audSpec_Rfilt_sma[24]_quartile1;audSpec_Rfilt_sma[24]_quartile2;audSpec_Rfilt_sma[24]_quartile3;audSpec_Rfilt_sma[24]_iqr1-2;audSpec_Rfilt_sma[24]_iqr2-3;audSpec_Rfilt_sma[24]_iqr1-3;audSpec_Rfilt_sma[24]_percentile1.0;audSpec_Rfilt_sma[24]_percentile99.0;audSpec_Rfilt_sma[24]_pctlrange0-1;audSpec_Rfilt_sma[24]_stddev;audSpec_Rfilt_sma[24]_skewness;audSpec_Rfilt_sma[24]_kurtosis;audSpec_Rfilt_sma[24]_meanSegLen;audSpec_Rfilt_sma[24]_maxSegLen;audSpec_Rfilt_sma[24]_minSegLen;audSpec_Rfilt_sma[24]_segLenStddev;audSpec_Rfilt_sma[24]_upleveltime25;audSpec_Rfilt_sma[24]_upleveltime50;audSpec_Rfilt_sma[24]_upleveltime75;audSpec_Rfilt_sma[24]_upleveltime90;audSpec_Rfilt_sma[24]_risetime;audSpec_Rfilt_sma[24]_leftctime;audSpec_Rfilt_sma[24]_lpgain;audSpec_Rfilt_sma[24]_lpc0;audSpec_Rfilt_sma[24]_lpc1;audSpec_Rfilt_sma[24]_lpc2;audSpec_Rfilt_sma[24]_lpc3;audSpec_Rfilt_sma[24]_lpc4;audSpec_Rfilt_sma[25]_range;audSpec_Rfilt_sma[25]_maxPos;audSpec_Rfilt_sma[25]_minPos;audSpec_Rfilt_sma[25]_quartile1;audSpec_Rfilt_sma[25]_quartile2;audSpec_Rfilt_sma[25]_quartile3;audSpec_Rfilt_sma[25]_iqr1-2;audSpec_Rfilt_sma[25]_iqr2-3;audSpec_Rfilt_sma[25]_iqr1-3;audSpec_Rfilt_sma[25]_percentile1.0;audSpec_Rfilt_sma[25]_percentile99.0;audSpec_Rfilt_sma[25]_pctlrange0-1;audSpec_Rfilt_sma[25]_stddev;audSpec_Rfilt_sma[25]_skewness;audSpec_Rfilt_sma[25]_kurtosis;audSpec_Rfilt_sma[25]_meanSegLen;audSpec_Rfilt_sma[25]_maxSegLen;audSpec_Rfilt_sma[25]_minSegLen;audSpec_Rfilt_sma[25]_segLenStddev;audSpec_Rfilt_sma[25]_upleveltime25;audSpec_Rfilt_sma[25]_upleveltime50;audSpec_Rfilt_sma[25]_upleveltime75;audSpec_Rfilt_sma[25]_upleveltime90;audSpec_Rfilt_sma[25]_risetime;audSpec_Rfilt_sma[25]_leftctime;audSpec_Rfilt_sma[25]_lpgain;audSpec_Rfilt_sma[25]_lpc0;audSpec_Rfilt_sma[25]_lpc1;audSpec_Rfilt_sma[25]_lpc2;audSpec_Rfilt_sma[25]_lpc3;audSpec_Rfilt_sma[25]_lpc4;pcm_fftMag_fband250-650_sma_range;pcm_fftMag_fband250-650_sma_maxPos;pcm_fftMag_fband250-650_sma_minPos;pcm_fftMag_fband250-650_sma_quartile1;pcm_fftMag_fband250-650_sma_quartile2;pcm_fftMag_fband250-650_sma_quartile3;pcm_fftMag_fband250-650_sma_iqr1-2;pcm_fftMag_fband250-650_sma_iqr2-3;pcm_fftMag_fband250-650_sma_iqr1-3;pcm_fftMag_fband250-650_sma_percentile1.0;pcm_fftMag_fband250-650_sma_percentile99.0;pcm_fftMag_fband250-650_sma_pctlrange0-1;pcm_fftMag_fband250-650_sma_stddev;pcm_fftMag_fband250-650_sma_skewness;pcm_fftMag_fband250-650_sma_kurtosis;pcm_fftMag_fband250-650_sma_meanSegLen;pcm_fftMag_fband250-650_sma_maxSegLen;pcm_fftMag_fband250-650_sma_minSegLen;pcm_fftMag_fband250-650_sma_segLenStddev;pcm_fftMag_fband250-650_sma_upleveltime25;pcm_fftMag_fband250-650_sma_upleveltime50;pcm_fftMag_fband250-650_sma_upleveltime75;pcm_fftMag_fband250-650_sma_upleveltime90;pcm_fftMag_fband250-650_sma_risetime;pcm_fftMag_fband250-650_sma_leftctime;pcm_fftMag_fband250-650_sma_lpgain;pcm_fftMag_fband250-650_sma_lpc0;pcm_fftMag_fband250-650_sma_lpc1;pcm_fftMag_fband250-650_sma_lpc2;pcm_fftMag_fband250-650_sma_lpc3;pcm_fftMag_fband250-650_sma_lpc4;pcm_fftMag_fband1000-4000_sma_range;pcm_fftMag_fband1000-4000_sma_maxPos;pcm_fftMag_fband1000-4000_sma_minPos;pcm_fftMag_fband1000-4000_sma_quartile1;pcm_fftMag_fband1000-4000_sma_quartile2;pcm_fftMag_fband1000-4000_sma_quartile3;pcm_fftMag_fband1000-4000_sma_iqr1-2;pcm_fftMag_fband1000-4000_sma_iqr2-3;pcm_fftMag_fband1000-4000_sma_iqr1-3;pcm_fftMag_fband1000-4000_sma_percentile1.0;pcm_fftMag_fband1000-4000_sma_percentile99.0;pcm_fftMag_fband1000-4000_sma_pctlrange0-1;pcm_fftMag_fband1000-4000_sma_stddev;pcm_fftMag_fband1000-4000_sma_skewness;pcm_fftMag_fband1000-4000_sma_kurtosis;pcm_fftMag_fband1000-4000_sma_meanSegLen;pcm_fftMag_fband1000-4000_sma_maxSegLen;pcm_fftMag_fband1000-4000_sma_minSegLen;pcm_fftMag_fband1000-4000_sma_segLenStddev;pcm_fftMag_fband1000-4000_sma_upleveltime25;pcm_fftMag_fband1000-4000_sma_upleveltime50;pcm_fftMag_fband1000-4000_sma_upleveltime75;pcm_fftMag_fband1000-4000_sma_upleveltime90;pcm_fftMag_fband1000-4000_sma_risetime;pcm_fftMag_fband1000-4000_sma_leftctime;pcm_fftMag_fband1000-4000_sma_lpgain;pcm_fftMag_fband1000-4000_sma_lpc0;pcm_fftMag_fband1000-4000_sma_lpc1;pcm_fftMag_fband1000-4000_sma_lpc2;pcm_fftMag_fband1000-4000_sma_lpc3;pcm_fftMag_fband1000-4000_sma_lpc4;pcm_fftMag_spectralRollOff25.0_sma_range;pcm_fftMag_spectralRollOff25.0_sma_maxPos;pcm_fftMag_spectralRollOff25.0_sma_minPos;pcm_fftMag_spectralRollOff25.0_sma_quartile1;pcm_fftMag_spectralRollOff25.0_sma_quartile2;pcm_fftMag_spectralRollOff25.0_sma_quartile3;pcm_fftMag_spectralRollOff25.0_sma_iqr1-2;pcm_fftMag_spectralRollOff25.0_sma_iqr2-3;pcm_fftMag_spectralRollOff25.0_sma_iqr1-3;pcm_fftMag_spectralRollOff25.0_sma_percentile1.0;pcm_fftMag_spectralRollOff25.0_sma_percentile99.0;pcm_fftMag_spectralRollOff25.0_sma_pctlrange0-1;pcm_fftMag_spectralRollOff25.0_sma_stddev;pcm_fftMag_spectralRollOff25.0_sma_skewness;pcm_fftMag_spectralRollOff25.0_sma_kurtosis;pcm_fftMag_spectralRollOff25.0_sma_meanSegLen;pcm_fftMag_spectralRollOff25.0_sma_maxSegLen;pcm_fftMag_spectralRollOff25.0_sma_minSegLen;pcm_fftMag_spectralRollOff25.0_sma_segLenStddev;pcm_fftMag_spectralRollOff25.0_sma_upleveltime25;pcm_fftMag_spectralRollOff25.0_sma_upleveltime50;pcm_fftMag_spectralRollOff25.0_sma_upleveltime75;pcm_fftMag_spectralRollOff25.0_sma_upleveltime90;pcm_fftMag_spectralRollOff25.0_sma_risetime;pcm_fftMag_spectralRollOff25.0_sma_leftctime;pcm_fftMag_spectralRollOff25.0_sma_lpgain;pcm_fftMag_spectralRollOff25.0_sma_lpc0;pcm_fftMag_spectralRollOff25.0_sma_lpc1;pcm_fftMag_spectralRollOff25.0_sma_lpc2;pcm_fftMag_spectralRollOff25.0_sma_lpc3;pcm_fftMag_spectralRollOff25.0_sma_lpc4;pcm_fftMag_spectralRollOff50.0_sma_range;pcm_fftMag_spectralRollOff50.0_sma_maxPos;pcm_fftMag_spectralRollOff50.0_sma_minPos;pcm_fftMag_spectralRollOff50.0_sma_quartile1;pcm_fftMag_spectralRollOff50.0_sma_quartile2;pcm_fftMag_spectralRollOff50.0_sma_quartile3;pcm_fftMag_spectralRollOff50.0_sma_iqr1-2;pcm_fftMag_spectralRollOff50.0_sma_iqr2-3;pcm_fftMag_spectralRollOff50.0_sma_iqr1-3;pcm_fftMag_spectralRollOff50.0_sma_percentile1.0;pcm_fftMag_spectralRollOff50.0_sma_percentile99.0;pcm_fftMag_spectralRollOff50.0_sma_pctlrange0-1;pcm_fftMag_spectralRollOff50.0_sma_stddev;pcm_fftMag_spectralRollOff50.0_sma_skewness;pcm_fftMag_spectralRollOff50.0_sma_kurtosis;pcm_fftMag_spectralRollOff50.0_sma_meanSegLen;pcm_fftMag_spectralRollOff50.0_sma_maxSegLen;pcm_fftMag_spectralRollOff50.0_sma_minSegLen;pcm_fftMag_spectralRollOff50.0_sma_segLenStddev;pcm_fftMag_spectralRollOff50.0_sma_upleveltime25;pcm_fftMag_spectralRollOff50.0_sma_upleveltime50;pcm_fftMag_spectralRollOff50.0_sma_upleveltime75;pcm_fftMag_spectralRollOff50.0_sma_upleveltime90;pcm_fftMag_spectralRollOff50.0_sma_risetime;pcm_fftMag_spectralRollOff50.0_sma_leftctime;pcm_fftMag_spectralRollOff50.0_sma_lpgain;pcm_fftMag_spectralRollOff50.0_sma_lpc0;pcm_fftMag_spectralRollOff50.0_sma_lpc1;pcm_fftMag_spectralRollOff50.0_sma_lpc2;pcm_fftMag_spectralRollOff50.0_sma_lpc3;pcm_fftMag_spectralRollOff50.0_sma_lpc4;pcm_fftMag_spectralRollOff75.0_sma_range;pcm_fftMag_spectralRollOff75.0_sma_maxPos;pcm_fftMag_spectralRollOff75.0_sma_minPos;pcm_fftMag_spectralRollOff75.0_sma_quartile1;pcm_fftMag_spectralRollOff75.0_sma_quartile2;pcm_fftMag_spectralRollOff75.0_sma_quartile3;pcm_fftMag_spectralRollOff75.0_sma_iqr1-2;pcm_fftMag_spectralRollOff75.0_sma_iqr2-3;pcm_fftMag_spectralRollOff75.0_sma_iqr1-3;pcm_fftMag_spectralRollOff75.0_sma_percentile1.0;pcm_fftMag_spectralRollOff75.0_sma_percentile99.0;pcm_fftMag_spectralRollOff75.0_sma_pctlrange0-1;pcm_fftMag_spectralRollOff75.0_sma_stddev;pcm_fftMag_spectralRollOff75.0_sma_skewness;pcm_fftMag_spectralRollOff75.0_sma_kurtosis;pcm_fftMag_spectralRollOff75.0_sma_meanSegLen;pcm_fftMag_spectralRollOff75.0_sma_maxSegLen;pcm_fftMag_spectralRollOff75.0_sma_minSegLen;pcm_fftMag_spectralRollOff75.0_sma_segLenStddev;pcm_fftMag_spectralRollOff75.0_sma_upleveltime25;pcm_fftMag_spectralRollOff75.0_sma_upleveltime50;pcm_fftMag_spectralRollOff75.0_sma_upleveltime75;pcm_fftMag_spectralRollOff75.0_sma_upleveltime90;pcm_fftMag_spectralRollOff75.0_sma_risetime;pcm_fftMag_spectralRollOff75.0_sma_leftctime;pcm_fftMag_spectralRollOff75.0_sma_lpgain;pcm_fftMag_spectralRollOff75.0_sma_lpc0;pcm_fftMag_spectralRollOff75.0_sma_lpc1;pcm_fftMag_spectralRollOff75.0_sma_lpc2;pcm_fftMag_spectralRollOff75.0_sma_lpc3;pcm_fftMag_spectralRollOff75.0_sma_lpc4;pcm_fftMag_spectralRollOff90.0_sma_range;pcm_fftMag_spectralRollOff90.0_sma_maxPos;pcm_fftMag_spectralRollOff90.0_sma_minPos;pcm_fftMag_spectralRollOff90.0_sma_quartile1;pcm_fftMag_spectralRollOff90.0_sma_quartile2;pcm_fftMag_spectralRollOff90.0_sma_quartile3;pcm_fftMag_spectralRollOff90.0_sma_iqr1-2;pcm_fftMag_spectralRollOff90.0_sma_iqr2-3;pcm_fftMag_spectralRollOff90.0_sma_iqr1-3;pcm_fftMag_spectralRollOff90.0_sma_percentile1.0;pcm_fftMag_spectralRollOff90.0_sma_percentile99.0;pcm_fftMag_spectralRollOff90.0_sma_pctlrange0-1;pcm_fftMag_spectralRollOff90.0_sma_stddev;pcm_fftMag_spectralRollOff90.0_sma_skewness;pcm_fftMag_spectralRollOff90.0_sma_kurtosis;pcm_fftMag_spectralRollOff90.0_sma_meanSegLen;pcm_fftMag_spectralRollOff90.0_sma_maxSegLen;pcm_fftMag_spectralRollOff90.0_sma_minSegLen;pcm_fftMag_spectralRollOff90.0_sma_segLenStddev;pcm_fftMag_spectralRollOff90.0_sma_upleveltime25;pcm_fftMag_spectralRollOff90.0_sma_upleveltime50;pcm_fftMag_spectralRollOff90.0_sma_upleveltime75;pcm_fftMag_spectralRollOff90.0_sma_upleveltime90;pcm_fftMag_spectralRollOff90.0_sma_risetime;pcm_fftMag_spectralRollOff90.0_sma_leftctime;pcm_fftMag_spectralRollOff90.0_sma_lpgain;pcm_fftMag_spectralRollOff90.0_sma_lpc0;pcm_fftMag_spectralRollOff90.0_sma_lpc1;pcm_fftMag_spectralRollOff90.0_sma_lpc2;pcm_fftMag_spectralRollOff90.0_sma_lpc3;pcm_fftMag_spectralRollOff90.0_sma_lpc4;pcm_fftMag_spectralFlux_sma_range;pcm_fftMag_spectralFlux_sma_maxPos;pcm_fftMag_spectralFlux_sma_minPos;pcm_fftMag_spectralFlux_sma_quartile1;pcm_fftMag_spectralFlux_sma_quartile2;pcm_fftMag_spectralFlux_sma_quartile3;pcm_fftMag_spectralFlux_sma_iqr1-2;pcm_fftMag_spectralFlux_sma_iqr2-3;pcm_fftMag_spectralFlux_sma_iqr1-3;pcm_fftMag_spectralFlux_sma_percentile1.0;pcm_fftMag_spectralFlux_sma_percentile99.0;pcm_fftMag_spectralFlux_sma_pctlrange0-1;pcm_fftMag_spectralFlux_sma_stddev;pcm_fftMag_spectralFlux_sma_skewness;pcm_fftMag_spectralFlux_sma_kurtosis;pcm_fftMag_spectralFlux_sma_meanSegLen;pcm_fftMag_spectralFlux_sma_maxSegLen;pcm_fftMag_spectralFlux_sma_minSegLen;pcm_fftMag_spectralFlux_sma_segLenStddev;pcm_fftMag_spectralFlux_sma_upleveltime25;pcm_fftMag_spectralFlux_sma_upleveltime50;pcm_fftMag_spectralFlux_sma_upleveltime75;pcm_fftMag_spectralFlux_sma_upleveltime90;pcm_fftMag_spectralFlux_sma_risetime;pcm_fftMag_spectralFlux_sma_leftctime;pcm_fftMag_spectralFlux_sma_lpgain;pcm_fftMag_spectralFlux_sma_lpc0;pcm_fftMag_spectralFlux_sma_lpc1;pcm_fftMag_spectralFlux_sma_lpc2;pcm_fftMag_spectralFlux_sma_lpc3;pcm_fftMag_spectralFlux_sma_lpc4;pcm_fftMag_spectralCentroid_sma_range;pcm_fftMag_spectralCentroid_sma_maxPos;pcm_fftMag_spectralCentroid_sma_minPos;pcm_fftMag_spectralCentroid_sma_quartile1;pcm_fftMag_spectralCentroid_sma_quartile2;pcm_fftMag_spectralCentroid_sma_quartile3;pcm_fftMag_spectralCentroid_sma_iqr1-2;pcm_fftMag_spectralCentroid_sma_iqr2-3;pcm_fftMag_spectralCentroid_sma_iqr1-3;pcm_fftMag_spectralCentroid_sma_percentile1.0;pcm_fftMag_spectralCentroid_sma_percentile99.0;pcm_fftMag_spectralCentroid_sma_pctlrange0-1;pcm_fftMag_spectralCentroid_sma_stddev;pcm_fftMag_spectralCentroid_sma_skewness;pcm_fftMag_spectralCentroid_sma_kurtosis;pcm_fftMag_spectralCentroid_sma_meanSegLen;pcm_fftMag_spectralCentroid_sma_maxSegLen;pcm_fftMag_spectralCentroid_sma_minSegLen;pcm_fftMag_spectralCentroid_sma_segLenStddev;pcm_fftMag_spectralCentroid_sma_upleveltime25;pcm_fftMag_spectralCentroid_sma_upleveltime50;pcm_fftMag_spectralCentroid_sma_upleveltime75;pcm_fftMag_spectralCentroid_sma_upleveltime90;pcm_fftMag_spectralCentroid_sma_risetime;pcm_fftMag_spectralCentroid_sma_leftctime;pcm_fftMag_spectralCentroid_sma_lpgain;pcm_fftMag_spectralCentroid_sma_lpc0;pcm_fftMag_spectralCentroid_sma_lpc1;pcm_fftMag_spectralCentroid_sma_lpc2;pcm_fftMag_spectralCentroid_sma_lpc3;pcm_fftMag_spectralCentroid_sma_lpc4;pcm_fftMag_spectralEntropy_sma_range;pcm_fftMag_spectralEntropy_sma_maxPos;pcm_fftMag_spectralEntropy_sma_minPos;pcm_fftMag_spectralEntropy_sma_quartile1;pcm_fftMag_spectralEntropy_sma_quartile2;pcm_fftMag_spectralEntropy_sma_quartile3;pcm_fftMag_spectralEntropy_sma_iqr1-2;pcm_fftMag_spectralEntropy_sma_iqr2-3;pcm_fftMag_spectralEntropy_sma_iqr1-3;pcm_fftMag_spectralEntropy_sma_percentile1.0;pcm_fftMag_spectralEntropy_sma_percentile99.0;pcm_fftMag_spectralEntropy_sma_pctlrange0-1;pcm_fftMag_spectralEntropy_sma_stddev;pcm_fftMag_spectralEntropy_sma_skewness;pcm_fftMag_spectralEntropy_sma_kurtosis;pcm_fftMag_spectralEntropy_sma_meanSegLen;pcm_fftMag_spectralEntropy_sma_maxSegLen;pcm_fftMag_spectralEntropy_sma_minSegLen;pcm_fftMag_spectralEntropy_sma_segLenStddev;pcm_fftMag_spectralEntropy_sma_upleveltime25;pcm_fftMag_spectralEntropy_sma_upleveltime50;pcm_fftMag_spectralEntropy_sma_upleveltime75;pcm_fftMag_spectralEntropy_sma_upleveltime90;pcm_fftMag_spectralEntropy_sma_risetime;pcm_fftMag_spectralEntropy_sma_leftctime;pcm_fftMag_spectralEntropy_sma_lpgain;pcm_fftMag_spectralEntropy_sma_lpc0;pcm_fftMag_spectralEntropy_sma_lpc1;pcm_fftMag_spectralEntropy_sma_lpc2;pcm_fftMag_spectralEntropy_sma_lpc3;pcm_fftMag_spectralEntropy_sma_lpc4;pcm_fftMag_spectralVariance_sma_range;pcm_fftMag_spectralVariance_sma_maxPos;pcm_fftMag_spectralVariance_sma_minPos;pcm_fftMag_spectralVariance_sma_quartile1;pcm_fftMag_spectralVariance_sma_quartile2;pcm_fftMag_spectralVariance_sma_quartile3;pcm_fftMag_spectralVariance_sma_iqr1-2;pcm_fftMag_spectralVariance_sma_iqr2-3;pcm_fftMag_spectralVariance_sma_iqr1-3;pcm_fftMag_spectralVariance_sma_percentile1.0;pcm_fftMag_spectralVariance_sma_percentile99.0;pcm_fftMag_spectralVariance_sma_pctlrange0-1;pcm_fftMag_spectralVariance_sma_stddev;pcm_fftMag_spectralVariance_sma_skewness;pcm_fftMag_spectralVariance_sma_kurtosis;pcm_fftMag_spectralVariance_sma_meanSegLen;pcm_fftMag_spectralVariance_sma_maxSegLen;pcm_fftMag_spectralVariance_sma_minSegLen;pcm_fftMag_spectralVariance_sma_segLenStddev;pcm_fftMag_spectralVariance_sma_upleveltime25;pcm_fftMag_spectralVariance_sma_upleveltime50;pcm_fftMag_spectralVariance_sma_upleveltime75;pcm_fftMag_spectralVariance_sma_upleveltime90;pcm_fftMag_spectralVariance_sma_risetime;pcm_fftMag_spectralVariance_sma_leftctime;pcm_fftMag_spectralVariance_sma_lpgain;pcm_fftMag_spectralVariance_sma_lpc0;pcm_fftMag_spectralVariance_sma_lpc1;pcm_fftMag_spectralVariance_sma_lpc2;pcm_fftMag_spectralVariance_sma_lpc3;pcm_fftMag_spectralVariance_sma_lpc4;pcm_fftMag_spectralSkewness_sma_range;pcm_fftMag_spectralSkewness_sma_maxPos;pcm_fftMag_spectralSkewness_sma_minPos;pcm_fftMag_spectralSkewness_sma_quartile1;pcm_fftMag_spectralSkewness_sma_quartile2;pcm_fftMag_spectralSkewness_sma_quartile3;pcm_fftMag_spectralSkewness_sma_iqr1-2;pcm_fftMag_spectralSkewness_sma_iqr2-3;pcm_fftMag_spectralSkewness_sma_iqr1-3;pcm_fftMag_spectralSkewness_sma_percentile1.0;pcm_fftMag_spectralSkewness_sma_percentile99.0;pcm_fftMag_spectralSkewness_sma_pctlrange0-1;pcm_fftMag_spectralSkewness_sma_stddev;pcm_fftMag_spectralSkewness_sma_skewness;pcm_fftMag_spectralSkewness_sma_kurtosis;pcm_fftMag_spectralSkewness_sma_meanSegLen;pcm_fftMag_spectralSkewness_sma_maxSegLen;pcm_fftMag_spectralSkewness_sma_minSegLen;pcm_fftMag_spectralSkewness_sma_segLenStddev;pcm_fftMag_spectralSkewness_sma_upleveltime25;pcm_fftMag_spectralSkewness_sma_upleveltime50;pcm_fftMag_spectralSkewness_sma_upleveltime75;pcm_fftMag_spectralSkewness_sma_upleveltime90;pcm_fftMag_spectralSkewness_sma_risetime;pcm_fftMag_spectralSkewness_sma_leftctime;pcm_fftMag_spectralSkewness_sma_lpgain;pcm_fftMag_spectralSkewness_sma_lpc0;pcm_fftMag_spectralSkewness_sma_lpc1;pcm_fftMag_spectralSkewness_sma_lpc2;pcm_fftMag_spectralSkewness_sma_lpc3;pcm_fftMag_spectralSkewness_sma_lpc4;pcm_fftMag_spectralKurtosis_sma_range;pcm_fftMag_spectralKurtosis_sma_maxPos;pcm_fftMag_spectralKurtosis_sma_minPos;pcm_fftMag_spectralKurtosis_sma_quartile1;pcm_fftMag_spectralKurtosis_sma_quartile2;pcm_fftMag_spectralKurtosis_sma_quartile3;pcm_fftMag_spectralKurtosis_sma_iqr1-2;pcm_fftMag_spectralKurtosis_sma_iqr2-3;pcm_fftMag_spectralKurtosis_sma_iqr1-3;pcm_fftMag_spectralKurtosis_sma_percentile1.0;pcm_fftMag_spectralKurtosis_sma_percentile99.0;pcm_fftMag_spectralKurtosis_sma_pctlrange0-1;pcm_fftMag_spectralKurtosis_sma_stddev;pcm_fftMag_spectralKurtosis_sma_skewness;pcm_fftMag_spectralKurtosis_sma_kurtosis;pcm_fftMag_spectralKurtosis_sma_meanSegLen;pcm_fftMag_spectralKurtosis_sma_maxSegLen;pcm_fftMag_spectralKurtosis_sma_minSegLen;pcm_fftMag_spectralKurtosis_sma_segLenStddev;pcm_fftMag_spectralKurtosis_sma_upleveltime25;pcm_fftMag_spectralKurtosis_sma_upleveltime50;pcm_fftMag_spectralKurtosis_sma_upleveltime75;pcm_fftMag_spectralKurtosis_sma_upleveltime90;pcm_fftMag_spectralKurtosis_sma_risetime;pcm_fftMag_spectralKurtosis_sma_leftctime;pcm_fftMag_spectralKurtosis_sma_lpgain;pcm_fftMag_spectralKurtosis_sma_lpc0;pcm_fftMag_spectralKurtosis_sma_lpc1;pcm_fftMag_spectralKurtosis_sma_lpc2;pcm_fftMag_spectralKurtosis_sma_lpc3;pcm_fftMag_spectralKurtosis_sma_lpc4;pcm_fftMag_spectralSlope_sma_range;pcm_fftMag_spectralSlope_sma_maxPos;pcm_fftMag_spectralSlope_sma_minPos;pcm_fftMag_spectralSlope_sma_quartile1;pcm_fftMag_spectralSlope_sma_quartile2;pcm_fftMag_spectralSlope_sma_quartile3;pcm_fftMag_spectralSlope_sma_iqr1-2;pcm_fftMag_spectralSlope_sma_iqr2-3;pcm_fftMag_spectralSlope_sma_iqr1-3;pcm_fftMag_spectralSlope_sma_percentile1.0;pcm_fftMag_spectralSlope_sma_percentile99.0;pcm_fftMag_spectralSlope_sma_pctlrange0-1;pcm_fftMag_spectralSlope_sma_stddev;pcm_fftMag_spectralSlope_sma_skewness;pcm_fftMag_spectralSlope_sma_kurtosis;pcm_fftMag_spectralSlope_sma_meanSegLen;pcm_fftMag_spectralSlope_sma_maxSegLen;pcm_fftMag_spectralSlope_sma_minSegLen;pcm_fftMag_spectralSlope_sma_segLenStddev;pcm_fftMag_spectralSlope_sma_upleveltime25;pcm_fftMag_spectralSlope_sma_upleveltime50;pcm_fftMag_spectralSlope_sma_upleveltime75;pcm_fftMag_spectralSlope_sma_upleveltime90;pcm_fftMag_spectralSlope_sma_risetime;pcm_fftMag_spectralSlope_sma_leftctime;pcm_fftMag_spectralSlope_sma_lpgain;pcm_fftMag_spectralSlope_sma_lpc0;pcm_fftMag_spectralSlope_sma_lpc1;pcm_fftMag_spectralSlope_sma_lpc2;pcm_fftMag_spectralSlope_sma_lpc3;pcm_fftMag_spectralSlope_sma_lpc4;pcm_fftMag_psySharpness_sma_range;pcm_fftMag_psySharpness_sma_maxPos;pcm_fftMag_psySharpness_sma_minPos;pcm_fftMag_psySharpness_sma_quartile1;pcm_fftMag_psySharpness_sma_quartile2;pcm_fftMag_psySharpness_sma_quartile3;pcm_fftMag_psySharpness_sma_iqr1-2;pcm_fftMag_psySharpness_sma_iqr2-3;pcm_fftMag_psySharpness_sma_iqr1-3;pcm_fftMag_psySharpness_sma_percentile1.0;pcm_fftMag_psySharpness_sma_percentile99.0;pcm_fftMag_psySharpness_sma_pctlrange0-1;pcm_fftMag_psySharpness_sma_stddev;pcm_fftMag_psySharpness_sma_skewness;pcm_fftMag_psySharpness_sma_kurtosis;pcm_fftMag_psySharpness_sma_meanSegLen;pcm_fftMag_psySharpness_sma_maxSegLen;pcm_fftMag_psySharpness_sma_minSegLen;pcm_fftMag_psySharpness_sma_segLenStddev;pcm_fftMag_psySharpness_sma_upleveltime25;pcm_fftMag_psySharpness_sma_upleveltime50;pcm_fftMag_psySharpness_sma_upleveltime75;pcm_fftMag_psySharpness_sma_upleveltime90;pcm_fftMag_psySharpness_sma_risetime;pcm_fftMag_psySharpness_sma_leftctime;pcm_fftMag_psySharpness_sma_lpgain;pcm_fftMag_psySharpness_sma_lpc0;pcm_fftMag_psySharpness_sma_lpc1;pcm_fftMag_psySharpness_sma_lpc2;pcm_fftMag_psySharpness_sma_lpc3;pcm_fftMag_psySharpness_sma_lpc4;pcm_fftMag_spectralHarmonicity_sma_range;pcm_fftMag_spectralHarmonicity_sma_maxPos;pcm_fftMag_spectralHarmonicity_sma_minPos;pcm_fftMag_spectralHarmonicity_sma_quartile1;pcm_fftMag_spectralHarmonicity_sma_quartile2;pcm_fftMag_spectralHarmonicity_sma_quartile3;pcm_fftMag_spectralHarmonicity_sma_iqr1-2;pcm_fftMag_spectralHarmonicity_sma_iqr2-3;pcm_fftMag_spectralHarmonicity_sma_iqr1-3;pcm_fftMag_spectralHarmonicity_sma_percentile1.0;pcm_fftMag_spectralHarmonicity_sma_percentile99.0;pcm_fftMag_spectralHarmonicity_sma_pctlrange0-1;pcm_fftMag_spectralHarmonicity_sma_stddev;pcm_fftMag_spectralHarmonicity_sma_skewness;pcm_fftMag_spectralHarmonicity_sma_kurtosis;pcm_fftMag_spectralHarmonicity_sma_meanSegLen;pcm_fftMag_spectralHarmonicity_sma_maxSegLen;pcm_fftMag_spectralHarmonicity_sma_minSegLen;pcm_fftMag_spectralHarmonicity_sma_segLenStddev;pcm_fftMag_spectralHarmonicity_sma_upleveltime25;pcm_fftMag_spectralHarmonicity_sma_upleveltime50;pcm_fftMag_spectralHarmonicity_sma_upleveltime75;pcm_fftMag_spectralHarmonicity_sma_upleveltime90;pcm_fftMag_spectralHarmonicity_sma_risetime;pcm_fftMag_spectralHarmonicity_sma_leftctime;pcm_fftMag_spectralHarmonicity_sma_lpgain;pcm_fftMag_spectralHarmonicity_sma_lpc0;pcm_fftMag_spectralHarmonicity_sma_lpc1;pcm_fftMag_spectralHarmonicity_sma_lpc2;pcm_fftMag_spectralHarmonicity_sma_lpc3;pcm_fftMag_spectralHarmonicity_sma_lpc4;mfcc_sma[1]_range;mfcc_sma[1]_maxPos;mfcc_sma[1]_minPos;mfcc_sma[1]_quartile1;mfcc_sma[1]_quartile2;mfcc_sma[1]_quartile3;mfcc_sma[1]_iqr1-2;mfcc_sma[1]_iqr2-3;mfcc_sma[1]_iqr1-3;mfcc_sma[1]_percentile1.0;mfcc_sma[1]_percentile99.0;mfcc_sma[1]_pctlrange0-1;mfcc_sma[1]_stddev;mfcc_sma[1]_skewness;mfcc_sma[1]_kurtosis;mfcc_sma[1]_meanSegLen;mfcc_sma[1]_maxSegLen;mfcc_sma[1]_minSegLen;mfcc_sma[1]_segLenStddev;mfcc_sma[1]_upleveltime25;mfcc_sma[1]_upleveltime50;mfcc_sma[1]_upleveltime75;mfcc_sma[1]_upleveltime90;mfcc_sma[1]_risetime;mfcc_sma[1]_leftctime;mfcc_sma[1]_lpgain;mfcc_sma[1]_lpc0;mfcc_sma[1]_lpc1;mfcc_sma[1]_lpc2;mfcc_sma[1]_lpc3;mfcc_sma[1]_lpc4;mfcc_sma[2]_range;mfcc_sma[2]_maxPos;mfcc_sma[2]_minPos;mfcc_sma[2]_quartile1;mfcc_sma[2]_quartile2;mfcc_sma[2]_quartile3;mfcc_sma[2]_iqr1-2;mfcc_sma[2]_iqr2-3;mfcc_sma[2]_iqr1-3;mfcc_sma[2]_percentile1.0;mfcc_sma[2]_percentile99.0;mfcc_sma[2]_pctlrange0-1;mfcc_sma[2]_stddev;mfcc_sma[2]_skewness;mfcc_sma[2]_kurtosis;mfcc_sma[2]_meanSegLen;mfcc_sma[2]_maxSegLen;mfcc_sma[2]_minSegLen;mfcc_sma[2]_segLenStddev;mfcc_sma[2]_upleveltime25;mfcc_sma[2]_upleveltime50;mfcc_sma[2]_upleveltime75;mfcc_sma[2]_upleveltime90;mfcc_sma[2]_risetime;mfcc_sma[2]_leftctime;mfcc_sma[2]_lpgain;mfcc_sma[2]_lpc0;mfcc_sma[2]_lpc1;mfcc_sma[2]_lpc2;mfcc_sma[2]_lpc3;mfcc_sma[2]_lpc4;mfcc_sma[3]_range;mfcc_sma[3]_maxPos;mfcc_sma[3]_minPos;mfcc_sma[3]_quartile1;mfcc_sma[3]_quartile2;mfcc_sma[3]_quartile3;mfcc_sma[3]_iqr1-2;mfcc_sma[3]_iqr2-3;mfcc_sma[3]_iqr1-3;mfcc_sma[3]_percentile1.0;mfcc_sma[3]_percentile99.0;mfcc_sma[3]_pctlrange0-1;mfcc_sma[3]_stddev;mfcc_sma[3]_skewness;mfcc_sma[3]_kurtosis;mfcc_sma[3]_meanSegLen;mfcc_sma[3]_maxSegLen;mfcc_sma[3]_minSegLen;mfcc_sma[3]_segLenStddev;mfcc_sma[3]_upleveltime25;mfcc_sma[3]_upleveltime50;mfcc_sma[3]_upleveltime75;mfcc_sma[3]_upleveltime90;mfcc_sma[3]_risetime;mfcc_sma[3]_leftctime;mfcc_sma[3]_lpgain;mfcc_sma[3]_lpc0;mfcc_sma[3]_lpc1;mfcc_sma[3]_lpc2;mfcc_sma[3]_lpc3;mfcc_sma[3]_lpc4;mfcc_sma[4]_range;mfcc_sma[4]_maxPos;mfcc_sma[4]_minPos;mfcc_sma[4]_quartile1;mfcc_sma[4]_quartile2;mfcc_sma[4]_quartile3;mfcc_sma[4]_iqr1-2;mfcc_sma[4]_iqr2-3;mfcc_sma[4]_iqr1-3;mfcc_sma[4]_percentile1.0;mfcc_sma[4]_percentile99.0;mfcc_sma[4]_pctlrange0-1;mfcc_sma[4]_stddev;mfcc_sma[4]_skewness;mfcc_sma[4]_kurtosis;mfcc_sma[4]_meanSegLen;mfcc_sma[4]_maxSegLen;mfcc_sma[4]_minSegLen;mfcc_sma[4]_segLenStddev;mfcc_sma[4]_upleveltime25;mfcc_sma[4]_upleveltime50;mfcc_sma[4]_upleveltime75;mfcc_sma[4]_upleveltime90;mfcc_sma[4]_risetime;mfcc_sma[4]_leftctime;mfcc_sma[4]_lpgain;mfcc_sma[4]_lpc0;mfcc_sma[4]_lpc1;mfcc_sma[4]_lpc2;mfcc_sma[4]_lpc3;mfcc_sma[4]_lpc4;mfcc_sma[5]_range;mfcc_sma[5]_maxPos;mfcc_sma[5]_minPos;mfcc_sma[5]_quartile1;mfcc_sma[5]_quartile2;mfcc_sma[5]_quartile3;mfcc_sma[5]_iqr1-2;mfcc_sma[5]_iqr2-3;mfcc_sma[5]_iqr1-3;mfcc_sma[5]_percentile1.0;mfcc_sma[5]_percentile99.0;mfcc_sma[5]_pctlrange0-1;mfcc_sma[5]_stddev;mfcc_sma[5]_skewness;mfcc_sma[5]_kurtosis;mfcc_sma[5]_meanSegLen;mfcc_sma[5]_maxSegLen;mfcc_sma[5]_minSegLen;mfcc_sma[5]_segLenStddev;mfcc_sma[5]_upleveltime25;mfcc_sma[5]_upleveltime50;mfcc_sma[5]_upleveltime75;mfcc_sma[5]_upleveltime90;mfcc_sma[5]_risetime;mfcc_sma[5]_leftctime;mfcc_sma[5]_lpgain;mfcc_sma[5]_lpc0;mfcc_sma[5]_lpc1;mfcc_sma[5]_lpc2;mfcc_sma[5]_lpc3;mfcc_sma[5]_lpc4;mfcc_sma[6]_range;mfcc_sma[6]_maxPos;mfcc_sma[6]_minPos;mfcc_sma[6]_quartile1;mfcc_sma[6]_quartile2;mfcc_sma[6]_quartile3;mfcc_sma[6]_iqr1-2;mfcc_sma[6]_iqr2-3;mfcc_sma[6]_iqr1-3;mfcc_sma[6]_percentile1.0;mfcc_sma[6]_percentile99.0;mfcc_sma[6]_pctlrange0-1;mfcc_sma[6]_stddev;mfcc_sma[6]_skewness;mfcc_sma[6]_kurtosis;mfcc_sma[6]_meanSegLen;mfcc_sma[6]_maxSegLen;mfcc_sma[6]_minSegLen;mfcc_sma[6]_segLenStddev;mfcc_sma[6]_upleveltime25;mfcc_sma[6]_upleveltime50;mfcc_sma[6]_upleveltime75;mfcc_sma[6]_upleveltime90;mfcc_sma[6]_risetime;mfcc_sma[6]_leftctime;mfcc_sma[6]_lpgain;mfcc_sma[6]_lpc0;mfcc_sma[6]_lpc1;mfcc_sma[6]_lpc2;mfcc_sma[6]_lpc3;mfcc_sma[6]_lpc4;mfcc_sma[7]_range;mfcc_sma[7]_maxPos;mfcc_sma[7]_minPos;mfcc_sma[7]_quartile1;mfcc_sma[7]_quartile2;mfcc_sma[7]_quartile3;mfcc_sma[7]_iqr1-2;mfcc_sma[7]_iqr2-3;mfcc_sma[7]_iqr1-3;mfcc_sma[7]_percentile1.0;mfcc_sma[7]_percentile99.0;mfcc_sma[7]_pctlrange0-1;mfcc_sma[7]_stddev;mfcc_sma[7]_skewness;mfcc_sma[7]_kurtosis;mfcc_sma[7]_meanSegLen;mfcc_sma[7]_maxSegLen;mfcc_sma[7]_minSegLen;mfcc_sma[7]_segLenStddev;mfcc_sma[7]_upleveltime25;mfcc_sma[7]_upleveltime50;mfcc_sma[7]_upleveltime75;mfcc_sma[7]_upleveltime90;mfcc_sma[7]_risetime;mfcc_sma[7]_leftctime;mfcc_sma[7]_lpgain;mfcc_sma[7]_lpc0;mfcc_sma[7]_lpc1;mfcc_sma[7]_lpc2;mfcc_sma[7]_lpc3;mfcc_sma[7]_lpc4;mfcc_sma[8]_range;mfcc_sma[8]_maxPos;mfcc_sma[8]_minPos;mfcc_sma[8]_quartile1;mfcc_sma[8]_quartile2;mfcc_sma[8]_quartile3;mfcc_sma[8]_iqr1-2;mfcc_sma[8]_iqr2-3;mfcc_sma[8]_iqr1-3;mfcc_sma[8]_percentile1.0;mfcc_sma[8]_percentile99.0;mfcc_sma[8]_pctlrange0-1;mfcc_sma[8]_stddev;mfcc_sma[8]_skewness;mfcc_sma[8]_kurtosis;mfcc_sma[8]_meanSegLen;mfcc_sma[8]_maxSegLen;mfcc_sma[8]_minSegLen;mfcc_sma[8]_segLenStddev;mfcc_sma[8]_upleveltime25;mfcc_sma[8]_upleveltime50;mfcc_sma[8]_upleveltime75;mfcc_sma[8]_upleveltime90;mfcc_sma[8]_risetime;mfcc_sma[8]_leftctime;mfcc_sma[8]_lpgain;mfcc_sma[8]_lpc0;mfcc_sma[8]_lpc1;mfcc_sma[8]_lpc2;mfcc_sma[8]_lpc3;mfcc_sma[8]_lpc4;mfcc_sma[9]_range;mfcc_sma[9]_maxPos;mfcc_sma[9]_minPos;mfcc_sma[9]_quartile1;mfcc_sma[9]_quartile2;mfcc_sma[9]_quartile3;mfcc_sma[9]_iqr1-2;mfcc_sma[9]_iqr2-3;mfcc_sma[9]_iqr1-3;mfcc_sma[9]_percentile1.0;mfcc_sma[9]_percentile99.0;mfcc_sma[9]_pctlrange0-1;mfcc_sma[9]_stddev;mfcc_sma[9]_skewness;mfcc_sma[9]_kurtosis;mfcc_sma[9]_meanSegLen;mfcc_sma[9]_maxSegLen;mfcc_sma[9]_minSegLen;mfcc_sma[9]_segLenStddev;mfcc_sma[9]_upleveltime25;mfcc_sma[9]_upleveltime50;mfcc_sma[9]_upleveltime75;mfcc_sma[9]_upleveltime90;mfcc_sma[9]_risetime;mfcc_sma[9]_leftctime;mfcc_sma[9]_lpgain;mfcc_sma[9]_lpc0;mfcc_sma[9]_lpc1;mfcc_sma[9]_lpc2;mfcc_sma[9]_lpc3;mfcc_sma[9]_lpc4;mfcc_sma[10]_range;mfcc_sma[10]_maxPos;mfcc_sma[10]_minPos;mfcc_sma[10]_quartile1;mfcc_sma[10]_quartile2;mfcc_sma[10]_quartile3;mfcc_sma[10]_iqr1-2;mfcc_sma[10]_iqr2-3;mfcc_sma[10]_iqr1-3;mfcc_sma[10]_percentile1.0;mfcc_sma[10]_percentile99.0;mfcc_sma[10]_pctlrange0-1;mfcc_sma[10]_stddev;mfcc_sma[10]_skewness;mfcc_sma[10]_kurtosis;mfcc_sma[10]_meanSegLen;mfcc_sma[10]_maxSegLen;mfcc_sma[10]_minSegLen;mfcc_sma[10]_segLenStddev;mfcc_sma[10]_upleveltime25;mfcc_sma[10]_upleveltime50;mfcc_sma[10]_upleveltime75;mfcc_sma[10]_upleveltime90;mfcc_sma[10]_risetime;mfcc_sma[10]_leftctime;mfcc_sma[10]_lpgain;mfcc_sma[10]_lpc0;mfcc_sma[10]_lpc1;mfcc_sma[10]_lpc2;mfcc_sma[10]_lpc3;mfcc_sma[10]_lpc4;mfcc_sma[11]_range;mfcc_sma[11]_maxPos;mfcc_sma[11]_minPos;mfcc_sma[11]_quartile1;mfcc_sma[11]_quartile2;mfcc_sma[11]_quartile3;mfcc_sma[11]_iqr1-2;mfcc_sma[11]_iqr2-3;mfcc_sma[11]_iqr1-3;mfcc_sma[11]_percentile1.0;mfcc_sma[11]_percentile99.0;mfcc_sma[11]_pctlrange0-1;mfcc_sma[11]_stddev;mfcc_sma[11]_skewness;mfcc_sma[11]_kurtosis;mfcc_sma[11]_meanSegLen;mfcc_sma[11]_maxSegLen;mfcc_sma[11]_minSegLen;mfcc_sma[11]_segLenStddev;mfcc_sma[11]_upleveltime25;mfcc_sma[11]_upleveltime50;mfcc_sma[11]_upleveltime75;mfcc_sma[11]_upleveltime90;mfcc_sma[11]_risetime;mfcc_sma[11]_leftctime;mfcc_sma[11]_lpgain;mfcc_sma[11]_lpc0;mfcc_sma[11]_lpc1;mfcc_sma[11]_lpc2;mfcc_sma[11]_lpc3;mfcc_sma[11]_lpc4;mfcc_sma[12]_range;mfcc_sma[12]_maxPos;mfcc_sma[12]_minPos;mfcc_sma[12]_quartile1;mfcc_sma[12]_quartile2;mfcc_sma[12]_quartile3;mfcc_sma[12]_iqr1-2;mfcc_sma[12]_iqr2-3;mfcc_sma[12]_iqr1-3;mfcc_sma[12]_percentile1.0;mfcc_sma[12]_percentile99.0;mfcc_sma[12]_pctlrange0-1;mfcc_sma[12]_stddev;mfcc_sma[12]_skewness;mfcc_sma[12]_kurtosis;mfcc_sma[12]_meanSegLen;mfcc_sma[12]_maxSegLen;mfcc_sma[12]_minSegLen;mfcc_sma[12]_segLenStddev;mfcc_sma[12]_upleveltime25;mfcc_sma[12]_upleveltime50;mfcc_sma[12]_upleveltime75;mfcc_sma[12]_upleveltime90;mfcc_sma[12]_risetime;mfcc_sma[12]_leftctime;mfcc_sma[12]_lpgain;mfcc_sma[12]_lpc0;mfcc_sma[12]_lpc1;mfcc_sma[12]_lpc2;mfcc_sma[12]_lpc3;mfcc_sma[12]_lpc4;mfcc_sma[13]_range;mfcc_sma[13]_maxPos;mfcc_sma[13]_minPos;mfcc_sma[13]_quartile1;mfcc_sma[13]_quartile2;mfcc_sma[13]_quartile3;mfcc_sma[13]_iqr1-2;mfcc_sma[13]_iqr2-3;mfcc_sma[13]_iqr1-3;mfcc_sma[13]_percentile1.0;mfcc_sma[13]_percentile99.0;mfcc_sma[13]_pctlrange0-1;mfcc_sma[13]_stddev;mfcc_sma[13]_skewness;mfcc_sma[13]_kurtosis;mfcc_sma[13]_meanSegLen;mfcc_sma[13]_maxSegLen;mfcc_sma[13]_minSegLen;mfcc_sma[13]_segLenStddev;mfcc_sma[13]_upleveltime25;mfcc_sma[13]_upleveltime50;mfcc_sma[13]_upleveltime75;mfcc_sma[13]_upleveltime90;mfcc_sma[13]_risetime;mfcc_sma[13]_leftctime;mfcc_sma[13]_lpgain;mfcc_sma[13]_lpc0;mfcc_sma[13]_lpc1;mfcc_sma[13]_lpc2;mfcc_sma[13]_lpc3;mfcc_sma[13]_lpc4;mfcc_sma[14]_range;mfcc_sma[14]_maxPos;mfcc_sma[14]_minPos;mfcc_sma[14]_quartile1;mfcc_sma[14]_quartile2;mfcc_sma[14]_quartile3;mfcc_sma[14]_iqr1-2;mfcc_sma[14]_iqr2-3;mfcc_sma[14]_iqr1-3;mfcc_sma[14]_percentile1.0;mfcc_sma[14]_percentile99.0;mfcc_sma[14]_pctlrange0-1;mfcc_sma[14]_stddev;mfcc_sma[14]_skewness;mfcc_sma[14]_kurtosis;mfcc_sma[14]_meanSegLen;mfcc_sma[14]_maxSegLen;mfcc_sma[14]_minSegLen;mfcc_sma[14]_segLenStddev;mfcc_sma[14]_upleveltime25;mfcc_sma[14]_upleveltime50;mfcc_sma[14]_upleveltime75;mfcc_sma[14]_upleveltime90;mfcc_sma[14]_risetime;mfcc_sma[14]_leftctime;mfcc_sma[14]_lpgain;mfcc_sma[14]_lpc0;mfcc_sma[14]_lpc1;mfcc_sma[14]_lpc2;mfcc_sma[14]_lpc3;mfcc_sma[14]_lpc4;audSpec_Rfilt_sma_de[0]_range;audSpec_Rfilt_sma_de[0]_maxPos;audSpec_Rfilt_sma_de[0]_minPos;audSpec_Rfilt_sma_de[0]_quartile1;audSpec_Rfilt_sma_de[0]_quartile2;audSpec_Rfilt_sma_de[0]_quartile3;audSpec_Rfilt_sma_de[0]_iqr1-2;audSpec_Rfilt_sma_de[0]_iqr2-3;audSpec_Rfilt_sma_de[0]_iqr1-3;audSpec_Rfilt_sma_de[0]_percentile1.0;audSpec_Rfilt_sma_de[0]_percentile99.0;audSpec_Rfilt_sma_de[0]_pctlrange0-1;audSpec_Rfilt_sma_de[0]_stddev;audSpec_Rfilt_sma_de[0]_skewness;audSpec_Rfilt_sma_de[0]_kurtosis;audSpec_Rfilt_sma_de[0]_meanSegLen;audSpec_Rfilt_sma_de[0]_maxSegLen;audSpec_Rfilt_sma_de[0]_minSegLen;audSpec_Rfilt_sma_de[0]_segLenStddev;audSpec_Rfilt_sma_de[0]_upleveltime25;audSpec_Rfilt_sma_de[0]_upleveltime50;audSpec_Rfilt_sma_de[0]_upleveltime75;audSpec_Rfilt_sma_de[0]_upleveltime90;audSpec_Rfilt_sma_de[0]_risetime;audSpec_Rfilt_sma_de[0]_leftctime;audSpec_Rfilt_sma_de[0]_lpgain;audSpec_Rfilt_sma_de[0]_lpc0;audSpec_Rfilt_sma_de[0]_lpc1;audSpec_Rfilt_sma_de[0]_lpc2;audSpec_Rfilt_sma_de[0]_lpc3;audSpec_Rfilt_sma_de[0]_lpc4;audSpec_Rfilt_sma_de[1]_range;audSpec_Rfilt_sma_de[1]_maxPos;audSpec_Rfilt_sma_de[1]_minPos;audSpec_Rfilt_sma_de[1]_quartile1;audSpec_Rfilt_sma_de[1]_quartile2;audSpec_Rfilt_sma_de[1]_quartile3;audSpec_Rfilt_sma_de[1]_iqr1-2;audSpec_Rfilt_sma_de[1]_iqr2-3;audSpec_Rfilt_sma_de[1]_iqr1-3;audSpec_Rfilt_sma_de[1]_percentile1.0;audSpec_Rfilt_sma_de[1]_percentile99.0;audSpec_Rfilt_sma_de[1]_pctlrange0-1;audSpec_Rfilt_sma_de[1]_stddev;audSpec_Rfilt_sma_de[1]_skewness;audSpec_Rfilt_sma_de[1]_kurtosis;audSpec_Rfilt_sma_de[1]_meanSegLen;audSpec_Rfilt_sma_de[1]_maxSegLen;audSpec_Rfilt_sma_de[1]_minSegLen;audSpec_Rfilt_sma_de[1]_segLenStddev;audSpec_Rfilt_sma_de[1]_upleveltime25;audSpec_Rfilt_sma_de[1]_upleveltime50;audSpec_Rfilt_sma_de[1]_upleveltime75;audSpec_Rfilt_sma_de[1]_upleveltime90;audSpec_Rfilt_sma_de[1]_risetime;audSpec_Rfilt_sma_de[1]_leftctime;audSpec_Rfilt_sma_de[1]_lpgain;audSpec_Rfilt_sma_de[1]_lpc0;audSpec_Rfilt_sma_de[1]_lpc1;audSpec_Rfilt_sma_de[1]_lpc2;audSpec_Rfilt_sma_de[1]_lpc3;audSpec_Rfilt_sma_de[1]_lpc4;audSpec_Rfilt_sma_de[2]_range;audSpec_Rfilt_sma_de[2]_maxPos;audSpec_Rfilt_sma_de[2]_minPos;audSpec_Rfilt_sma_de[2]_quartile1;audSpec_Rfilt_sma_de[2]_quartile2;audSpec_Rfilt_sma_de[2]_quartile3;audSpec_Rfilt_sma_de[2]_iqr1-2;audSpec_Rfilt_sma_de[2]_iqr2-3;audSpec_Rfilt_sma_de[2]_iqr1-3;audSpec_Rfilt_sma_de[2]_percentile1.0;audSpec_Rfilt_sma_de[2]_percentile99.0;audSpec_Rfilt_sma_de[2]_pctlrange0-1;audSpec_Rfilt_sma_de[2]_stddev;audSpec_Rfilt_sma_de[2]_skewness;audSpec_Rfilt_sma_de[2]_kurtosis;audSpec_Rfilt_sma_de[2]_meanSegLen;audSpec_Rfilt_sma_de[2]_maxSegLen;audSpec_Rfilt_sma_de[2]_minSegLen;audSpec_Rfilt_sma_de[2]_segLenStddev;audSpec_Rfilt_sma_de[2]_upleveltime25;audSpec_Rfilt_sma_de[2]_upleveltime50;audSpec_Rfilt_sma_de[2]_upleveltime75;audSpec_Rfilt_sma_de[2]_upleveltime90;audSpec_Rfilt_sma_de[2]_risetime;audSpec_Rfilt_sma_de[2]_leftctime;audSpec_Rfilt_sma_de[2]_lpgain;audSpec_Rfilt_sma_de[2]_lpc0;audSpec_Rfilt_sma_de[2]_lpc1;audSpec_Rfilt_sma_de[2]_lpc2;audSpec_Rfilt_sma_de[2]_lpc3;audSpec_Rfilt_sma_de[2]_lpc4;audSpec_Rfilt_sma_de[3]_range;audSpec_Rfilt_sma_de[3]_maxPos;audSpec_Rfilt_sma_de[3]_minPos;audSpec_Rfilt_sma_de[3]_quartile1;audSpec_Rfilt_sma_de[3]_quartile2;audSpec_Rfilt_sma_de[3]_quartile3;audSpec_Rfilt_sma_de[3]_iqr1-2;audSpec_Rfilt_sma_de[3]_iqr2-3;audSpec_Rfilt_sma_de[3]_iqr1-3;audSpec_Rfilt_sma_de[3]_percentile1.0;audSpec_Rfilt_sma_de[3]_percentile99.0;audSpec_Rfilt_sma_de[3]_pctlrange0-1;audSpec_Rfilt_sma_de[3]_stddev;audSpec_Rfilt_sma_de[3]_skewness;audSpec_Rfilt_sma_de[3]_kurtosis;audSpec_Rfilt_sma_de[3]_meanSegLen;audSpec_Rfilt_sma_de[3]_maxSegLen;audSpec_Rfilt_sma_de[3]_minSegLen;audSpec_Rfilt_sma_de[3]_segLenStddev;audSpec_Rfilt_sma_de[3]_upleveltime25;audSpec_Rfilt_sma_de[3]_upleveltime50;audSpec_Rfilt_sma_de[3]_upleveltime75;audSpec_Rfilt_sma_de[3]_upleveltime90;audSpec_Rfilt_sma_de[3]_risetime;audSpec_Rfilt_sma_de[3]_leftctime;audSpec_Rfilt_sma_de[3]_lpgain;audSpec_Rfilt_sma_de[3]_lpc0;audSpec_Rfilt_sma_de[3]_lpc1;audSpec_Rfilt_sma_de[3]_lpc2;audSpec_Rfilt_sma_de[3]_lpc3;audSpec_Rfilt_sma_de[3]_lpc4;audSpec_Rfilt_sma_de[4]_range;audSpec_Rfilt_sma_de[4]_maxPos;audSpec_Rfilt_sma_de[4]_minPos;audSpec_Rfilt_sma_de[4]_quartile1;audSpec_Rfilt_sma_de[4]_quartile2;audSpec_Rfilt_sma_de[4]_quartile3;audSpec_Rfilt_sma_de[4]_iqr1-2;audSpec_Rfilt_sma_de[4]_iqr2-3;audSpec_Rfilt_sma_de[4]_iqr1-3;audSpec_Rfilt_sma_de[4]_percentile1.0;audSpec_Rfilt_sma_de[4]_percentile99.0;audSpec_Rfilt_sma_de[4]_pctlrange0-1;audSpec_Rfilt_sma_de[4]_stddev;audSpec_Rfilt_sma_de[4]_skewness;audSpec_Rfilt_sma_de[4]_kurtosis;audSpec_Rfilt_sma_de[4]_meanSegLen;audSpec_Rfilt_sma_de[4]_maxSegLen;audSpec_Rfilt_sma_de[4]_minSegLen;audSpec_Rfilt_sma_de[4]_segLenStddev;audSpec_Rfilt_sma_de[4]_upleveltime25;audSpec_Rfilt_sma_de[4]_upleveltime50;audSpec_Rfilt_sma_de[4]_upleveltime75;audSpec_Rfilt_sma_de[4]_upleveltime90;audSpec_Rfilt_sma_de[4]_risetime;audSpec_Rfilt_sma_de[4]_leftctime;audSpec_Rfilt_sma_de[4]_lpgain;audSpec_Rfilt_sma_de[4]_lpc0;audSpec_Rfilt_sma_de[4]_lpc1;audSpec_Rfilt_sma_de[4]_lpc2;audSpec_Rfilt_sma_de[4]_lpc3;audSpec_Rfilt_sma_de[4]_lpc4;audSpec_Rfilt_sma_de[5]_range;audSpec_Rfilt_sma_de[5]_maxPos;audSpec_Rfilt_sma_de[5]_minPos;audSpec_Rfilt_sma_de[5]_quartile1;audSpec_Rfilt_sma_de[5]_quartile2;audSpec_Rfilt_sma_de[5]_quartile3;audSpec_Rfilt_sma_de[5]_iqr1-2;audSpec_Rfilt_sma_de[5]_iqr2-3;audSpec_Rfilt_sma_de[5]_iqr1-3;audSpec_Rfilt_sma_de[5]_percentile1.0;audSpec_Rfilt_sma_de[5]_percentile99.0;audSpec_Rfilt_sma_de[5]_pctlrange0-1;audSpec_Rfilt_sma_de[5]_stddev;audSpec_Rfilt_sma_de[5]_skewness;audSpec_Rfilt_sma_de[5]_kurtosis;audSpec_Rfilt_sma_de[5]_meanSegLen;audSpec_Rfilt_sma_de[5]_maxSegLen;audSpec_Rfilt_sma_de[5]_minSegLen;audSpec_Rfilt_sma_de[5]_segLenStddev;audSpec_Rfilt_sma_de[5]_upleveltime25;audSpec_Rfilt_sma_de[5]_upleveltime50;audSpec_Rfilt_sma_de[5]_upleveltime75;audSpec_Rfilt_sma_de[5]_upleveltime90;audSpec_Rfilt_sma_de[5]_risetime;audSpec_Rfilt_sma_de[5]_leftctime;audSpec_Rfilt_sma_de[5]_lpgain;audSpec_Rfilt_sma_de[5]_lpc0;audSpec_Rfilt_sma_de[5]_lpc1;audSpec_Rfilt_sma_de[5]_lpc2;audSpec_Rfilt_sma_de[5]_lpc3;audSpec_Rfilt_sma_de[5]_lpc4;audSpec_Rfilt_sma_de[6]_range;audSpec_Rfilt_sma_de[6]_maxPos;audSpec_Rfilt_sma_de[6]_minPos;audSpec_Rfilt_sma_de[6]_quartile1;audSpec_Rfilt_sma_de[6]_quartile2;audSpec_Rfilt_sma_de[6]_quartile3;audSpec_Rfilt_sma_de[6]_iqr1-2;audSpec_Rfilt_sma_de[6]_iqr2-3;audSpec_Rfilt_sma_de[6]_iqr1-3;audSpec_Rfilt_sma_de[6]_percentile1.0;audSpec_Rfilt_sma_de[6]_percentile99.0;audSpec_Rfilt_sma_de[6]_pctlrange0-1;audSpec_Rfilt_sma_de[6]_stddev;audSpec_Rfilt_sma_de[6]_skewness;audSpec_Rfilt_sma_de[6]_kurtosis;audSpec_Rfilt_sma_de[6]_meanSegLen;audSpec_Rfilt_sma_de[6]_maxSegLen;audSpec_Rfilt_sma_de[6]_minSegLen;audSpec_Rfilt_sma_de[6]_segLenStddev;audSpec_Rfilt_sma_de[6]_upleveltime25;audSpec_Rfilt_sma_de[6]_upleveltime50;audSpec_Rfilt_sma_de[6]_upleveltime75;audSpec_Rfilt_sma_de[6]_upleveltime90;audSpec_Rfilt_sma_de[6]_risetime;audSpec_Rfilt_sma_de[6]_leftctime;audSpec_Rfilt_sma_de[6]_lpgain;audSpec_Rfilt_sma_de[6]_lpc0;audSpec_Rfilt_sma_de[6]_lpc1;audSpec_Rfilt_sma_de[6]_lpc2;audSpec_Rfilt_sma_de[6]_lpc3;audSpec_Rfilt_sma_de[6]_lpc4;audSpec_Rfilt_sma_de[7]_range;audSpec_Rfilt_sma_de[7]_maxPos;audSpec_Rfilt_sma_de[7]_minPos;audSpec_Rfilt_sma_de[7]_quartile1;audSpec_Rfilt_sma_de[7]_quartile2;audSpec_Rfilt_sma_de[7]_quartile3;audSpec_Rfilt_sma_de[7]_iqr1-2;audSpec_Rfilt_sma_de[7]_iqr2-3;audSpec_Rfilt_sma_de[7]_iqr1-3;audSpec_Rfilt_sma_de[7]_percentile1.0;audSpec_Rfilt_sma_de[7]_percentile99.0;audSpec_Rfilt_sma_de[7]_pctlrange0-1;audSpec_Rfilt_sma_de[7]_stddev;audSpec_Rfilt_sma_de[7]_skewness;audSpec_Rfilt_sma_de[7]_kurtosis;audSpec_Rfilt_sma_de[7]_meanSegLen;audSpec_Rfilt_sma_de[7]_maxSegLen;audSpec_Rfilt_sma_de[7]_minSegLen;audSpec_Rfilt_sma_de[7]_segLenStddev;audSpec_Rfilt_sma_de[7]_upleveltime25;audSpec_Rfilt_sma_de[7]_upleveltime50;audSpec_Rfilt_sma_de[7]_upleveltime75;audSpec_Rfilt_sma_de[7]_upleveltime90;audSpec_Rfilt_sma_de[7]_risetime;audSpec_Rfilt_sma_de[7]_leftctime;audSpec_Rfilt_sma_de[7]_lpgain;audSpec_Rfilt_sma_de[7]_lpc0;audSpec_Rfilt_sma_de[7]_lpc1;audSpec_Rfilt_sma_de[7]_lpc2;audSpec_Rfilt_sma_de[7]_lpc3;audSpec_Rfilt_sma_de[7]_lpc4;audSpec_Rfilt_sma_de[8]_range;audSpec_Rfilt_sma_de[8]_maxPos;audSpec_Rfilt_sma_de[8]_minPos;audSpec_Rfilt_sma_de[8]_quartile1;audSpec_Rfilt_sma_de[8]_quartile2;audSpec_Rfilt_sma_de[8]_quartile3;audSpec_Rfilt_sma_de[8]_iqr1-2;audSpec_Rfilt_sma_de[8]_iqr2-3;audSpec_Rfilt_sma_de[8]_iqr1-3;audSpec_Rfilt_sma_de[8]_percentile1.0;audSpec_Rfilt_sma_de[8]_percentile99.0;audSpec_Rfilt_sma_de[8]_pctlrange0-1;audSpec_Rfilt_sma_de[8]_stddev;audSpec_Rfilt_sma_de[8]_skewness;audSpec_Rfilt_sma_de[8]_kurtosis;audSpec_Rfilt_sma_de[8]_meanSegLen;audSpec_Rfilt_sma_de[8]_maxSegLen;audSpec_Rfilt_sma_de[8]_minSegLen;audSpec_Rfilt_sma_de[8]_segLenStddev;audSpec_Rfilt_sma_de[8]_upleveltime25;audSpec_Rfilt_sma_de[8]_upleveltime50;audSpec_Rfilt_sma_de[8]_upleveltime75;audSpec_Rfilt_sma_de[8]_upleveltime90;audSpec_Rfilt_sma_de[8]_risetime;audSpec_Rfilt_sma_de[8]_leftctime;audSpec_Rfilt_sma_de[8]_lpgain;audSpec_Rfilt_sma_de[8]_lpc0;audSpec_Rfilt_sma_de[8]_lpc1;audSpec_Rfilt_sma_de[8]_lpc2;audSpec_Rfilt_sma_de[8]_lpc3;audSpec_Rfilt_sma_de[8]_lpc4;audSpec_Rfilt_sma_de[9]_range;audSpec_Rfilt_sma_de[9]_maxPos;audSpec_Rfilt_sma_de[9]_minPos;audSpec_Rfilt_sma_de[9]_quartile1;audSpec_Rfilt_sma_de[9]_quartile2;audSpec_Rfilt_sma_de[9]_quartile3;audSpec_Rfilt_sma_de[9]_iqr1-2;audSpec_Rfilt_sma_de[9]_iqr2-3;audSpec_Rfilt_sma_de[9]_iqr1-3;audSpec_Rfilt_sma_de[9]_percentile1.0;audSpec_Rfilt_sma_de[9]_percentile99.0;audSpec_Rfilt_sma_de[9]_pctlrange0-1;audSpec_Rfilt_sma_de[9]_stddev;audSpec_Rfilt_sma_de[9]_skewness;audSpec_Rfilt_sma_de[9]_kurtosis;audSpec_Rfilt_sma_de[9]_meanSegLen;audSpec_Rfilt_sma_de[9]_maxSegLen;audSpec_Rfilt_sma_de[9]_minSegLen;audSpec_Rfilt_sma_de[9]_segLenStddev;audSpec_Rfilt_sma_de[9]_upleveltime25;audSpec_Rfilt_sma_de[9]_upleveltime50;audSpec_Rfilt_sma_de[9]_upleveltime75;audSpec_Rfilt_sma_de[9]_upleveltime90;audSpec_Rfilt_sma_de[9]_risetime;audSpec_Rfilt_sma_de[9]_leftctime;audSpec_Rfilt_sma_de[9]_lpgain;audSpec_Rfilt_sma_de[9]_lpc0;audSpec_Rfilt_sma_de[9]_lpc1;audSpec_Rfilt_sma_de[9]_lpc2;audSpec_Rfilt_sma_de[9]_lpc3;audSpec_Rfilt_sma_de[9]_lpc4;audSpec_Rfilt_sma_de[10]_range;audSpec_Rfilt_sma_de[10]_maxPos;audSpec_Rfilt_sma_de[10]_minPos;audSpec_Rfilt_sma_de[10]_quartile1;audSpec_Rfilt_sma_de[10]_quartile2;audSpec_Rfilt_sma_de[10]_quartile3;audSpec_Rfilt_sma_de[10]_iqr1-2;audSpec_Rfilt_sma_de[10]_iqr2-3;audSpec_Rfilt_sma_de[10]_iqr1-3;audSpec_Rfilt_sma_de[10]_percentile1.0;audSpec_Rfilt_sma_de[10]_percentile99.0;audSpec_Rfilt_sma_de[10]_pctlrange0-1;audSpec_Rfilt_sma_de[10]_stddev;audSpec_Rfilt_sma_de[10]_skewness;audSpec_Rfilt_sma_de[10]_kurtosis;audSpec_Rfilt_sma_de[10]_meanSegLen;audSpec_Rfilt_sma_de[10]_maxSegLen;audSpec_Rfilt_sma_de[10]_minSegLen;audSpec_Rfilt_sma_de[10]_segLenStddev;audSpec_Rfilt_sma_de[10]_upleveltime25;audSpec_Rfilt_sma_de[10]_upleveltime50;audSpec_Rfilt_sma_de[10]_upleveltime75;audSpec_Rfilt_sma_de[10]_upleveltime90;audSpec_Rfilt_sma_de[10]_risetime;audSpec_Rfilt_sma_de[10]_leftctime;audSpec_Rfilt_sma_de[10]_lpgain;audSpec_Rfilt_sma_de[10]_lpc0;audSpec_Rfilt_sma_de[10]_lpc1;audSpec_Rfilt_sma_de[10]_lpc2;audSpec_Rfilt_sma_de[10]_lpc3;audSpec_Rfilt_sma_de[10]_lpc4;audSpec_Rfilt_sma_de[11]_range;audSpec_Rfilt_sma_de[11]_maxPos;audSpec_Rfilt_sma_de[11]_minPos;audSpec_Rfilt_sma_de[11]_quartile1;audSpec_Rfilt_sma_de[11]_quartile2;audSpec_Rfilt_sma_de[11]_quartile3;audSpec_Rfilt_sma_de[11]_iqr1-2;audSpec_Rfilt_sma_de[11]_iqr2-3;audSpec_Rfilt_sma_de[11]_iqr1-3;audSpec_Rfilt_sma_de[11]_percentile1.0;audSpec_Rfilt_sma_de[11]_percentile99.0;audSpec_Rfilt_sma_de[11]_pctlrange0-1;audSpec_Rfilt_sma_de[11]_stddev;audSpec_Rfilt_sma_de[11]_skewness;audSpec_Rfilt_sma_de[11]_kurtosis;audSpec_Rfilt_sma_de[11]_meanSegLen;audSpec_Rfilt_sma_de[11]_maxSegLen;audSpec_Rfilt_sma_de[11]_minSegLen;audSpec_Rfilt_sma_de[11]_segLenStddev;audSpec_Rfilt_sma_de[11]_upleveltime25;audSpec_Rfilt_sma_de[11]_upleveltime50;audSpec_Rfilt_sma_de[11]_upleveltime75;audSpec_Rfilt_sma_de[11]_upleveltime90;audSpec_Rfilt_sma_de[11]_risetime;audSpec_Rfilt_sma_de[11]_leftctime;audSpec_Rfilt_sma_de[11]_lpgain;audSpec_Rfilt_sma_de[11]_lpc0;audSpec_Rfilt_sma_de[11]_lpc1;audSpec_Rfilt_sma_de[11]_lpc2;audSpec_Rfilt_sma_de[11]_lpc3;audSpec_Rfilt_sma_de[11]_lpc4;audSpec_Rfilt_sma_de[12]_range;audSpec_Rfilt_sma_de[12]_maxPos;audSpec_Rfilt_sma_de[12]_minPos;audSpec_Rfilt_sma_de[12]_quartile1;audSpec_Rfilt_sma_de[12]_quartile2;audSpec_Rfilt_sma_de[12]_quartile3;audSpec_Rfilt_sma_de[12]_iqr1-2;audSpec_Rfilt_sma_de[12]_iqr2-3;audSpec_Rfilt_sma_de[12]_iqr1-3;audSpec_Rfilt_sma_de[12]_percentile1.0;audSpec_Rfilt_sma_de[12]_percentile99.0;audSpec_Rfilt_sma_de[12]_pctlrange0-1;audSpec_Rfilt_sma_de[12]_stddev;audSpec_Rfilt_sma_de[12]_skewness;audSpec_Rfilt_sma_de[12]_kurtosis;audSpec_Rfilt_sma_de[12]_meanSegLen;audSpec_Rfilt_sma_de[12]_maxSegLen;audSpec_Rfilt_sma_de[12]_minSegLen;audSpec_Rfilt_sma_de[12]_segLenStddev;audSpec_Rfilt_sma_de[12]_upleveltime25;audSpec_Rfilt_sma_de[12]_upleveltime50;audSpec_Rfilt_sma_de[12]_upleveltime75;audSpec_Rfilt_sma_de[12]_upleveltime90;audSpec_Rfilt_sma_de[12]_risetime;audSpec_Rfilt_sma_de[12]_leftctime;audSpec_Rfilt_sma_de[12]_lpgain;audSpec_Rfilt_sma_de[12]_lpc0;audSpec_Rfilt_sma_de[12]_lpc1;audSpec_Rfilt_sma_de[12]_lpc2;audSpec_Rfilt_sma_de[12]_lpc3;audSpec_Rfilt_sma_de[12]_lpc4;audSpec_Rfilt_sma_de[13]_range;audSpec_Rfilt_sma_de[13]_maxPos;audSpec_Rfilt_sma_de[13]_minPos;audSpec_Rfilt_sma_de[13]_quartile1;audSpec_Rfilt_sma_de[13]_quartile2;audSpec_Rfilt_sma_de[13]_quartile3;audSpec_Rfilt_sma_de[13]_iqr1-2;audSpec_Rfilt_sma_de[13]_iqr2-3;audSpec_Rfilt_sma_de[13]_iqr1-3;audSpec_Rfilt_sma_de[13]_percentile1.0;audSpec_Rfilt_sma_de[13]_percentile99.0;audSpec_Rfilt_sma_de[13]_pctlrange0-1;audSpec_Rfilt_sma_de[13]_stddev;audSpec_Rfilt_sma_de[13]_skewness;audSpec_Rfilt_sma_de[13]_kurtosis;audSpec_Rfilt_sma_de[13]_meanSegLen;audSpec_Rfilt_sma_de[13]_maxSegLen;audSpec_Rfilt_sma_de[13]_minSegLen;audSpec_Rfilt_sma_de[13]_segLenStddev;audSpec_Rfilt_sma_de[13]_upleveltime25;audSpec_Rfilt_sma_de[13]_upleveltime50;audSpec_Rfilt_sma_de[13]_upleveltime75;audSpec_Rfilt_sma_de[13]_upleveltime90;audSpec_Rfilt_sma_de[13]_risetime;audSpec_Rfilt_sma_de[13]_leftctime;audSpec_Rfilt_sma_de[13]_lpgain;audSpec_Rfilt_sma_de[13]_lpc0;audSpec_Rfilt_sma_de[13]_lpc1;audSpec_Rfilt_sma_de[13]_lpc2;audSpec_Rfilt_sma_de[13]_lpc3;audSpec_Rfilt_sma_de[13]_lpc4;audSpec_Rfilt_sma_de[14]_range;audSpec_Rfilt_sma_de[14]_maxPos;audSpec_Rfilt_sma_de[14]_minPos;audSpec_Rfilt_sma_de[14]_quartile1;audSpec_Rfilt_sma_de[14]_quartile2;audSpec_Rfilt_sma_de[14]_quartile3;audSpec_Rfilt_sma_de[14]_iqr1-2;audSpec_Rfilt_sma_de[14]_iqr2-3;audSpec_Rfilt_sma_de[14]_iqr1-3;audSpec_Rfilt_sma_de[14]_percentile1.0;audSpec_Rfilt_sma_de[14]_percentile99.0;audSpec_Rfilt_sma_de[14]_pctlrange0-1;audSpec_Rfilt_sma_de[14]_stddev;audSpec_Rfilt_sma_de[14]_skewness;audSpec_Rfilt_sma_de[14]_kurtosis;audSpec_Rfilt_sma_de[14]_meanSegLen;audSpec_Rfilt_sma_de[14]_maxSegLen;audSpec_Rfilt_sma_de[14]_minSegLen;audSpec_Rfilt_sma_de[14]_segLenStddev;audSpec_Rfilt_sma_de[14]_upleveltime25;audSpec_Rfilt_sma_de[14]_upleveltime50;audSpec_Rfilt_sma_de[14]_upleveltime75;audSpec_Rfilt_sma_de[14]_upleveltime90;audSpec_Rfilt_sma_de[14]_risetime;audSpec_Rfilt_sma_de[14]_leftctime;audSpec_Rfilt_sma_de[14]_lpgain;audSpec_Rfilt_sma_de[14]_lpc0;audSpec_Rfilt_sma_de[14]_lpc1;audSpec_Rfilt_sma_de[14]_lpc2;audSpec_Rfilt_sma_de[14]_lpc3;audSpec_Rfilt_sma_de[14]_lpc4;audSpec_Rfilt_sma_de[15]_range;audSpec_Rfilt_sma_de[15]_maxPos;audSpec_Rfilt_sma_de[15]_minPos;audSpec_Rfilt_sma_de[15]_quartile1;audSpec_Rfilt_sma_de[15]_quartile2;audSpec_Rfilt_sma_de[15]_quartile3;audSpec_Rfilt_sma_de[15]_iqr1-2;audSpec_Rfilt_sma_de[15]_iqr2-3;audSpec_Rfilt_sma_de[15]_iqr1-3;audSpec_Rfilt_sma_de[15]_percentile1.0;audSpec_Rfilt_sma_de[15]_percentile99.0;audSpec_Rfilt_sma_de[15]_pctlrange0-1;audSpec_Rfilt_sma_de[15]_stddev;audSpec_Rfilt_sma_de[15]_skewness;audSpec_Rfilt_sma_de[15]_kurtosis;audSpec_Rfilt_sma_de[15]_meanSegLen;audSpec_Rfilt_sma_de[15]_maxSegLen;audSpec_Rfilt_sma_de[15]_minSegLen;audSpec_Rfilt_sma_de[15]_segLenStddev;audSpec_Rfilt_sma_de[15]_upleveltime25;audSpec_Rfilt_sma_de[15]_upleveltime50;audSpec_Rfilt_sma_de[15]_upleveltime75;audSpec_Rfilt_sma_de[15]_upleveltime90;audSpec_Rfilt_sma_de[15]_risetime;audSpec_Rfilt_sma_de[15]_leftctime;audSpec_Rfilt_sma_de[15]_lpgain;audSpec_Rfilt_sma_de[15]_lpc0;audSpec_Rfilt_sma_de[15]_lpc1;audSpec_Rfilt_sma_de[15]_lpc2;audSpec_Rfilt_sma_de[15]_lpc3;audSpec_Rfilt_sma_de[15]_lpc4;audSpec_Rfilt_sma_de[16]_range;audSpec_Rfilt_sma_de[16]_maxPos;audSpec_Rfilt_sma_de[16]_minPos;audSpec_Rfilt_sma_de[16]_quartile1;audSpec_Rfilt_sma_de[16]_quartile2;audSpec_Rfilt_sma_de[16]_quartile3;audSpec_Rfilt_sma_de[16]_iqr1-2;audSpec_Rfilt_sma_de[16]_iqr2-3;audSpec_Rfilt_sma_de[16]_iqr1-3;audSpec_Rfilt_sma_de[16]_percentile1.0;audSpec_Rfilt_sma_de[16]_percentile99.0;audSpec_Rfilt_sma_de[16]_pctlrange0-1;audSpec_Rfilt_sma_de[16]_stddev;audSpec_Rfilt_sma_de[16]_skewness;audSpec_Rfilt_sma_de[16]_kurtosis;audSpec_Rfilt_sma_de[16]_meanSegLen;audSpec_Rfilt_sma_de[16]_maxSegLen;audSpec_Rfilt_sma_de[16]_minSegLen;audSpec_Rfilt_sma_de[16]_segLenStddev;audSpec_Rfilt_sma_de[16]_upleveltime25;audSpec_Rfilt_sma_de[16]_upleveltime50;audSpec_Rfilt_sma_de[16]_upleveltime75;audSpec_Rfilt_sma_de[16]_upleveltime90;audSpec_Rfilt_sma_de[16]_risetime;audSpec_Rfilt_sma_de[16]_leftctime;audSpec_Rfilt_sma_de[16]_lpgain;audSpec_Rfilt_sma_de[16]_lpc0;audSpec_Rfilt_sma_de[16]_lpc1;audSpec_Rfilt_sma_de[16]_lpc2;audSpec_Rfilt_sma_de[16]_lpc3;audSpec_Rfilt_sma_de[16]_lpc4;audSpec_Rfilt_sma_de[17]_range;audSpec_Rfilt_sma_de[17]_maxPos;audSpec_Rfilt_sma_de[17]_minPos;audSpec_Rfilt_sma_de[17]_quartile1;audSpec_Rfilt_sma_de[17]_quartile2;audSpec_Rfilt_sma_de[17]_quartile3;audSpec_Rfilt_sma_de[17]_iqr1-2;audSpec_Rfilt_sma_de[17]_iqr2-3;audSpec_Rfilt_sma_de[17]_iqr1-3;audSpec_Rfilt_sma_de[17]_percentile1.0;audSpec_Rfilt_sma_de[17]_percentile99.0;audSpec_Rfilt_sma_de[17]_pctlrange0-1;audSpec_Rfilt_sma_de[17]_stddev;audSpec_Rfilt_sma_de[17]_skewness;audSpec_Rfilt_sma_de[17]_kurtosis;audSpec_Rfilt_sma_de[17]_meanSegLen;audSpec_Rfilt_sma_de[17]_maxSegLen;audSpec_Rfilt_sma_de[17]_minSegLen;audSpec_Rfilt_sma_de[17]_segLenStddev;audSpec_Rfilt_sma_de[17]_upleveltime25;audSpec_Rfilt_sma_de[17]_upleveltime50;audSpec_Rfilt_sma_de[17]_upleveltime75;audSpec_Rfilt_sma_de[17]_upleveltime90;audSpec_Rfilt_sma_de[17]_risetime;audSpec_Rfilt_sma_de[17]_leftctime;audSpec_Rfilt_sma_de[17]_lpgain;audSpec_Rfilt_sma_de[17]_lpc0;audSpec_Rfilt_sma_de[17]_lpc1;audSpec_Rfilt_sma_de[17]_lpc2;audSpec_Rfilt_sma_de[17]_lpc3;audSpec_Rfilt_sma_de[17]_lpc4;audSpec_Rfilt_sma_de[18]_range;audSpec_Rfilt_sma_de[18]_maxPos;audSpec_Rfilt_sma_de[18]_minPos;audSpec_Rfilt_sma_de[18]_quartile1;audSpec_Rfilt_sma_de[18]_quartile2;audSpec_Rfilt_sma_de[18]_quartile3;audSpec_Rfilt_sma_de[18]_iqr1-2;audSpec_Rfilt_sma_de[18]_iqr2-3;audSpec_Rfilt_sma_de[18]_iqr1-3;audSpec_Rfilt_sma_de[18]_percentile1.0;audSpec_Rfilt_sma_de[18]_percentile99.0;audSpec_Rfilt_sma_de[18]_pctlrange0-1;audSpec_Rfilt_sma_de[18]_stddev;audSpec_Rfilt_sma_de[18]_skewness;audSpec_Rfilt_sma_de[18]_kurtosis;audSpec_Rfilt_sma_de[18]_meanSegLen;audSpec_Rfilt_sma_de[18]_maxSegLen;audSpec_Rfilt_sma_de[18]_minSegLen;audSpec_Rfilt_sma_de[18]_segLenStddev;audSpec_Rfilt_sma_de[18]_upleveltime25;audSpec_Rfilt_sma_de[18]_upleveltime50;audSpec_Rfilt_sma_de[18]_upleveltime75;audSpec_Rfilt_sma_de[18]_upleveltime90;audSpec_Rfilt_sma_de[18]_risetime;audSpec_Rfilt_sma_de[18]_leftctime;audSpec_Rfilt_sma_de[18]_lpgain;audSpec_Rfilt_sma_de[18]_lpc0;audSpec_Rfilt_sma_de[18]_lpc1;audSpec_Rfilt_sma_de[18]_lpc2;audSpec_Rfilt_sma_de[18]_lpc3;audSpec_Rfilt_sma_de[18]_lpc4;audSpec_Rfilt_sma_de[19]_range;audSpec_Rfilt_sma_de[19]_maxPos;audSpec_Rfilt_sma_de[19]_minPos;audSpec_Rfilt_sma_de[19]_quartile1;audSpec_Rfilt_sma_de[19]_quartile2;audSpec_Rfilt_sma_de[19]_quartile3;audSpec_Rfilt_sma_de[19]_iqr1-2;audSpec_Rfilt_sma_de[19]_iqr2-3;audSpec_Rfilt_sma_de[19]_iqr1-3;audSpec_Rfilt_sma_de[19]_percentile1.0;audSpec_Rfilt_sma_de[19]_percentile99.0;audSpec_Rfilt_sma_de[19]_pctlrange0-1;audSpec_Rfilt_sma_de[19]_stddev;audSpec_Rfilt_sma_de[19]_skewness;audSpec_Rfilt_sma_de[19]_kurtosis;audSpec_Rfilt_sma_de[19]_meanSegLen;audSpec_Rfilt_sma_de[19]_maxSegLen;audSpec_Rfilt_sma_de[19]_minSegLen;audSpec_Rfilt_sma_de[19]_segLenStddev;audSpec_Rfilt_sma_de[19]_upleveltime25;audSpec_Rfilt_sma_de[19]_upleveltime50;audSpec_Rfilt_sma_de[19]_upleveltime75;audSpec_Rfilt_sma_de[19]_upleveltime90;audSpec_Rfilt_sma_de[19]_risetime;audSpec_Rfilt_sma_de[19]_leftctime;audSpec_Rfilt_sma_de[19]_lpgain;audSpec_Rfilt_sma_de[19]_lpc0;audSpec_Rfilt_sma_de[19]_lpc1;audSpec_Rfilt_sma_de[19]_lpc2;audSpec_Rfilt_sma_de[19]_lpc3;audSpec_Rfilt_sma_de[19]_lpc4;audSpec_Rfilt_sma_de[20]_range;audSpec_Rfilt_sma_de[20]_maxPos;audSpec_Rfilt_sma_de[20]_minPos;audSpec_Rfilt_sma_de[20]_quartile1;audSpec_Rfilt_sma_de[20]_quartile2;audSpec_Rfilt_sma_de[20]_quartile3;audSpec_Rfilt_sma_de[20]_iqr1-2;audSpec_Rfilt_sma_de[20]_iqr2-3;audSpec_Rfilt_sma_de[20]_iqr1-3;audSpec_Rfilt_sma_de[20]_percentile1.0;audSpec_Rfilt_sma_de[20]_percentile99.0;audSpec_Rfilt_sma_de[20]_pctlrange0-1;audSpec_Rfilt_sma_de[20]_stddev;audSpec_Rfilt_sma_de[20]_skewness;audSpec_Rfilt_sma_de[20]_kurtosis;audSpec_Rfilt_sma_de[20]_meanSegLen;audSpec_Rfilt_sma_de[20]_maxSegLen;audSpec_Rfilt_sma_de[20]_minSegLen;audSpec_Rfilt_sma_de[20]_segLenStddev;audSpec_Rfilt_sma_de[20]_upleveltime25;audSpec_Rfilt_sma_de[20]_upleveltime50;audSpec_Rfilt_sma_de[20]_upleveltime75;audSpec_Rfilt_sma_de[20]_upleveltime90;audSpec_Rfilt_sma_de[20]_risetime;audSpec_Rfilt_sma_de[20]_leftctime;audSpec_Rfilt_sma_de[20]_lpgain;audSpec_Rfilt_sma_de[20]_lpc0;audSpec_Rfilt_sma_de[20]_lpc1;audSpec_Rfilt_sma_de[20]_lpc2;audSpec_Rfilt_sma_de[20]_lpc3;audSpec_Rfilt_sma_de[20]_lpc4;audSpec_Rfilt_sma_de[21]_range;audSpec_Rfilt_sma_de[21]_maxPos;audSpec_Rfilt_sma_de[21]_minPos;audSpec_Rfilt_sma_de[21]_quartile1;audSpec_Rfilt_sma_de[21]_quartile2;audSpec_Rfilt_sma_de[21]_quartile3;audSpec_Rfilt_sma_de[21]_iqr1-2;audSpec_Rfilt_sma_de[21]_iqr2-3;audSpec_Rfilt_sma_de[21]_iqr1-3;audSpec_Rfilt_sma_de[21]_percentile1.0;audSpec_Rfilt_sma_de[21]_percentile99.0;audSpec_Rfilt_sma_de[21]_pctlrange0-1;audSpec_Rfilt_sma_de[21]_stddev;audSpec_Rfilt_sma_de[21]_skewness;audSpec_Rfilt_sma_de[21]_kurtosis;audSpec_Rfilt_sma_de[21]_meanSegLen;audSpec_Rfilt_sma_de[21]_maxSegLen;audSpec_Rfilt_sma_de[21]_minSegLen;audSpec_Rfilt_sma_de[21]_segLenStddev;audSpec_Rfilt_sma_de[21]_upleveltime25;audSpec_Rfilt_sma_de[21]_upleveltime50;audSpec_Rfilt_sma_de[21]_upleveltime75;audSpec_Rfilt_sma_de[21]_upleveltime90;audSpec_Rfilt_sma_de[21]_risetime;audSpec_Rfilt_sma_de[21]_leftctime;audSpec_Rfilt_sma_de[21]_lpgain;audSpec_Rfilt_sma_de[21]_lpc0;audSpec_Rfilt_sma_de[21]_lpc1;audSpec_Rfilt_sma_de[21]_lpc2;audSpec_Rfilt_sma_de[21]_lpc3;audSpec_Rfilt_sma_de[21]_lpc4;audSpec_Rfilt_sma_de[22]_range;audSpec_Rfilt_sma_de[22]_maxPos;audSpec_Rfilt_sma_de[22]_minPos;audSpec_Rfilt_sma_de[22]_quartile1;audSpec_Rfilt_sma_de[22]_quartile2;audSpec_Rfilt_sma_de[22]_quartile3;audSpec_Rfilt_sma_de[22]_iqr1-2;audSpec_Rfilt_sma_de[22]_iqr2-3;audSpec_Rfilt_sma_de[22]_iqr1-3;audSpec_Rfilt_sma_de[22]_percentile1.0;audSpec_Rfilt_sma_de[22]_percentile99.0;audSpec_Rfilt_sma_de[22]_pctlrange0-1;audSpec_Rfilt_sma_de[22]_stddev;audSpec_Rfilt_sma_de[22]_skewness;audSpec_Rfilt_sma_de[22]_kurtosis;audSpec_Rfilt_sma_de[22]_meanSegLen;audSpec_Rfilt_sma_de[22]_maxSegLen;audSpec_Rfilt_sma_de[22]_minSegLen;audSpec_Rfilt_sma_de[22]_segLenStddev;audSpec_Rfilt_sma_de[22]_upleveltime25;audSpec_Rfilt_sma_de[22]_upleveltime50;audSpec_Rfilt_sma_de[22]_upleveltime75;audSpec_Rfilt_sma_de[22]_upleveltime90;audSpec_Rfilt_sma_de[22]_risetime;audSpec_Rfilt_sma_de[22]_leftctime;audSpec_Rfilt_sma_de[22]_lpgain;audSpec_Rfilt_sma_de[22]_lpc0;audSpec_Rfilt_sma_de[22]_lpc1;audSpec_Rfilt_sma_de[22]_lpc2;audSpec_Rfilt_sma_de[22]_lpc3;audSpec_Rfilt_sma_de[22]_lpc4;audSpec_Rfilt_sma_de[23]_range;audSpec_Rfilt_sma_de[23]_maxPos;audSpec_Rfilt_sma_de[23]_minPos;audSpec_Rfilt_sma_de[23]_quartile1;audSpec_Rfilt_sma_de[23]_quartile2;audSpec_Rfilt_sma_de[23]_quartile3;audSpec_Rfilt_sma_de[23]_iqr1-2;audSpec_Rfilt_sma_de[23]_iqr2-3;audSpec_Rfilt_sma_de[23]_iqr1-3;audSpec_Rfilt_sma_de[23]_percentile1.0;audSpec_Rfilt_sma_de[23]_percentile99.0;audSpec_Rfilt_sma_de[23]_pctlrange0-1;audSpec_Rfilt_sma_de[23]_stddev;audSpec_Rfilt_sma_de[23]_skewness;audSpec_Rfilt_sma_de[23]_kurtosis;audSpec_Rfilt_sma_de[23]_meanSegLen;audSpec_Rfilt_sma_de[23]_maxSegLen;audSpec_Rfilt_sma_de[23]_minSegLen;audSpec_Rfilt_sma_de[23]_segLenStddev;audSpec_Rfilt_sma_de[23]_upleveltime25;audSpec_Rfilt_sma_de[23]_upleveltime50;audSpec_Rfilt_sma_de[23]_upleveltime75;audSpec_Rfilt_sma_de[23]_upleveltime90;audSpec_Rfilt_sma_de[23]_risetime;audSpec_Rfilt_sma_de[23]_leftctime;audSpec_Rfilt_sma_de[23]_lpgain;audSpec_Rfilt_sma_de[23]_lpc0;audSpec_Rfilt_sma_de[23]_lpc1;audSpec_Rfilt_sma_de[23]_lpc2;audSpec_Rfilt_sma_de[23]_lpc3;audSpec_Rfilt_sma_de[23]_lpc4;audSpec_Rfilt_sma_de[24]_range;audSpec_Rfilt_sma_de[24]_maxPos;audSpec_Rfilt_sma_de[24]_minPos;audSpec_Rfilt_sma_de[24]_quartile1;audSpec_Rfilt_sma_de[24]_quartile2;audSpec_Rfilt_sma_de[24]_quartile3;audSpec_Rfilt_sma_de[24]_iqr1-2;audSpec_Rfilt_sma_de[24]_iqr2-3;audSpec_Rfilt_sma_de[24]_iqr1-3;audSpec_Rfilt_sma_de[24]_percentile1.0;audSpec_Rfilt_sma_de[24]_percentile99.0;audSpec_Rfilt_sma_de[24]_pctlrange0-1;audSpec_Rfilt_sma_de[24]_stddev;audSpec_Rfilt_sma_de[24]_skewness;audSpec_Rfilt_sma_de[24]_kurtosis;audSpec_Rfilt_sma_de[24]_meanSegLen;audSpec_Rfilt_sma_de[24]_maxSegLen;audSpec_Rfilt_sma_de[24]_minSegLen;audSpec_Rfilt_sma_de[24]_segLenStddev;audSpec_Rfilt_sma_de[24]_upleveltime25;audSpec_Rfilt_sma_de[24]_upleveltime50;audSpec_Rfilt_sma_de[24]_upleveltime75;audSpec_Rfilt_sma_de[24]_upleveltime90;audSpec_Rfilt_sma_de[24]_risetime;audSpec_Rfilt_sma_de[24]_leftctime;audSpec_Rfilt_sma_de[24]_lpgain;audSpec_Rfilt_sma_de[24]_lpc0;audSpec_Rfilt_sma_de[24]_lpc1;audSpec_Rfilt_sma_de[24]_lpc2;audSpec_Rfilt_sma_de[24]_lpc3;audSpec_Rfilt_sma_de[24]_lpc4;audSpec_Rfilt_sma_de[25]_range;audSpec_Rfilt_sma_de[25]_maxPos;audSpec_Rfilt_sma_de[25]_minPos;audSpec_Rfilt_sma_de[25]_quartile1;audSpec_Rfilt_sma_de[25]_quartile2;audSpec_Rfilt_sma_de[25]_quartile3;audSpec_Rfilt_sma_de[25]_iqr1-2;audSpec_Rfilt_sma_de[25]_iqr2-3;audSpec_Rfilt_sma_de[25]_iqr1-3;audSpec_Rfilt_sma_de[25]_percentile1.0;audSpec_Rfilt_sma_de[25]_percentile99.0;audSpec_Rfilt_sma_de[25]_pctlrange0-1;audSpec_Rfilt_sma_de[25]_stddev;audSpec_Rfilt_sma_de[25]_skewness;audSpec_Rfilt_sma_de[25]_kurtosis;audSpec_Rfilt_sma_de[25]_meanSegLen;audSpec_Rfilt_sma_de[25]_maxSegLen;audSpec_Rfilt_sma_de[25]_minSegLen;audSpec_Rfilt_sma_de[25]_segLenStddev;audSpec_Rfilt_sma_de[25]_upleveltime25;audSpec_Rfilt_sma_de[25]_upleveltime50;audSpec_Rfilt_sma_de[25]_upleveltime75;audSpec_Rfilt_sma_de[25]_upleveltime90;audSpec_Rfilt_sma_de[25]_risetime;audSpec_Rfilt_sma_de[25]_leftctime;audSpec_Rfilt_sma_de[25]_lpgain;audSpec_Rfilt_sma_de[25]_lpc0;audSpec_Rfilt_sma_de[25]_lpc1;audSpec_Rfilt_sma_de[25]_lpc2;audSpec_Rfilt_sma_de[25]_lpc3;audSpec_Rfilt_sma_de[25]_lpc4;pcm_fftMag_fband250-650_sma_de_range;pcm_fftMag_fband250-650_sma_de_maxPos;pcm_fftMag_fband250-650_sma_de_minPos;pcm_fftMag_fband250-650_sma_de_quartile1;pcm_fftMag_fband250-650_sma_de_quartile2;pcm_fftMag_fband250-650_sma_de_quartile3;pcm_fftMag_fband250-650_sma_de_iqr1-2;pcm_fftMag_fband250-650_sma_de_iqr2-3;pcm_fftMag_fband250-650_sma_de_iqr1-3;pcm_fftMag_fband250-650_sma_de_percentile1.0;pcm_fftMag_fband250-650_sma_de_percentile99.0;pcm_fftMag_fband250-650_sma_de_pctlrange0-1;pcm_fftMag_fband250-650_sma_de_stddev;pcm_fftMag_fband250-650_sma_de_skewness;pcm_fftMag_fband250-650_sma_de_kurtosis;pcm_fftMag_fband250-650_sma_de_meanSegLen;pcm_fftMag_fband250-650_sma_de_maxSegLen;pcm_fftMag_fband250-650_sma_de_minSegLen;pcm_fftMag_fband250-650_sma_de_segLenStddev;pcm_fftMag_fband250-650_sma_de_upleveltime25;pcm_fftMag_fband250-650_sma_de_upleveltime50;pcm_fftMag_fband250-650_sma_de_upleveltime75;pcm_fftMag_fband250-650_sma_de_upleveltime90;pcm_fftMag_fband250-650_sma_de_risetime;pcm_fftMag_fband250-650_sma_de_leftctime;pcm_fftMag_fband250-650_sma_de_lpgain;pcm_fftMag_fband250-650_sma_de_lpc0;pcm_fftMag_fband250-650_sma_de_lpc1;pcm_fftMag_fband250-650_sma_de_lpc2;pcm_fftMag_fband250-650_sma_de_lpc3;pcm_fftMag_fband250-650_sma_de_lpc4;pcm_fftMag_fband1000-4000_sma_de_range;pcm_fftMag_fband1000-4000_sma_de_maxPos;pcm_fftMag_fband1000-4000_sma_de_minPos;pcm_fftMag_fband1000-4000_sma_de_quartile1;pcm_fftMag_fband1000-4000_sma_de_quartile2;pcm_fftMag_fband1000-4000_sma_de_quartile3;pcm_fftMag_fband1000-4000_sma_de_iqr1-2;pcm_fftMag_fband1000-4000_sma_de_iqr2-3;pcm_fftMag_fband1000-4000_sma_de_iqr1-3;pcm_fftMag_fband1000-4000_sma_de_percentile1.0;pcm_fftMag_fband1000-4000_sma_de_percentile99.0;pcm_fftMag_fband1000-4000_sma_de_pctlrange0-1;pcm_fftMag_fband1000-4000_sma_de_stddev;pcm_fftMag_fband1000-4000_sma_de_skewness;pcm_fftMag_fband1000-4000_sma_de_kurtosis;pcm_fftMag_fband1000-4000_sma_de_meanSegLen;pcm_fftMag_fband1000-4000_sma_de_maxSegLen;pcm_fftMag_fband1000-4000_sma_de_minSegLen;pcm_fftMag_fband1000-4000_sma_de_segLenStddev;pcm_fftMag_fband1000-4000_sma_de_upleveltime25;pcm_fftMag_fband1000-4000_sma_de_upleveltime50;pcm_fftMag_fband1000-4000_sma_de_upleveltime75;pcm_fftMag_fband1000-4000_sma_de_upleveltime90;pcm_fftMag_fband1000-4000_sma_de_risetime;pcm_fftMag_fband1000-4000_sma_de_leftctime;pcm_fftMag_fband1000-4000_sma_de_lpgain;pcm_fftMag_fband1000-4000_sma_de_lpc0;pcm_fftMag_fband1000-4000_sma_de_lpc1;pcm_fftMag_fband1000-4000_sma_de_lpc2;pcm_fftMag_fband1000-4000_sma_de_lpc3;pcm_fftMag_fband1000-4000_sma_de_lpc4;pcm_fftMag_spectralRollOff25.0_sma_de_range;pcm_fftMag_spectralRollOff25.0_sma_de_maxPos;pcm_fftMag_spectralRollOff25.0_sma_de_minPos;pcm_fftMag_spectralRollOff25.0_sma_de_quartile1;pcm_fftMag_spectralRollOff25.0_sma_de_quartile2;pcm_fftMag_spectralRollOff25.0_sma_de_quartile3;pcm_fftMag_spectralRollOff25.0_sma_de_iqr1-2;pcm_fftMag_spectralRollOff25.0_sma_de_iqr2-3;pcm_fftMag_spectralRollOff25.0_sma_de_iqr1-3;pcm_fftMag_spectralRollOff25.0_sma_de_percentile1.0;pcm_fftMag_spectralRollOff25.0_sma_de_percentile99.0;pcm_fftMag_spectralRollOff25.0_sma_de_pctlrange0-1;pcm_fftMag_spectralRollOff25.0_sma_de_stddev;pcm_fftMag_spectralRollOff25.0_sma_de_skewness;pcm_fftMag_spectralRollOff25.0_sma_de_kurtosis;pcm_fftMag_spectralRollOff25.0_sma_de_meanSegLen;pcm_fftMag_spectralRollOff25.0_sma_de_maxSegLen;pcm_fftMag_spectralRollOff25.0_sma_de_minSegLen;pcm_fftMag_spectralRollOff25.0_sma_de_segLenStddev;pcm_fftMag_spectralRollOff25.0_sma_de_upleveltime25;pcm_fftMag_spectralRollOff25.0_sma_de_upleveltime50;pcm_fftMag_spectralRollOff25.0_sma_de_upleveltime75;pcm_fftMag_spectralRollOff25.0_sma_de_upleveltime90;pcm_fftMag_spectralRollOff25.0_sma_de_risetime;pcm_fftMag_spectralRollOff25.0_sma_de_leftctime;pcm_fftMag_spectralRollOff25.0_sma_de_lpgain;pcm_fftMag_spectralRollOff25.0_sma_de_lpc0;pcm_fftMag_spectralRollOff25.0_sma_de_lpc1;pcm_fftMag_spectralRollOff25.0_sma_de_lpc2;pcm_fftMag_spectralRollOff25.0_sma_de_lpc3;pcm_fftMag_spectralRollOff25.0_sma_de_lpc4;pcm_fftMag_spectralRollOff50.0_sma_de_range;pcm_fftMag_spectralRollOff50.0_sma_de_maxPos;pcm_fftMag_spectralRollOff50.0_sma_de_minPos;pcm_fftMag_spectralRollOff50.0_sma_de_quartile1;pcm_fftMag_spectralRollOff50.0_sma_de_quartile2;pcm_fftMag_spectralRollOff50.0_sma_de_quartile3;pcm_fftMag_spectralRollOff50.0_sma_de_iqr1-2;pcm_fftMag_spectralRollOff50.0_sma_de_iqr2-3;pcm_fftMag_spectralRollOff50.0_sma_de_iqr1-3;pcm_fftMag_spectralRollOff50.0_sma_de_percentile1.0;pcm_fftMag_spectralRollOff50.0_sma_de_percentile99.0;pcm_fftMag_spectralRollOff50.0_sma_de_pctlrange0-1;pcm_fftMag_spectralRollOff50.0_sma_de_stddev;pcm_fftMag_spectralRollOff50.0_sma_de_skewness;pcm_fftMag_spectralRollOff50.0_sma_de_kurtosis;pcm_fftMag_spectralRollOff50.0_sma_de_meanSegLen;pcm_fftMag_spectralRollOff50.0_sma_de_maxSegLen;pcm_fftMag_spectralRollOff50.0_sma_de_minSegLen;pcm_fftMag_spectralRollOff50.0_sma_de_segLenStddev;pcm_fftMag_spectralRollOff50.0_sma_de_upleveltime25;pcm_fftMag_spectralRollOff50.0_sma_de_upleveltime50;pcm_fftMag_spectralRollOff50.0_sma_de_upleveltime75;pcm_fftMag_spectralRollOff50.0_sma_de_upleveltime90;pcm_fftMag_spectralRollOff50.0_sma_de_risetime;pcm_fftMag_spectralRollOff50.0_sma_de_leftctime;pcm_fftMag_spectralRollOff50.0_sma_de_lpgain;pcm_fftMag_spectralRollOff50.0_sma_de_lpc0;pcm_fftMag_spectralRollOff50.0_sma_de_lpc1;pcm_fftMag_spectralRollOff50.0_sma_de_lpc2;pcm_fftMag_spectralRollOff50.0_sma_de_lpc3;pcm_fftMag_spectralRollOff50.0_sma_de_lpc4;pcm_fftMag_spectralRollOff75.0_sma_de_range;pcm_fftMag_spectralRollOff75.0_sma_de_maxPos;pcm_fftMag_spectralRollOff75.0_sma_de_minPos;pcm_fftMag_spectralRollOff75.0_sma_de_quartile1;pcm_fftMag_spectralRollOff75.0_sma_de_quartile2;pcm_fftMag_spectralRollOff75.0_sma_de_quartile3;pcm_fftMag_spectralRollOff75.0_sma_de_iqr1-2;pcm_fftMag_spectralRollOff75.0_sma_de_iqr2-3;pcm_fftMag_spectralRollOff75.0_sma_de_iqr1-3;pcm_fftMag_spectralRollOff75.0_sma_de_percentile1.0;pcm_fftMag_spectralRollOff75.0_sma_de_percentile99.0;pcm_fftMag_spectralRollOff75.0_sma_de_pctlrange0-1;pcm_fftMag_spectralRollOff75.0_sma_de_stddev;pcm_fftMag_spectralRollOff75.0_sma_de_skewness;pcm_fftMag_spectralRollOff75.0_sma_de_kurtosis;pcm_fftMag_spectralRollOff75.0_sma_de_meanSegLen;pcm_fftMag_spectralRollOff75.0_sma_de_maxSegLen;pcm_fftMag_spectralRollOff75.0_sma_de_minSegLen;pcm_fftMag_spectralRollOff75.0_sma_de_segLenStddev;pcm_fftMag_spectralRollOff75.0_sma_de_upleveltime25;pcm_fftMag_spectralRollOff75.0_sma_de_upleveltime50;pcm_fftMag_spectralRollOff75.0_sma_de_upleveltime75;pcm_fftMag_spectralRollOff75.0_sma_de_upleveltime90;pcm_fftMag_spectralRollOff75.0_sma_de_risetime;pcm_fftMag_spectralRollOff75.0_sma_de_leftctime;pcm_fftMag_spectralRollOff75.0_sma_de_lpgain;pcm_fftMag_spectralRollOff75.0_sma_de_lpc0;pcm_fftMag_spectralRollOff75.0_sma_de_lpc1;pcm_fftMag_spectralRollOff75.0_sma_de_lpc2;pcm_fftMag_spectralRollOff75.0_sma_de_lpc3;pcm_fftMag_spectralRollOff75.0_sma_de_lpc4;pcm_fftMag_spectralRollOff90.0_sma_de_range;pcm_fftMag_spectralRollOff90.0_sma_de_maxPos;pcm_fftMag_spectralRollOff90.0_sma_de_minPos;pcm_fftMag_spectralRollOff90.0_sma_de_quartile1;pcm_fftMag_spectralRollOff90.0_sma_de_quartile2;pcm_fftMag_spectralRollOff90.0_sma_de_quartile3;pcm_fftMag_spectralRollOff90.0_sma_de_iqr1-2;pcm_fftMag_spectralRollOff90.0_sma_de_iqr2-3;pcm_fftMag_spectralRollOff90.0_sma_de_iqr1-3;pcm_fftMag_spectralRollOff90.0_sma_de_percentile1.0;pcm_fftMag_spectralRollOff90.0_sma_de_percentile99.0;pcm_fftMag_spectralRollOff90.0_sma_de_pctlrange0-1;pcm_fftMag_spectralRollOff90.0_sma_de_stddev;pcm_fftMag_spectralRollOff90.0_sma_de_skewness;pcm_fftMag_spectralRollOff90.0_sma_de_kurtosis;pcm_fftMag_spectralRollOff90.0_sma_de_meanSegLen;pcm_fftMag_spectralRollOff90.0_sma_de_maxSegLen;pcm_fftMag_spectralRollOff90.0_sma_de_minSegLen;pcm_fftMag_spectralRollOff90.0_sma_de_segLenStddev;pcm_fftMag_spectralRollOff90.0_sma_de_upleveltime25;pcm_fftMag_spectralRollOff90.0_sma_de_upleveltime50;pcm_fftMag_spectralRollOff90.0_sma_de_upleveltime75;pcm_fftMag_spectralRollOff90.0_sma_de_upleveltime90;pcm_fftMag_spectralRollOff90.0_sma_de_risetime;pcm_fftMag_spectralRollOff90.0_sma_de_leftctime;pcm_fftMag_spectralRollOff90.0_sma_de_lpgain;pcm_fftMag_spectralRollOff90.0_sma_de_lpc0;pcm_fftMag_spectralRollOff90.0_sma_de_lpc1;pcm_fftMag_spectralRollOff90.0_sma_de_lpc2;pcm_fftMag_spectralRollOff90.0_sma_de_lpc3;pcm_fftMag_spectralRollOff90.0_sma_de_lpc4;pcm_fftMag_spectralFlux_sma_de_range;pcm_fftMag_spectralFlux_sma_de_maxPos;pcm_fftMag_spectralFlux_sma_de_minPos;pcm_fftMag_spectralFlux_sma_de_quartile1;pcm_fftMag_spectralFlux_sma_de_quartile2;pcm_fftMag_spectralFlux_sma_de_quartile3;pcm_fftMag_spectralFlux_sma_de_iqr1-2;pcm_fftMag_spectralFlux_sma_de_iqr2-3;pcm_fftMag_spectralFlux_sma_de_iqr1-3;pcm_fftMag_spectralFlux_sma_de_percentile1.0;pcm_fftMag_spectralFlux_sma_de_percentile99.0;pcm_fftMag_spectralFlux_sma_de_pctlrange0-1;pcm_fftMag_spectralFlux_sma_de_stddev;pcm_fftMag_spectralFlux_sma_de_skewness;pcm_fftMag_spectralFlux_sma_de_kurtosis;pcm_fftMag_spectralFlux_sma_de_meanSegLen;pcm_fftMag_spectralFlux_sma_de_maxSegLen;pcm_fftMag_spectralFlux_sma_de_minSegLen;pcm_fftMag_spectralFlux_sma_de_segLenStddev;pcm_fftMag_spectralFlux_sma_de_upleveltime25;pcm_fftMag_spectralFlux_sma_de_upleveltime50;pcm_fftMag_spectralFlux_sma_de_upleveltime75;pcm_fftMag_spectralFlux_sma_de_upleveltime90;pcm_fftMag_spectralFlux_sma_de_risetime;pcm_fftMag_spectralFlux_sma_de_leftctime;pcm_fftMag_spectralFlux_sma_de_lpgain;pcm_fftMag_spectralFlux_sma_de_lpc0;pcm_fftMag_spectralFlux_sma_de_lpc1;pcm_fftMag_spectralFlux_sma_de_lpc2;pcm_fftMag_spectralFlux_sma_de_lpc3;pcm_fftMag_spectralFlux_sma_de_lpc4;pcm_fftMag_spectralCentroid_sma_de_range;pcm_fftMag_spectralCentroid_sma_de_maxPos;pcm_fftMag_spectralCentroid_sma_de_minPos;pcm_fftMag_spectralCentroid_sma_de_quartile1;pcm_fftMag_spectralCentroid_sma_de_quartile2;pcm_fftMag_spectralCentroid_sma_de_quartile3;pcm_fftMag_spectralCentroid_sma_de_iqr1-2;pcm_fftMag_spectralCentroid_sma_de_iqr2-3;pcm_fftMag_spectralCentroid_sma_de_iqr1-3;pcm_fftMag_spectralCentroid_sma_de_percentile1.0;pcm_fftMag_spectralCentroid_sma_de_percentile99.0;pcm_fftMag_spectralCentroid_sma_de_pctlrange0-1;pcm_fftMag_spectralCentroid_sma_de_stddev;pcm_fftMag_spectralCentroid_sma_de_skewness;pcm_fftMag_spectralCentroid_sma_de_kurtosis;pcm_fftMag_spectralCentroid_sma_de_meanSegLen;pcm_fftMag_spectralCentroid_sma_de_maxSegLen;pcm_fftMag_spectralCentroid_sma_de_minSegLen;pcm_fftMag_spectralCentroid_sma_de_segLenStddev;pcm_fftMag_spectralCentroid_sma_de_upleveltime25;pcm_fftMag_spectralCentroid_sma_de_upleveltime50;pcm_fftMag_spectralCentroid_sma_de_upleveltime75;pcm_fftMag_spectralCentroid_sma_de_upleveltime90;pcm_fftMag_spectralCentroid_sma_de_risetime;pcm_fftMag_spectralCentroid_sma_de_leftctime;pcm_fftMag_spectralCentroid_sma_de_lpgain;pcm_fftMag_spectralCentroid_sma_de_lpc0;pcm_fftMag_spectralCentroid_sma_de_lpc1;pcm_fftMag_spectralCentroid_sma_de_lpc2;pcm_fftMag_spectralCentroid_sma_de_lpc3;pcm_fftMag_spectralCentroid_sma_de_lpc4;pcm_fftMag_spectralEntropy_sma_de_range;pcm_fftMag_spectralEntropy_sma_de_maxPos;pcm_fftMag_spectralEntropy_sma_de_minPos;pcm_fftMag_spectralEntropy_sma_de_quartile1;pcm_fftMag_spectralEntropy_sma_de_quartile2;pcm_fftMag_spectralEntropy_sma_de_quartile3;pcm_fftMag_spectralEntropy_sma_de_iqr1-2;pcm_fftMag_spectralEntropy_sma_de_iqr2-3;pcm_fftMag_spectralEntropy_sma_de_iqr1-3;pcm_fftMag_spectralEntropy_sma_de_percentile1.0;pcm_fftMag_spectralEntropy_sma_de_percentile99.0;pcm_fftMag_spectralEntropy_sma_de_pctlrange0-1;pcm_fftMag_spectralEntropy_sma_de_stddev;pcm_fftMag_spectralEntropy_sma_de_skewness;pcm_fftMag_spectralEntropy_sma_de_kurtosis;pcm_fftMag_spectralEntropy_sma_de_meanSegLen;pcm_fftMag_spectralEntropy_sma_de_maxSegLen;pcm_fftMag_spectralEntropy_sma_de_minSegLen;pcm_fftMag_spectralEntropy_sma_de_segLenStddev;pcm_fftMag_spectralEntropy_sma_de_upleveltime25;pcm_fftMag_spectralEntropy_sma_de_upleveltime50;pcm_fftMag_spectralEntropy_sma_de_upleveltime75;pcm_fftMag_spectralEntropy_sma_de_upleveltime90;pcm_fftMag_spectralEntropy_sma_de_risetime;pcm_fftMag_spectralEntropy_sma_de_leftctime;pcm_fftMag_spectralEntropy_sma_de_lpgain;pcm_fftMag_spectralEntropy_sma_de_lpc0;pcm_fftMag_spectralEntropy_sma_de_lpc1;pcm_fftMag_spectralEntropy_sma_de_lpc2;pcm_fftMag_spectralEntropy_sma_de_lpc3;pcm_fftMag_spectralEntropy_sma_de_lpc4;pcm_fftMag_spectralVariance_sma_de_range;pcm_fftMag_spectralVariance_sma_de_maxPos;pcm_fftMag_spectralVariance_sma_de_minPos;pcm_fftMag_spectralVariance_sma_de_quartile1;pcm_fftMag_spectralVariance_sma_de_quartile2;pcm_fftMag_spectralVariance_sma_de_quartile3;pcm_fftMag_spectralVariance_sma_de_iqr1-2;pcm_fftMag_spectralVariance_sma_de_iqr2-3;pcm_fftMag_spectralVariance_sma_de_iqr1-3;pcm_fftMag_spectralVariance_sma_de_percentile1.0;pcm_fftMag_spectralVariance_sma_de_percentile99.0;pcm_fftMag_spectralVariance_sma_de_pctlrange0-1;pcm_fftMag_spectralVariance_sma_de_stddev;pcm_fftMag_spectralVariance_sma_de_skewness;pcm_fftMag_spectralVariance_sma_de_kurtosis;pcm_fftMag_spectralVariance_sma_de_meanSegLen;pcm_fftMag_spectralVariance_sma_de_maxSegLen;pcm_fftMag_spectralVariance_sma_de_minSegLen;pcm_fftMag_spectralVariance_sma_de_segLenStddev;pcm_fftMag_spectralVariance_sma_de_upleveltime25;pcm_fftMag_spectralVariance_sma_de_upleveltime50;pcm_fftMag_spectralVariance_sma_de_upleveltime75;pcm_fftMag_spectralVariance_sma_de_upleveltime90;pcm_fftMag_spectralVariance_sma_de_risetime;pcm_fftMag_spectralVariance_sma_de_leftctime;pcm_fftMag_spectralVariance_sma_de_lpgain;pcm_fftMag_spectralVariance_sma_de_lpc0;pcm_fftMag_spectralVariance_sma_de_lpc1;pcm_fftMag_spectralVariance_sma_de_lpc2;pcm_fftMag_spectralVariance_sma_de_lpc3;pcm_fftMag_spectralVariance_sma_de_lpc4;pcm_fftMag_spectralSkewness_sma_de_range;pcm_fftMag_spectralSkewness_sma_de_maxPos;pcm_fftMag_spectralSkewness_sma_de_minPos;pcm_fftMag_spectralSkewness_sma_de_quartile1;pcm_fftMag_spectralSkewness_sma_de_quartile2;pcm_fftMag_spectralSkewness_sma_de_quartile3;pcm_fftMag_spectralSkewness_sma_de_iqr1-2;pcm_fftMag_spectralSkewness_sma_de_iqr2-3;pcm_fftMag_spectralSkewness_sma_de_iqr1-3;pcm_fftMag_spectralSkewness_sma_de_percentile1.0;pcm_fftMag_spectralSkewness_sma_de_percentile99.0;pcm_fftMag_spectralSkewness_sma_de_pctlrange0-1;pcm_fftMag_spectralSkewness_sma_de_stddev;pcm_fftMag_spectralSkewness_sma_de_skewness;pcm_fftMag_spectralSkewness_sma_de_kurtosis;pcm_fftMag_spectralSkewness_sma_de_meanSegLen;pcm_fftMag_spectralSkewness_sma_de_maxSegLen;pcm_fftMag_spectralSkewness_sma_de_minSegLen;pcm_fftMag_spectralSkewness_sma_de_segLenStddev;pcm_fftMag_spectralSkewness_sma_de_upleveltime25;pcm_fftMag_spectralSkewness_sma_de_upleveltime50;pcm_fftMag_spectralSkewness_sma_de_upleveltime75;pcm_fftMag_spectralSkewness_sma_de_upleveltime90;pcm_fftMag_spectralSkewness_sma_de_risetime;pcm_fftMag_spectralSkewness_sma_de_leftctime;pcm_fftMag_spectralSkewness_sma_de_lpgain;pcm_fftMag_spectralSkewness_sma_de_lpc0;pcm_fftMag_spectralSkewness_sma_de_lpc1;pcm_fftMag_spectralSkewness_sma_de_lpc2;pcm_fftMag_spectralSkewness_sma_de_lpc3;pcm_fftMag_spectralSkewness_sma_de_lpc4;pcm_fftMag_spectralKurtosis_sma_de_range;pcm_fftMag_spectralKurtosis_sma_de_maxPos;pcm_fftMag_spectralKurtosis_sma_de_minPos;pcm_fftMag_spectralKurtosis_sma_de_quartile1;pcm_fftMag_spectralKurtosis_sma_de_quartile2;pcm_fftMag_spectralKurtosis_sma_de_quartile3;pcm_fftMag_spectralKurtosis_sma_de_iqr1-2;pcm_fftMag_spectralKurtosis_sma_de_iqr2-3;pcm_fftMag_spectralKurtosis_sma_de_iqr1-3;pcm_fftMag_spectralKurtosis_sma_de_percentile1.0;pcm_fftMag_spectralKurtosis_sma_de_percentile99.0;pcm_fftMag_spectralKurtosis_sma_de_pctlrange0-1;pcm_fftMag_spectralKurtosis_sma_de_stddev;pcm_fftMag_spectralKurtosis_sma_de_skewness;pcm_fftMag_spectralKurtosis_sma_de_kurtosis;pcm_fftMag_spectralKurtosis_sma_de_meanSegLen;pcm_fftMag_spectralKurtosis_sma_de_maxSegLen;pcm_fftMag_spectralKurtosis_sma_de_minSegLen;pcm_fftMag_spectralKurtosis_sma_de_segLenStddev;pcm_fftMag_spectralKurtosis_sma_de_upleveltime25;pcm_fftMag_spectralKurtosis_sma_de_upleveltime50;pcm_fftMag_spectralKurtosis_sma_de_upleveltime75;pcm_fftMag_spectralKurtosis_sma_de_upleveltime90;pcm_fftMag_spectralKurtosis_sma_de_risetime;pcm_fftMag_spectralKurtosis_sma_de_leftctime;pcm_fftMag_spectralKurtosis_sma_de_lpgain;pcm_fftMag_spectralKurtosis_sma_de_lpc0;pcm_fftMag_spectralKurtosis_sma_de_lpc1;pcm_fftMag_spectralKurtosis_sma_de_lpc2;pcm_fftMag_spectralKurtosis_sma_de_lpc3;pcm_fftMag_spectralKurtosis_sma_de_lpc4;pcm_fftMag_spectralSlope_sma_de_range;pcm_fftMag_spectralSlope_sma_de_maxPos;pcm_fftMag_spectralSlope_sma_de_minPos;pcm_fftMag_spectralSlope_sma_de_quartile1;pcm_fftMag_spectralSlope_sma_de_quartile2;pcm_fftMag_spectralSlope_sma_de_quartile3;pcm_fftMag_spectralSlope_sma_de_iqr1-2;pcm_fftMag_spectralSlope_sma_de_iqr2-3;pcm_fftMag_spectralSlope_sma_de_iqr1-3;pcm_fftMag_spectralSlope_sma_de_percentile1.0;pcm_fftMag_spectralSlope_sma_de_percentile99.0;pcm_fftMag_spectralSlope_sma_de_pctlrange0-1;pcm_fftMag_spectralSlope_sma_de_stddev;pcm_fftMag_spectralSlope_sma_de_skewness;pcm_fftMag_spectralSlope_sma_de_kurtosis;pcm_fftMag_spectralSlope_sma_de_meanSegLen;pcm_fftMag_spectralSlope_sma_de_maxSegLen;pcm_fftMag_spectralSlope_sma_de_minSegLen;pcm_fftMag_spectralSlope_sma_de_segLenStddev;pcm_fftMag_spectralSlope_sma_de_upleveltime25;pcm_fftMag_spectralSlope_sma_de_upleveltime50;pcm_fftMag_spectralSlope_sma_de_upleveltime75;pcm_fftMag_spectralSlope_sma_de_upleveltime90;pcm_fftMag_spectralSlope_sma_de_risetime;pcm_fftMag_spectralSlope_sma_de_leftctime;pcm_fftMag_spectralSlope_sma_de_lpgain;pcm_fftMag_spectralSlope_sma_de_lpc0;pcm_fftMag_spectralSlope_sma_de_lpc1;pcm_fftMag_spectralSlope_sma_de_lpc2;pcm_fftMag_spectralSlope_sma_de_lpc3;pcm_fftMag_spectralSlope_sma_de_lpc4;pcm_fftMag_psySharpness_sma_de_range;pcm_fftMag_psySharpness_sma_de_maxPos;pcm_fftMag_psySharpness_sma_de_minPos;pcm_fftMag_psySharpness_sma_de_quartile1;pcm_fftMag_psySharpness_sma_de_quartile2;pcm_fftMag_psySharpness_sma_de_quartile3;pcm_fftMag_psySharpness_sma_de_iqr1-2;pcm_fftMag_psySharpness_sma_de_iqr2-3;pcm_fftMag_psySharpness_sma_de_iqr1-3;pcm_fftMag_psySharpness_sma_de_percentile1.0;pcm_fftMag_psySharpness_sma_de_percentile99.0;pcm_fftMag_psySharpness_sma_de_pctlrange0-1;pcm_fftMag_psySharpness_sma_de_stddev;pcm_fftMag_psySharpness_sma_de_skewness;pcm_fftMag_psySharpness_sma_de_kurtosis;pcm_fftMag_psySharpness_sma_de_meanSegLen;pcm_fftMag_psySharpness_sma_de_maxSegLen;pcm_fftMag_psySharpness_sma_de_minSegLen;pcm_fftMag_psySharpness_sma_de_segLenStddev;pcm_fftMag_psySharpness_sma_de_upleveltime25;pcm_fftMag_psySharpness_sma_de_upleveltime50;pcm_fftMag_psySharpness_sma_de_upleveltime75;pcm_fftMag_psySharpness_sma_de_upleveltime90;pcm_fftMag_psySharpness_sma_de_risetime;pcm_fftMag_psySharpness_sma_de_leftctime;pcm_fftMag_psySharpness_sma_de_lpgain;pcm_fftMag_psySharpness_sma_de_lpc0;pcm_fftMag_psySharpness_sma_de_lpc1;pcm_fftMag_psySharpness_sma_de_lpc2;pcm_fftMag_psySharpness_sma_de_lpc3;pcm_fftMag_psySharpness_sma_de_lpc4;pcm_fftMag_spectralHarmonicity_sma_de_range;pcm_fftMag_spectralHarmonicity_sma_de_maxPos;pcm_fftMag_spectralHarmonicity_sma_de_minPos;pcm_fftMag_spectralHarmonicity_sma_de_quartile1;pcm_fftMag_spectralHarmonicity_sma_de_quartile2;pcm_fftMag_spectralHarmonicity_sma_de_quartile3;pcm_fftMag_spectralHarmonicity_sma_de_iqr1-2;pcm_fftMag_spectralHarmonicity_sma_de_iqr2-3;pcm_fftMag_spectralHarmonicity_sma_de_iqr1-3;pcm_fftMag_spectralHarmonicity_sma_de_percentile1.0;pcm_fftMag_spectralHarmonicity_sma_de_percentile99.0;pcm_fftMag_spectralHarmonicity_sma_de_pctlrange0-1;pcm_fftMag_spectralHarmonicity_sma_de_stddev;pcm_fftMag_spectralHarmonicity_sma_de_skewness;pcm_fftMag_spectralHarmonicity_sma_de_kurtosis;pcm_fftMag_spectralHarmonicity_sma_de_meanSegLen;pcm_fftMag_spectralHarmonicity_sma_de_maxSegLen;pcm_fftMag_spectralHarmonicity_sma_de_minSegLen;pcm_fftMag_spectralHarmonicity_sma_de_segLenStddev;pcm_fftMag_spectralHarmonicity_sma_de_upleveltime25;pcm_fftMag_spectralHarmonicity_sma_de_upleveltime50;pcm_fftMag_spectralHarmonicity_sma_de_upleveltime75;pcm_fftMag_spectralHarmonicity_sma_de_upleveltime90;pcm_fftMag_spectralHarmonicity_sma_de_risetime;pcm_fftMag_spectralHarmonicity_sma_de_leftctime;pcm_fftMag_spectralHarmonicity_sma_de_lpgain;pcm_fftMag_spectralHarmonicity_sma_de_lpc0;pcm_fftMag_spectralHarmonicity_sma_de_lpc1;pcm_fftMag_spectralHarmonicity_sma_de_lpc2;pcm_fftMag_spectralHarmonicity_sma_de_lpc3;pcm_fftMag_spectralHarmonicity_sma_de_lpc4;mfcc_sma_de[1]_range;mfcc_sma_de[1]_maxPos;mfcc_sma_de[1]_minPos;mfcc_sma_de[1]_quartile1;mfcc_sma_de[1]_quartile2;mfcc_sma_de[1]_quartile3;mfcc_sma_de[1]_iqr1-2;mfcc_sma_de[1]_iqr2-3;mfcc_sma_de[1]_iqr1-3;mfcc_sma_de[1]_percentile1.0;mfcc_sma_de[1]_percentile99.0;mfcc_sma_de[1]_pctlrange0-1;mfcc_sma_de[1]_stddev;mfcc_sma_de[1]_skewness;mfcc_sma_de[1]_kurtosis;mfcc_sma_de[1]_meanSegLen;mfcc_sma_de[1]_maxSegLen;mfcc_sma_de[1]_minSegLen;mfcc_sma_de[1]_segLenStddev;mfcc_sma_de[1]_upleveltime25;mfcc_sma_de[1]_upleveltime50;mfcc_sma_de[1]_upleveltime75;mfcc_sma_de[1]_upleveltime90;mfcc_sma_de[1]_risetime;mfcc_sma_de[1]_leftctime;mfcc_sma_de[1]_lpgain;mfcc_sma_de[1]_lpc0;mfcc_sma_de[1]_lpc1;mfcc_sma_de[1]_lpc2;mfcc_sma_de[1]_lpc3;mfcc_sma_de[1]_lpc4;mfcc_sma_de[2]_range;mfcc_sma_de[2]_maxPos;mfcc_sma_de[2]_minPos;mfcc_sma_de[2]_quartile1;mfcc_sma_de[2]_quartile2;mfcc_sma_de[2]_quartile3;mfcc_sma_de[2]_iqr1-2;mfcc_sma_de[2]_iqr2-3;mfcc_sma_de[2]_iqr1-3;mfcc_sma_de[2]_percentile1.0;mfcc_sma_de[2]_percentile99.0;mfcc_sma_de[2]_pctlrange0-1;mfcc_sma_de[2]_stddev;mfcc_sma_de[2]_skewness;mfcc_sma_de[2]_kurtosis;mfcc_sma_de[2]_meanSegLen;mfcc_sma_de[2]_maxSegLen;mfcc_sma_de[2]_minSegLen;mfcc_sma_de[2]_segLenStddev;mfcc_sma_de[2]_upleveltime25;mfcc_sma_de[2]_upleveltime50;mfcc_sma_de[2]_upleveltime75;mfcc_sma_de[2]_upleveltime90;mfcc_sma_de[2]_risetime;mfcc_sma_de[2]_leftctime;mfcc_sma_de[2]_lpgain;mfcc_sma_de[2]_lpc0;mfcc_sma_de[2]_lpc1;mfcc_sma_de[2]_lpc2;mfcc_sma_de[2]_lpc3;mfcc_sma_de[2]_lpc4;mfcc_sma_de[3]_range;mfcc_sma_de[3]_maxPos;mfcc_sma_de[3]_minPos;mfcc_sma_de[3]_quartile1;mfcc_sma_de[3]_quartile2;mfcc_sma_de[3]_quartile3;mfcc_sma_de[3]_iqr1-2;mfcc_sma_de[3]_iqr2-3;mfcc_sma_de[3]_iqr1-3;mfcc_sma_de[3]_percentile1.0;mfcc_sma_de[3]_percentile99.0;mfcc_sma_de[3]_pctlrange0-1;mfcc_sma_de[3]_stddev;mfcc_sma_de[3]_skewness;mfcc_sma_de[3]_kurtosis;mfcc_sma_de[3]_meanSegLen;mfcc_sma_de[3]_maxSegLen;mfcc_sma_de[3]_minSegLen;mfcc_sma_de[3]_segLenStddev;mfcc_sma_de[3]_upleveltime25;mfcc_sma_de[3]_upleveltime50;mfcc_sma_de[3]_upleveltime75;mfcc_sma_de[3]_upleveltime90;mfcc_sma_de[3]_risetime;mfcc_sma_de[3]_leftctime;mfcc_sma_de[3]_lpgain;mfcc_sma_de[3]_lpc0;mfcc_sma_de[3]_lpc1;mfcc_sma_de[3]_lpc2;mfcc_sma_de[3]_lpc3;mfcc_sma_de[3]_lpc4;mfcc_sma_de[4]_range;mfcc_sma_de[4]_maxPos;mfcc_sma_de[4]_minPos;mfcc_sma_de[4]_quartile1;mfcc_sma_de[4]_quartile2;mfcc_sma_de[4]_quartile3;mfcc_sma_de[4]_iqr1-2;mfcc_sma_de[4]_iqr2-3;mfcc_sma_de[4]_iqr1-3;mfcc_sma_de[4]_percentile1.0;mfcc_sma_de[4]_percentile99.0;mfcc_sma_de[4]_pctlrange0-1;mfcc_sma_de[4]_stddev;mfcc_sma_de[4]_skewness;mfcc_sma_de[4]_kurtosis;mfcc_sma_de[4]_meanSegLen;mfcc_sma_de[4]_maxSegLen;mfcc_sma_de[4]_minSegLen;mfcc_sma_de[4]_segLenStddev;mfcc_sma_de[4]_upleveltime25;mfcc_sma_de[4]_upleveltime50;mfcc_sma_de[4]_upleveltime75;mfcc_sma_de[4]_upleveltime90;mfcc_sma_de[4]_risetime;mfcc_sma_de[4]_leftctime;mfcc_sma_de[4]_lpgain;mfcc_sma_de[4]_lpc0;mfcc_sma_de[4]_lpc1;mfcc_sma_de[4]_lpc2;mfcc_sma_de[4]_lpc3;mfcc_sma_de[4]_lpc4;mfcc_sma_de[5]_range;mfcc_sma_de[5]_maxPos;mfcc_sma_de[5]_minPos;mfcc_sma_de[5]_quartile1;mfcc_sma_de[5]_quartile2;mfcc_sma_de[5]_quartile3;mfcc_sma_de[5]_iqr1-2;mfcc_sma_de[5]_iqr2-3;mfcc_sma_de[5]_iqr1-3;mfcc_sma_de[5]_percentile1.0;mfcc_sma_de[5]_percentile99.0;mfcc_sma_de[5]_pctlrange0-1;mfcc_sma_de[5]_stddev;mfcc_sma_de[5]_skewness;mfcc_sma_de[5]_kurtosis;mfcc_sma_de[5]_meanSegLen;mfcc_sma_de[5]_maxSegLen;mfcc_sma_de[5]_minSegLen;mfcc_sma_de[5]_segLenStddev;mfcc_sma_de[5]_upleveltime25;mfcc_sma_de[5]_upleveltime50;mfcc_sma_de[5]_upleveltime75;mfcc_sma_de[5]_upleveltime90;mfcc_sma_de[5]_risetime;mfcc_sma_de[5]_leftctime;mfcc_sma_de[5]_lpgain;mfcc_sma_de[5]_lpc0;mfcc_sma_de[5]_lpc1;mfcc_sma_de[5]_lpc2;mfcc_sma_de[5]_lpc3;mfcc_sma_de[5]_lpc4;mfcc_sma_de[6]_range;mfcc_sma_de[6]_maxPos;mfcc_sma_de[6]_minPos;mfcc_sma_de[6]_quartile1;mfcc_sma_de[6]_quartile2;mfcc_sma_de[6]_quartile3;mfcc_sma_de[6]_iqr1-2;mfcc_sma_de[6]_iqr2-3;mfcc_sma_de[6]_iqr1-3;mfcc_sma_de[6]_percentile1.0;mfcc_sma_de[6]_percentile99.0;mfcc_sma_de[6]_pctlrange0-1;mfcc_sma_de[6]_stddev;mfcc_sma_de[6]_skewness;mfcc_sma_de[6]_kurtosis;mfcc_sma_de[6]_meanSegLen;mfcc_sma_de[6]_maxSegLen;mfcc_sma_de[6]_minSegLen;mfcc_sma_de[6]_segLenStddev;mfcc_sma_de[6]_upleveltime25;mfcc_sma_de[6]_upleveltime50;mfcc_sma_de[6]_upleveltime75;mfcc_sma_de[6]_upleveltime90;mfcc_sma_de[6]_risetime;mfcc_sma_de[6]_leftctime;mfcc_sma_de[6]_lpgain;mfcc_sma_de[6]_lpc0;mfcc_sma_de[6]_lpc1;mfcc_sma_de[6]_lpc2;mfcc_sma_de[6]_lpc3;mfcc_sma_de[6]_lpc4;mfcc_sma_de[7]_range;mfcc_sma_de[7]_maxPos;mfcc_sma_de[7]_minPos;mfcc_sma_de[7]_quartile1;mfcc_sma_de[7]_quartile2;mfcc_sma_de[7]_quartile3;mfcc_sma_de[7]_iqr1-2;mfcc_sma_de[7]_iqr2-3;mfcc_sma_de[7]_iqr1-3;mfcc_sma_de[7]_percentile1.0;mfcc_sma_de[7]_percentile99.0;mfcc_sma_de[7]_pctlrange0-1;mfcc_sma_de[7]_stddev;mfcc_sma_de[7]_skewness;mfcc_sma_de[7]_kurtosis;mfcc_sma_de[7]_meanSegLen;mfcc_sma_de[7]_maxSegLen;mfcc_sma_de[7]_minSegLen;mfcc_sma_de[7]_segLenStddev;mfcc_sma_de[7]_upleveltime25;mfcc_sma_de[7]_upleveltime50;mfcc_sma_de[7]_upleveltime75;mfcc_sma_de[7]_upleveltime90;mfcc_sma_de[7]_risetime;mfcc_sma_de[7]_leftctime;mfcc_sma_de[7]_lpgain;mfcc_sma_de[7]_lpc0;mfcc_sma_de[7]_lpc1;mfcc_sma_de[7]_lpc2;mfcc_sma_de[7]_lpc3;mfcc_sma_de[7]_lpc4;mfcc_sma_de[8]_range;mfcc_sma_de[8]_maxPos;mfcc_sma_de[8]_minPos;mfcc_sma_de[8]_quartile1;mfcc_sma_de[8]_quartile2;mfcc_sma_de[8]_quartile3;mfcc_sma_de[8]_iqr1-2;mfcc_sma_de[8]_iqr2-3;mfcc_sma_de[8]_iqr1-3;mfcc_sma_de[8]_percentile1.0;mfcc_sma_de[8]_percentile99.0;mfcc_sma_de[8]_pctlrange0-1;mfcc_sma_de[8]_stddev;mfcc_sma_de[8]_skewness;mfcc_sma_de[8]_kurtosis;mfcc_sma_de[8]_meanSegLen;mfcc_sma_de[8]_maxSegLen;mfcc_sma_de[8]_minSegLen;mfcc_sma_de[8]_segLenStddev;mfcc_sma_de[8]_upleveltime25;mfcc_sma_de[8]_upleveltime50;mfcc_sma_de[8]_upleveltime75;mfcc_sma_de[8]_upleveltime90;mfcc_sma_de[8]_risetime;mfcc_sma_de[8]_leftctime;mfcc_sma_de[8]_lpgain;mfcc_sma_de[8]_lpc0;mfcc_sma_de[8]_lpc1;mfcc_sma_de[8]_lpc2;mfcc_sma_de[8]_lpc3;mfcc_sma_de[8]_lpc4;mfcc_sma_de[9]_range;mfcc_sma_de[9]_maxPos;mfcc_sma_de[9]_minPos;mfcc_sma_de[9]_quartile1;mfcc_sma_de[9]_quartile2;mfcc_sma_de[9]_quartile3;mfcc_sma_de[9]_iqr1-2;mfcc_sma_de[9]_iqr2-3;mfcc_sma_de[9]_iqr1-3;mfcc_sma_de[9]_percentile1.0;mfcc_sma_de[9]_percentile99.0;mfcc_sma_de[9]_pctlrange0-1;mfcc_sma_de[9]_stddev;mfcc_sma_de[9]_skewness;mfcc_sma_de[9]_kurtosis;mfcc_sma_de[9]_meanSegLen;mfcc_sma_de[9]_maxSegLen;mfcc_sma_de[9]_minSegLen;mfcc_sma_de[9]_segLenStddev;mfcc_sma_de[9]_upleveltime25;mfcc_sma_de[9]_upleveltime50;mfcc_sma_de[9]_upleveltime75;mfcc_sma_de[9]_upleveltime90;mfcc_sma_de[9]_risetime;mfcc_sma_de[9]_leftctime;mfcc_sma_de[9]_lpgain;mfcc_sma_de[9]_lpc0;mfcc_sma_de[9]_lpc1;mfcc_sma_de[9]_lpc2;mfcc_sma_de[9]_lpc3;mfcc_sma_de[9]_lpc4;mfcc_sma_de[10]_range;mfcc_sma_de[10]_maxPos;mfcc_sma_de[10]_minPos;mfcc_sma_de[10]_quartile1;mfcc_sma_de[10]_quartile2;mfcc_sma_de[10]_quartile3;mfcc_sma_de[10]_iqr1-2;mfcc_sma_de[10]_iqr2-3;mfcc_sma_de[10]_iqr1-3;mfcc_sma_de[10]_percentile1.0;mfcc_sma_de[10]_percentile99.0;mfcc_sma_de[10]_pctlrange0-1;mfcc_sma_de[10]_stddev;mfcc_sma_de[10]_skewness;mfcc_sma_de[10]_kurtosis;mfcc_sma_de[10]_meanSegLen;mfcc_sma_de[10]_maxSegLen;mfcc_sma_de[10]_minSegLen;mfcc_sma_de[10]_segLenStddev;mfcc_sma_de[10]_upleveltime25;mfcc_sma_de[10]_upleveltime50;mfcc_sma_de[10]_upleveltime75;mfcc_sma_de[10]_upleveltime90;mfcc_sma_de[10]_risetime;mfcc_sma_de[10]_leftctime;mfcc_sma_de[10]_lpgain;mfcc_sma_de[10]_lpc0;mfcc_sma_de[10]_lpc1;mfcc_sma_de[10]_lpc2;mfcc_sma_de[10]_lpc3;mfcc_sma_de[10]_lpc4;mfcc_sma_de[11]_range;mfcc_sma_de[11]_maxPos;mfcc_sma_de[11]_minPos;mfcc_sma_de[11]_quartile1;mfcc_sma_de[11]_quartile2;mfcc_sma_de[11]_quartile3;mfcc_sma_de[11]_iqr1-2;mfcc_sma_de[11]_iqr2-3;mfcc_sma_de[11]_iqr1-3;mfcc_sma_de[11]_percentile1.0;mfcc_sma_de[11]_percentile99.0;mfcc_sma_de[11]_pctlrange0-1;mfcc_sma_de[11]_stddev;mfcc_sma_de[11]_skewness;mfcc_sma_de[11]_kurtosis;mfcc_sma_de[11]_meanSegLen;mfcc_sma_de[11]_maxSegLen;mfcc_sma_de[11]_minSegLen;mfcc_sma_de[11]_segLenStddev;mfcc_sma_de[11]_upleveltime25;mfcc_sma_de[11]_upleveltime50;mfcc_sma_de[11]_upleveltime75;mfcc_sma_de[11]_upleveltime90;mfcc_sma_de[11]_risetime;mfcc_sma_de[11]_leftctime;mfcc_sma_de[11]_lpgain;mfcc_sma_de[11]_lpc0;mfcc_sma_de[11]_lpc1;mfcc_sma_de[11]_lpc2;mfcc_sma_de[11]_lpc3;mfcc_sma_de[11]_lpc4;mfcc_sma_de[12]_range;mfcc_sma_de[12]_maxPos;mfcc_sma_de[12]_minPos;mfcc_sma_de[12]_quartile1;mfcc_sma_de[12]_quartile2;mfcc_sma_de[12]_quartile3;mfcc_sma_de[12]_iqr1-2;mfcc_sma_de[12]_iqr2-3;mfcc_sma_de[12]_iqr1-3;mfcc_sma_de[12]_percentile1.0;mfcc_sma_de[12]_percentile99.0;mfcc_sma_de[12]_pctlrange0-1;mfcc_sma_de[12]_stddev;mfcc_sma_de[12]_skewness;mfcc_sma_de[12]_kurtosis;mfcc_sma_de[12]_meanSegLen;mfcc_sma_de[12]_maxSegLen;mfcc_sma_de[12]_minSegLen;mfcc_sma_de[12]_segLenStddev;mfcc_sma_de[12]_upleveltime25;mfcc_sma_de[12]_upleveltime50;mfcc_sma_de[12]_upleveltime75;mfcc_sma_de[12]_upleveltime90;mfcc_sma_de[12]_risetime;mfcc_sma_de[12]_leftctime;mfcc_sma_de[12]_lpgain;mfcc_sma_de[12]_lpc0;mfcc_sma_de[12]_lpc1;mfcc_sma_de[12]_lpc2;mfcc_sma_de[12]_lpc3;mfcc_sma_de[12]_lpc4;mfcc_sma_de[13]_range;mfcc_sma_de[13]_maxPos;mfcc_sma_de[13]_minPos;mfcc_sma_de[13]_quartile1;mfcc_sma_de[13]_quartile2;mfcc_sma_de[13]_quartile3;mfcc_sma_de[13]_iqr1-2;mfcc_sma_de[13]_iqr2-3;mfcc_sma_de[13]_iqr1-3;mfcc_sma_de[13]_percentile1.0;mfcc_sma_de[13]_percentile99.0;mfcc_sma_de[13]_pctlrange0-1;mfcc_sma_de[13]_stddev;mfcc_sma_de[13]_skewness;mfcc_sma_de[13]_kurtosis;mfcc_sma_de[13]_meanSegLen;mfcc_sma_de[13]_maxSegLen;mfcc_sma_de[13]_minSegLen;mfcc_sma_de[13]_segLenStddev;mfcc_sma_de[13]_upleveltime25;mfcc_sma_de[13]_upleveltime50;mfcc_sma_de[13]_upleveltime75;mfcc_sma_de[13]_upleveltime90;mfcc_sma_de[13]_risetime;mfcc_sma_de[13]_leftctime;mfcc_sma_de[13]_lpgain;mfcc_sma_de[13]_lpc0;mfcc_sma_de[13]_lpc1;mfcc_sma_de[13]_lpc2;mfcc_sma_de[13]_lpc3;mfcc_sma_de[13]_lpc4;mfcc_sma_de[14]_range;mfcc_sma_de[14]_maxPos;mfcc_sma_de[14]_minPos;mfcc_sma_de[14]_quartile1;mfcc_sma_de[14]_quartile2;mfcc_sma_de[14]_quartile3;mfcc_sma_de[14]_iqr1-2;mfcc_sma_de[14]_iqr2-3;mfcc_sma_de[14]_iqr1-3;mfcc_sma_de[14]_percentile1.0;mfcc_sma_de[14]_percentile99.0;mfcc_sma_de[14]_pctlrange0-1;mfcc_sma_de[14]_stddev;mfcc_sma_de[14]_skewness;mfcc_sma_de[14]_kurtosis;mfcc_sma_de[14]_meanSegLen;mfcc_sma_de[14]_maxSegLen;mfcc_sma_de[14]_minSegLen;mfcc_sma_de[14]_segLenStddev;mfcc_sma_de[14]_upleveltime25;mfcc_sma_de[14]_upleveltime50;mfcc_sma_de[14]_upleveltime75;mfcc_sma_de[14]_upleveltime90;mfcc_sma_de[14]_risetime;mfcc_sma_de[14]_leftctime;mfcc_sma_de[14]_lpgain;mfcc_sma_de[14]_lpc0;mfcc_sma_de[14]_lpc1;mfcc_sma_de[14]_lpc2;mfcc_sma_de[14]_lpc3;mfcc_sma_de[14]_lpc4;F0final_sma_amean;F0final_sma_flatness;F0final_sma_posamean;F0final_sma_rqmean;F0final_sma_range;F0final_sma_maxPos;F0final_sma_minPos;F0final_sma_linregc1;F0final_sma_linregc2;F0final_sma_linregerrQ;F0final_sma_qregc1;F0final_sma_qregc2;F0final_sma_qregc3;F0final_sma_qregerrQ;F0final_sma_centroid;F0final_sma_quartile1;F0final_sma_quartile2;F0final_sma_quartile3;F0final_sma_iqr1-2;F0final_sma_iqr2-3;F0final_sma_iqr1-3;F0final_sma_percentile1.0;F0final_sma_percentile99.0;F0final_sma_pctlrange0-1;F0final_sma_stddev;F0final_sma_skewness;F0final_sma_kurtosis;F0final_sma_upleveltime25;F0final_sma_upleveltime50;F0final_sma_upleveltime75;F0final_sma_upleveltime90;F0final_sma_risetime;F0final_sma_leftctime;F0final_sma_lpgain;F0final_sma_lpc0;F0final_sma_lpc1;F0final_sma_lpc2;F0final_sma_lpc3;F0final_sma_lpc4;voicingFinalUnclipped_sma_amean;voicingFinalUnclipped_sma_flatness;voicingFinalUnclipped_sma_posamean;voicingFinalUnclipped_sma_rqmean;voicingFinalUnclipped_sma_range;voicingFinalUnclipped_sma_maxPos;voicingFinalUnclipped_sma_minPos;voicingFinalUnclipped_sma_linregc1;voicingFinalUnclipped_sma_linregc2;voicingFinalUnclipped_sma_linregerrQ;voicingFinalUnclipped_sma_qregc1;voicingFinalUnclipped_sma_qregc2;voicingFinalUnclipped_sma_qregc3;voicingFinalUnclipped_sma_qregerrQ;voicingFinalUnclipped_sma_centroid;voicingFinalUnclipped_sma_quartile1;voicingFinalUnclipped_sma_quartile2;voicingFinalUnclipped_sma_quartile3;voicingFinalUnclipped_sma_iqr1-2;voicingFinalUnclipped_sma_iqr2-3;voicingFinalUnclipped_sma_iqr1-3;voicingFinalUnclipped_sma_percentile1.0;voicingFinalUnclipped_sma_percentile99.0;voicingFinalUnclipped_sma_pctlrange0-1;voicingFinalUnclipped_sma_stddev;voicingFinalUnclipped_sma_skewness;voicingFinalUnclipped_sma_kurtosis;voicingFinalUnclipped_sma_upleveltime25;voicingFinalUnclipped_sma_upleveltime50;voicingFinalUnclipped_sma_upleveltime75;voicingFinalUnclipped_sma_upleveltime90;voicingFinalUnclipped_sma_risetime;voicingFinalUnclipped_sma_leftctime;voicingFinalUnclipped_sma_lpgain;voicingFinalUnclipped_sma_lpc0;voicingFinalUnclipped_sma_lpc1;voicingFinalUnclipped_sma_lpc2;voicingFinalUnclipped_sma_lpc3;voicingFinalUnclipped_sma_lpc4;jitterLocal_sma_amean;jitterLocal_sma_flatness;jitterLocal_sma_posamean;jitterLocal_sma_rqmean;jitterLocal_sma_range;jitterLocal_sma_maxPos;jitterLocal_sma_minPos;jitterLocal_sma_linregc1;jitterLocal_sma_linregc2;jitterLocal_sma_linregerrQ;jitterLocal_sma_qregc1;jitterLocal_sma_qregc2;jitterLocal_sma_qregc3;jitterLocal_sma_qregerrQ;jitterLocal_sma_centroid;jitterLocal_sma_quartile1;jitterLocal_sma_quartile2;jitterLocal_sma_quartile3;jitterLocal_sma_iqr1-2;jitterLocal_sma_iqr2-3;jitterLocal_sma_iqr1-3;jitterLocal_sma_percentile1.0;jitterLocal_sma_percentile99.0;jitterLocal_sma_pctlrange0-1;jitterLocal_sma_stddev;jitterLocal_sma_skewness;jitterLocal_sma_kurtosis;jitterLocal_sma_upleveltime25;jitterLocal_sma_upleveltime50;jitterLocal_sma_upleveltime75;jitterLocal_sma_upleveltime90;jitterLocal_sma_risetime;jitterLocal_sma_leftctime;jitterLocal_sma_lpgain;jitterLocal_sma_lpc0;jitterLocal_sma_lpc1;jitterLocal_sma_lpc2;jitterLocal_sma_lpc3;jitterLocal_sma_lpc4;jitterDDP_sma_amean;jitterDDP_sma_flatness;jitterDDP_sma_posamean;jitterDDP_sma_rqmean;jitterDDP_sma_range;jitterDDP_sma_maxPos;jitterDDP_sma_minPos;jitterDDP_sma_linregc1;jitterDDP_sma_linregc2;jitterDDP_sma_linregerrQ;jitterDDP_sma_qregc1;jitterDDP_sma_qregc2;jitterDDP_sma_qregc3;jitterDDP_sma_qregerrQ;jitterDDP_sma_centroid;jitterDDP_sma_quartile1;jitterDDP_sma_quartile2;jitterDDP_sma_quartile3;jitterDDP_sma_iqr1-2;jitterDDP_sma_iqr2-3;jitterDDP_sma_iqr1-3;jitterDDP_sma_percentile1.0;jitterDDP_sma_percentile99.0;jitterDDP_sma_pctlrange0-1;jitterDDP_sma_stddev;jitterDDP_sma_skewness;jitterDDP_sma_kurtosis;jitterDDP_sma_upleveltime25;jitterDDP_sma_upleveltime50;jitterDDP_sma_upleveltime75;jitterDDP_sma_upleveltime90;jitterDDP_sma_risetime;jitterDDP_sma_leftctime;jitterDDP_sma_lpgain;jitterDDP_sma_lpc0;jitterDDP_sma_lpc1;jitterDDP_sma_lpc2;jitterDDP_sma_lpc3;jitterDDP_sma_lpc4;shimmerLocal_sma_amean;shimmerLocal_sma_flatness;shimmerLocal_sma_posamean;shimmerLocal_sma_rqmean;shimmerLocal_sma_range;shimmerLocal_sma_maxPos;shimmerLocal_sma_minPos;shimmerLocal_sma_linregc1;shimmerLocal_sma_linregc2;shimmerLocal_sma_linregerrQ;shimmerLocal_sma_qregc1;shimmerLocal_sma_qregc2;shimmerLocal_sma_qregc3;shimmerLocal_sma_qregerrQ;shimmerLocal_sma_centroid;shimmerLocal_sma_quartile1;shimmerLocal_sma_quartile2;shimmerLocal_sma_quartile3;shimmerLocal_sma_iqr1-2;shimmerLocal_sma_iqr2-3;shimmerLocal_sma_iqr1-3;shimmerLocal_sma_percentile1.0;shimmerLocal_sma_percentile99.0;shimmerLocal_sma_pctlrange0-1;shimmerLocal_sma_stddev;shimmerLocal_sma_skewness;shimmerLocal_sma_kurtosis;shimmerLocal_sma_upleveltime25;shimmerLocal_sma_upleveltime50;shimmerLocal_sma_upleveltime75;shimmerLocal_sma_upleveltime90;shimmerLocal_sma_risetime;shimmerLocal_sma_leftctime;shimmerLocal_sma_lpgain;shimmerLocal_sma_lpc0;shimmerLocal_sma_lpc1;shimmerLocal_sma_lpc2;shimmerLocal_sma_lpc3;shimmerLocal_sma_lpc4;logHNR_sma_amean;logHNR_sma_flatness;logHNR_sma_posamean;logHNR_sma_rqmean;logHNR_sma_range;logHNR_sma_maxPos;logHNR_sma_minPos;logHNR_sma_linregc1;logHNR_sma_linregc2;logHNR_sma_linregerrQ;logHNR_sma_qregc1;logHNR_sma_qregc2;logHNR_sma_qregc3;logHNR_sma_qregerrQ;logHNR_sma_centroid;logHNR_sma_quartile1;logHNR_sma_quartile2;logHNR_sma_quartile3;logHNR_sma_iqr1-2;logHNR_sma_iqr2-3;logHNR_sma_iqr1-3;logHNR_sma_percentile1.0;logHNR_sma_percentile99.0;logHNR_sma_pctlrange0-1;logHNR_sma_stddev;logHNR_sma_skewness;logHNR_sma_kurtosis;logHNR_sma_upleveltime25;logHNR_sma_upleveltime50;logHNR_sma_upleveltime75;logHNR_sma_upleveltime90;logHNR_sma_risetime;logHNR_sma_leftctime;logHNR_sma_lpgain;logHNR_sma_lpc0;logHNR_sma_lpc1;logHNR_sma_lpc2;logHNR_sma_lpc3;logHNR_sma_lpc4;F0final_sma_de_amean;F0final_sma_de_flatness;F0final_sma_de_posamean;F0final_sma_de_rqmean;F0final_sma_de_range;F0final_sma_de_maxPos;F0final_sma_de_minPos;F0final_sma_de_linregc1;F0final_sma_de_linregc2;F0final_sma_de_linregerrQ;F0final_sma_de_qregc1;F0final_sma_de_qregc2;F0final_sma_de_qregc3;F0final_sma_de_qregerrQ;F0final_sma_de_centroid;F0final_sma_de_quartile1;F0final_sma_de_quartile2;F0final_sma_de_quartile3;F0final_sma_de_iqr1-2;F0final_sma_de_iqr2-3;F0final_sma_de_iqr1-3;F0final_sma_de_percentile1.0;F0final_sma_de_percentile99.0;F0final_sma_de_pctlrange0-1;F0final_sma_de_stddev;F0final_sma_de_skewness;F0final_sma_de_kurtosis;F0final_sma_de_upleveltime25;F0final_sma_de_upleveltime50;F0final_sma_de_upleveltime75;F0final_sma_de_upleveltime90;F0final_sma_de_risetime;F0final_sma_de_leftctime;F0final_sma_de_lpgain;F0final_sma_de_lpc0;F0final_sma_de_lpc1;F0final_sma_de_lpc2;F0final_sma_de_lpc3;F0final_sma_de_lpc4;voicingFinalUnclipped_sma_de_amean;voicingFinalUnclipped_sma_de_flatness;voicingFinalUnclipped_sma_de_posamean;voicingFinalUnclipped_sma_de_rqmean;voicingFinalUnclipped_sma_de_range;voicingFinalUnclipped_sma_de_maxPos;voicingFinalUnclipped_sma_de_minPos;voicingFinalUnclipped_sma_de_linregc1;voicingFinalUnclipped_sma_de_linregc2;voicingFinalUnclipped_sma_de_linregerrQ;voicingFinalUnclipped_sma_de_qregc1;voicingFinalUnclipped_sma_de_qregc2;voicingFinalUnclipped_sma_de_qregc3;voicingFinalUnclipped_sma_de_qregerrQ;voicingFinalUnclipped_sma_de_centroid;voicingFinalUnclipped_sma_de_quartile1;voicingFinalUnclipped_sma_de_quartile2;voicingFinalUnclipped_sma_de_quartile3;voicingFinalUnclipped_sma_de_iqr1-2;voicingFinalUnclipped_sma_de_iqr2-3;voicingFinalUnclipped_sma_de_iqr1-3;voicingFinalUnclipped_sma_de_percentile1.0;voicingFinalUnclipped_sma_de_percentile99.0;voicingFinalUnclipped_sma_de_pctlrange0-1;voicingFinalUnclipped_sma_de_stddev;voicingFinalUnclipped_sma_de_skewness;voicingFinalUnclipped_sma_de_kurtosis;voicingFinalUnclipped_sma_de_upleveltime25;voicingFinalUnclipped_sma_de_upleveltime50;voicingFinalUnclipped_sma_de_upleveltime75;voicingFinalUnclipped_sma_de_upleveltime90;voicingFinalUnclipped_sma_de_risetime;voicingFinalUnclipped_sma_de_leftctime;voicingFinalUnclipped_sma_de_lpgain;voicingFinalUnclipped_sma_de_lpc0;voicingFinalUnclipped_sma_de_lpc1;voicingFinalUnclipped_sma_de_lpc2;voicingFinalUnclipped_sma_de_lpc3;voicingFinalUnclipped_sma_de_lpc4;jitterLocal_sma_de_amean;jitterLocal_sma_de_flatness;jitterLocal_sma_de_posamean;jitterLocal_sma_de_rqmean;jitterLocal_sma_de_range;jitterLocal_sma_de_maxPos;jitterLocal_sma_de_minPos;jitterLocal_sma_de_linregc1;jitterLocal_sma_de_linregc2;jitterLocal_sma_de_linregerrQ;jitterLocal_sma_de_qregc1;jitterLocal_sma_de_qregc2;jitterLocal_sma_de_qregc3;jitterLocal_sma_de_qregerrQ;jitterLocal_sma_de_centroid;jitterLocal_sma_de_quartile1;jitterLocal_sma_de_quartile2;jitterLocal_sma_de_quartile3;jitterLocal_sma_de_iqr1-2;jitterLocal_sma_de_iqr2-3;jitterLocal_sma_de_iqr1-3;jitterLocal_sma_de_percentile1.0;jitterLocal_sma_de_percentile99.0;jitterLocal_sma_de_pctlrange0-1;jitterLocal_sma_de_stddev;jitterLocal_sma_de_skewness;jitterLocal_sma_de_kurtosis;jitterLocal_sma_de_upleveltime25;jitterLocal_sma_de_upleveltime50;jitterLocal_sma_de_upleveltime75;jitterLocal_sma_de_upleveltime90;jitterLocal_sma_de_risetime;jitterLocal_sma_de_leftctime;jitterLocal_sma_de_lpgain;jitterLocal_sma_de_lpc0;jitterLocal_sma_de_lpc1;jitterLocal_sma_de_lpc2;jitterLocal_sma_de_lpc3;jitterLocal_sma_de_lpc4;jitterDDP_sma_de_amean;jitterDDP_sma_de_flatness;jitterDDP_sma_de_posamean;jitterDDP_sma_de_rqmean;jitterDDP_sma_de_range;jitterDDP_sma_de_maxPos;jitterDDP_sma_de_minPos;jitterDDP_sma_de_linregc1;jitterDDP_sma_de_linregc2;jitterDDP_sma_de_linregerrQ;jitterDDP_sma_de_qregc1;jitterDDP_sma_de_qregc2;jitterDDP_sma_de_qregc3;jitterDDP_sma_de_qregerrQ;jitterDDP_sma_de_centroid;jitterDDP_sma_de_quartile1;jitterDDP_sma_de_quartile2;jitterDDP_sma_de_quartile3;jitterDDP_sma_de_iqr1-2;jitterDDP_sma_de_iqr2-3;jitterDDP_sma_de_iqr1-3;jitterDDP_sma_de_percentile1.0;jitterDDP_sma_de_percentile99.0;jitterDDP_sma_de_pctlrange0-1;jitterDDP_sma_de_stddev;jitterDDP_sma_de_skewness;jitterDDP_sma_de_kurtosis;jitterDDP_sma_de_upleveltime25;jitterDDP_sma_de_upleveltime50;jitterDDP_sma_de_upleveltime75;jitterDDP_sma_de_upleveltime90;jitterDDP_sma_de_risetime;jitterDDP_sma_de_leftctime;jitterDDP_sma_de_lpgain;jitterDDP_sma_de_lpc0;jitterDDP_sma_de_lpc1;jitterDDP_sma_de_lpc2;jitterDDP_sma_de_lpc3;jitterDDP_sma_de_lpc4;shimmerLocal_sma_de_amean;shimmerLocal_sma_de_flatness;shimmerLocal_sma_de_posamean;shimmerLocal_sma_de_rqmean;shimmerLocal_sma_de_range;shimmerLocal_sma_de_maxPos;shimmerLocal_sma_de_minPos;shimmerLocal_sma_de_linregc1;shimmerLocal_sma_de_linregc2;shimmerLocal_sma_de_linregerrQ;shimmerLocal_sma_de_qregc1;shimmerLocal_sma_de_qregc2;shimmerLocal_sma_de_qregc3;shimmerLocal_sma_de_qregerrQ;shimmerLocal_sma_de_centroid;shimmerLocal_sma_de_quartile1;shimmerLocal_sma_de_quartile2;shimmerLocal_sma_de_quartile3;shimmerLocal_sma_de_iqr1-2;shimmerLocal_sma_de_iqr2-3;shimmerLocal_sma_de_iqr1-3;shimmerLocal_sma_de_percentile1.0;shimmerLocal_sma_de_percentile99.0;shimmerLocal_sma_de_pctlrange0-1;shimmerLocal_sma_de_stddev;shimmerLocal_sma_de_skewness;shimmerLocal_sma_de_kurtosis;shimmerLocal_sma_de_upleveltime25;shimmerLocal_sma_de_upleveltime50;shimmerLocal_sma_de_upleveltime75;shimmerLocal_sma_de_upleveltime90;shimmerLocal_sma_de_risetime;shimmerLocal_sma_de_leftctime;shimmerLocal_sma_de_lpgain;shimmerLocal_sma_de_lpc0;shimmerLocal_sma_de_lpc1;shimmerLocal_sma_de_lpc2;shimmerLocal_sma_de_lpc3;shimmerLocal_sma_de_lpc4;logHNR_sma_de_amean;logHNR_sma_de_flatness;logHNR_sma_de_posamean;logHNR_sma_de_rqmean;logHNR_sma_de_range;logHNR_sma_de_maxPos;logHNR_sma_de_minPos;logHNR_sma_de_linregc1;logHNR_sma_de_linregc2;logHNR_sma_de_linregerrQ;logHNR_sma_de_qregc1;logHNR_sma_de_qregc2;logHNR_sma_de_qregc3;logHNR_sma_de_qregerrQ;logHNR_sma_de_centroid;logHNR_sma_de_quartile1;logHNR_sma_de_quartile2;logHNR_sma_de_quartile3;logHNR_sma_de_iqr1-2;logHNR_sma_de_iqr2-3;logHNR_sma_de_iqr1-3;logHNR_sma_de_percentile1.0;logHNR_sma_de_percentile99.0;logHNR_sma_de_pctlrange0-1;logHNR_sma_de_stddev;logHNR_sma_de_skewness;logHNR_sma_de_kurtosis;logHNR_sma_de_upleveltime25;logHNR_sma_de_upleveltime50;logHNR_sma_de_upleveltime75;logHNR_sma_de_upleveltime90;logHNR_sma_de_risetime;logHNR_sma_de_leftctime;logHNR_sma_de_lpgain;logHNR_sma_de_lpc0;logHNR_sma_de_lpc1;logHNR_sma_de_lpc2;logHNR_sma_de_lpc3;logHNR_sma_de_lpc4;F0final_sma_ff0_nnz;F0final_sma_ff0_meanSegLen;F0final_sma_ff0_maxSegLen;F0final_sma_ff0_minSegLen;F0final_sma_ff0_segLenStddev;audspec_lengthL1norm_sma_amean;audspec_lengthL1norm_sma_flatness;audspec_lengthL1norm_sma_rqmean;audspec_lengthL1norm_sma_meanPeakDist;audspec_lengthL1norm_sma_peakDistStddev;audspec_lengthL1norm_sma_peakRangeAbs;audspec_lengthL1norm_sma_peakRangeRel;audspec_lengthL1norm_sma_peakMeanAbs;audspec_lengthL1norm_sma_peakMeanMeanDist;audspec_lengthL1norm_sma_peakMeanRel;audspec_lengthL1norm_sma_minRangeRel;audspec_lengthL1norm_sma_meanRisingSlope;audspec_lengthL1norm_sma_stddevRisingSlope;audspec_lengthL1norm_sma_meanFallingSlope;audspec_lengthL1norm_sma_stddevFallingSlope;audspec_lengthL1norm_sma_linregc1;audspec_lengthL1norm_sma_linregc2;audspec_lengthL1norm_sma_linregerrQ;audspec_lengthL1norm_sma_qregc1;audspec_lengthL1norm_sma_qregc2;audspec_lengthL1norm_sma_qregc3;audspec_lengthL1norm_sma_qregerrQ;audspec_lengthL1norm_sma_centroid;audspecRasta_lengthL1norm_sma_amean;audspecRasta_lengthL1norm_sma_flatness;audspecRasta_lengthL1norm_sma_rqmean;audspecRasta_lengthL1norm_sma_meanPeakDist;audspecRasta_lengthL1norm_sma_peakDistStddev;audspecRasta_lengthL1norm_sma_peakRangeAbs;audspecRasta_lengthL1norm_sma_peakRangeRel;audspecRasta_lengthL1norm_sma_peakMeanAbs;audspecRasta_lengthL1norm_sma_peakMeanMeanDist;audspecRasta_lengthL1norm_sma_peakMeanRel;audspecRasta_lengthL1norm_sma_minRangeRel;audspecRasta_lengthL1norm_sma_meanRisingSlope;audspecRasta_lengthL1norm_sma_stddevRisingSlope;audspecRasta_lengthL1norm_sma_meanFallingSlope;audspecRasta_lengthL1norm_sma_stddevFallingSlope;audspecRasta_lengthL1norm_sma_linregc1;audspecRasta_lengthL1norm_sma_linregc2;audspecRasta_lengthL1norm_sma_linregerrQ;audspecRasta_lengthL1norm_sma_qregc1;audspecRasta_lengthL1norm_sma_qregc2;audspecRasta_lengthL1norm_sma_qregc3;audspecRasta_lengthL1norm_sma_qregerrQ;audspecRasta_lengthL1norm_sma_centroid;pcm_RMSenergy_sma_amean;pcm_RMSenergy_sma_flatness;pcm_RMSenergy_sma_rqmean;pcm_RMSenergy_sma_meanPeakDist;pcm_RMSenergy_sma_peakDistStddev;pcm_RMSenergy_sma_peakRangeAbs;pcm_RMSenergy_sma_peakRangeRel;pcm_RMSenergy_sma_peakMeanAbs;pcm_RMSenergy_sma_peakMeanMeanDist;pcm_RMSenergy_sma_peakMeanRel;pcm_RMSenergy_sma_minRangeRel;pcm_RMSenergy_sma_meanRisingSlope;pcm_RMSenergy_sma_stddevRisingSlope;pcm_RMSenergy_sma_meanFallingSlope;pcm_RMSenergy_sma_stddevFallingSlope;pcm_RMSenergy_sma_linregc1;pcm_RMSenergy_sma_linregc2;pcm_RMSenergy_sma_linregerrQ;pcm_RMSenergy_sma_qregc1;pcm_RMSenergy_sma_qregc2;pcm_RMSenergy_sma_qregc3;pcm_RMSenergy_sma_qregerrQ;pcm_RMSenergy_sma_centroid;pcm_zcr_sma_amean;pcm_zcr_sma_flatness;pcm_zcr_sma_rqmean;pcm_zcr_sma_meanPeakDist;pcm_zcr_sma_peakDistStddev;pcm_zcr_sma_peakRangeAbs;pcm_zcr_sma_peakRangeRel;pcm_zcr_sma_peakMeanAbs;pcm_zcr_sma_peakMeanMeanDist;pcm_zcr_sma_peakMeanRel;pcm_zcr_sma_minRangeRel;pcm_zcr_sma_meanRisingSlope;pcm_zcr_sma_stddevRisingSlope;pcm_zcr_sma_meanFallingSlope;pcm_zcr_sma_stddevFallingSlope;pcm_zcr_sma_linregc1;pcm_zcr_sma_linregc2;pcm_zcr_sma_linregerrQ;pcm_zcr_sma_qregc1;pcm_zcr_sma_qregc2;pcm_zcr_sma_qregc3;pcm_zcr_sma_qregerrQ;pcm_zcr_sma_centroid;audSpec_Rfilt_sma[0]_amean;audSpec_Rfilt_sma[0]_flatness;audSpec_Rfilt_sma[0]_rqmean;audSpec_Rfilt_sma[0]_meanPeakDist;audSpec_Rfilt_sma[0]_peakDistStddev;audSpec_Rfilt_sma[0]_peakRangeAbs;audSpec_Rfilt_sma[0]_peakRangeRel;audSpec_Rfilt_sma[0]_peakMeanAbs;audSpec_Rfilt_sma[0]_peakMeanMeanDist;audSpec_Rfilt_sma[0]_peakMeanRel;audSpec_Rfilt_sma[0]_minRangeRel;audSpec_Rfilt_sma[0]_meanRisingSlope;audSpec_Rfilt_sma[0]_stddevRisingSlope;audSpec_Rfilt_sma[0]_meanFallingSlope;audSpec_Rfilt_sma[0]_stddevFallingSlope;audSpec_Rfilt_sma[0]_linregc1;audSpec_Rfilt_sma[0]_linregc2;audSpec_Rfilt_sma[0]_linregerrQ;audSpec_Rfilt_sma[0]_qregc1;audSpec_Rfilt_sma[0]_qregc2;audSpec_Rfilt_sma[0]_qregc3;audSpec_Rfilt_sma[0]_qregerrQ;audSpec_Rfilt_sma[0]_centroid;audSpec_Rfilt_sma[1]_amean;audSpec_Rfilt_sma[1]_flatness;audSpec_Rfilt_sma[1]_rqmean;audSpec_Rfilt_sma[1]_meanPeakDist;audSpec_Rfilt_sma[1]_peakDistStddev;audSpec_Rfilt_sma[1]_peakRangeAbs;audSpec_Rfilt_sma[1]_peakRangeRel;audSpec_Rfilt_sma[1]_peakMeanAbs;audSpec_Rfilt_sma[1]_peakMeanMeanDist;audSpec_Rfilt_sma[1]_peakMeanRel;audSpec_Rfilt_sma[1]_minRangeRel;audSpec_Rfilt_sma[1]_meanRisingSlope;audSpec_Rfilt_sma[1]_stddevRisingSlope;audSpec_Rfilt_sma[1]_meanFallingSlope;audSpec_Rfilt_sma[1]_stddevFallingSlope;audSpec_Rfilt_sma[1]_linregc1;audSpec_Rfilt_sma[1]_linregc2;audSpec_Rfilt_sma[1]_linregerrQ;audSpec_Rfilt_sma[1]_qregc1;audSpec_Rfilt_sma[1]_qregc2;audSpec_Rfilt_sma[1]_qregc3;audSpec_Rfilt_sma[1]_qregerrQ;audSpec_Rfilt_sma[1]_centroid;audSpec_Rfilt_sma[2]_amean;audSpec_Rfilt_sma[2]_flatness;audSpec_Rfilt_sma[2]_rqmean;audSpec_Rfilt_sma[2]_meanPeakDist;audSpec_Rfilt_sma[2]_peakDistStddev;audSpec_Rfilt_sma[2]_peakRangeAbs;audSpec_Rfilt_sma[2]_peakRangeRel;audSpec_Rfilt_sma[2]_peakMeanAbs;audSpec_Rfilt_sma[2]_peakMeanMeanDist;audSpec_Rfilt_sma[2]_peakMeanRel;audSpec_Rfilt_sma[2]_minRangeRel;audSpec_Rfilt_sma[2]_meanRisingSlope;audSpec_Rfilt_sma[2]_stddevRisingSlope;audSpec_Rfilt_sma[2]_meanFallingSlope;audSpec_Rfilt_sma[2]_stddevFallingSlope;audSpec_Rfilt_sma[2]_linregc1;audSpec_Rfilt_sma[2]_linregc2;audSpec_Rfilt_sma[2]_linregerrQ;audSpec_Rfilt_sma[2]_qregc1;audSpec_Rfilt_sma[2]_qregc2;audSpec_Rfilt_sma[2]_qregc3;audSpec_Rfilt_sma[2]_qregerrQ;audSpec_Rfilt_sma[2]_centroid;audSpec_Rfilt_sma[3]_amean;audSpec_Rfilt_sma[3]_flatness;audSpec_Rfilt_sma[3]_rqmean;audSpec_Rfilt_sma[3]_meanPeakDist;audSpec_Rfilt_sma[3]_peakDistStddev;audSpec_Rfilt_sma[3]_peakRangeAbs;audSpec_Rfilt_sma[3]_peakRangeRel;audSpec_Rfilt_sma[3]_peakMeanAbs;audSpec_Rfilt_sma[3]_peakMeanMeanDist;audSpec_Rfilt_sma[3]_peakMeanRel;audSpec_Rfilt_sma[3]_minRangeRel;audSpec_Rfilt_sma[3]_meanRisingSlope;audSpec_Rfilt_sma[3]_stddevRisingSlope;audSpec_Rfilt_sma[3]_meanFallingSlope;audSpec_Rfilt_sma[3]_stddevFallingSlope;audSpec_Rfilt_sma[3]_linregc1;audSpec_Rfilt_sma[3]_linregc2;audSpec_Rfilt_sma[3]_linregerrQ;audSpec_Rfilt_sma[3]_qregc1;audSpec_Rfilt_sma[3]_qregc2;audSpec_Rfilt_sma[3]_qregc3;audSpec_Rfilt_sma[3]_qregerrQ;audSpec_Rfilt_sma[3]_centroid;audSpec_Rfilt_sma[4]_amean;audSpec_Rfilt_sma[4]_flatness;audSpec_Rfilt_sma[4]_rqmean;audSpec_Rfilt_sma[4]_meanPeakDist;audSpec_Rfilt_sma[4]_peakDistStddev;audSpec_Rfilt_sma[4]_peakRangeAbs;audSpec_Rfilt_sma[4]_peakRangeRel;audSpec_Rfilt_sma[4]_peakMeanAbs;audSpec_Rfilt_sma[4]_peakMeanMeanDist;audSpec_Rfilt_sma[4]_peakMeanRel;audSpec_Rfilt_sma[4]_minRangeRel;audSpec_Rfilt_sma[4]_meanRisingSlope;audSpec_Rfilt_sma[4]_stddevRisingSlope;audSpec_Rfilt_sma[4]_meanFallingSlope;audSpec_Rfilt_sma[4]_stddevFallingSlope;audSpec_Rfilt_sma[4]_linregc1;audSpec_Rfilt_sma[4]_linregc2;audSpec_Rfilt_sma[4]_linregerrQ;audSpec_Rfilt_sma[4]_qregc1;audSpec_Rfilt_sma[4]_qregc2;audSpec_Rfilt_sma[4]_qregc3;audSpec_Rfilt_sma[4]_qregerrQ;audSpec_Rfilt_sma[4]_centroid;audSpec_Rfilt_sma[5]_amean;audSpec_Rfilt_sma[5]_flatness;audSpec_Rfilt_sma[5]_rqmean;audSpec_Rfilt_sma[5]_meanPeakDist;audSpec_Rfilt_sma[5]_peakDistStddev;audSpec_Rfilt_sma[5]_peakRangeAbs;audSpec_Rfilt_sma[5]_peakRangeRel;audSpec_Rfilt_sma[5]_peakMeanAbs;audSpec_Rfilt_sma[5]_peakMeanMeanDist;audSpec_Rfilt_sma[5]_peakMeanRel;audSpec_Rfilt_sma[5]_minRangeRel;audSpec_Rfilt_sma[5]_meanRisingSlope;audSpec_Rfilt_sma[5]_stddevRisingSlope;audSpec_Rfilt_sma[5]_meanFallingSlope;audSpec_Rfilt_sma[5]_stddevFallingSlope;audSpec_Rfilt_sma[5]_linregc1;audSpec_Rfilt_sma[5]_linregc2;audSpec_Rfilt_sma[5]_linregerrQ;audSpec_Rfilt_sma[5]_qregc1;audSpec_Rfilt_sma[5]_qregc2;audSpec_Rfilt_sma[5]_qregc3;audSpec_Rfilt_sma[5]_qregerrQ;audSpec_Rfilt_sma[5]_centroid;audSpec_Rfilt_sma[6]_amean;audSpec_Rfilt_sma[6]_flatness;audSpec_Rfilt_sma[6]_rqmean;audSpec_Rfilt_sma[6]_meanPeakDist;audSpec_Rfilt_sma[6]_peakDistStddev;audSpec_Rfilt_sma[6]_peakRangeAbs;audSpec_Rfilt_sma[6]_peakRangeRel;audSpec_Rfilt_sma[6]_peakMeanAbs;audSpec_Rfilt_sma[6]_peakMeanMeanDist;audSpec_Rfilt_sma[6]_peakMeanRel;audSpec_Rfilt_sma[6]_minRangeRel;audSpec_Rfilt_sma[6]_meanRisingSlope;audSpec_Rfilt_sma[6]_stddevRisingSlope;audSpec_Rfilt_sma[6]_meanFallingSlope;audSpec_Rfilt_sma[6]_stddevFallingSlope;audSpec_Rfilt_sma[6]_linregc1;audSpec_Rfilt_sma[6]_linregc2;audSpec_Rfilt_sma[6]_linregerrQ;audSpec_Rfilt_sma[6]_qregc1;audSpec_Rfilt_sma[6]_qregc2;audSpec_Rfilt_sma[6]_qregc3;audSpec_Rfilt_sma[6]_qregerrQ;audSpec_Rfilt_sma[6]_centroid;audSpec_Rfilt_sma[7]_amean;audSpec_Rfilt_sma[7]_flatness;audSpec_Rfilt_sma[7]_rqmean;audSpec_Rfilt_sma[7]_meanPeakDist;audSpec_Rfilt_sma[7]_peakDistStddev;audSpec_Rfilt_sma[7]_peakRangeAbs;audSpec_Rfilt_sma[7]_peakRangeRel;audSpec_Rfilt_sma[7]_peakMeanAbs;audSpec_Rfilt_sma[7]_peakMeanMeanDist;audSpec_Rfilt_sma[7]_peakMeanRel;audSpec_Rfilt_sma[7]_minRangeRel;audSpec_Rfilt_sma[7]_meanRisingSlope;audSpec_Rfilt_sma[7]_stddevRisingSlope;audSpec_Rfilt_sma[7]_meanFallingSlope;audSpec_Rfilt_sma[7]_stddevFallingSlope;audSpec_Rfilt_sma[7]_linregc1;audSpec_Rfilt_sma[7]_linregc2;audSpec_Rfilt_sma[7]_linregerrQ;audSpec_Rfilt_sma[7]_qregc1;audSpec_Rfilt_sma[7]_qregc2;audSpec_Rfilt_sma[7]_qregc3;audSpec_Rfilt_sma[7]_qregerrQ;audSpec_Rfilt_sma[7]_centroid;audSpec_Rfilt_sma[8]_amean;audSpec_Rfilt_sma[8]_flatness;audSpec_Rfilt_sma[8]_rqmean;audSpec_Rfilt_sma[8]_meanPeakDist;audSpec_Rfilt_sma[8]_peakDistStddev;audSpec_Rfilt_sma[8]_peakRangeAbs;audSpec_Rfilt_sma[8]_peakRangeRel;audSpec_Rfilt_sma[8]_peakMeanAbs;audSpec_Rfilt_sma[8]_peakMeanMeanDist;audSpec_Rfilt_sma[8]_peakMeanRel;audSpec_Rfilt_sma[8]_minRangeRel;audSpec_Rfilt_sma[8]_meanRisingSlope;audSpec_Rfilt_sma[8]_stddevRisingSlope;audSpec_Rfilt_sma[8]_meanFallingSlope;audSpec_Rfilt_sma[8]_stddevFallingSlope;audSpec_Rfilt_sma[8]_linregc1;audSpec_Rfilt_sma[8]_linregc2;audSpec_Rfilt_sma[8]_linregerrQ;audSpec_Rfilt_sma[8]_qregc1;audSpec_Rfilt_sma[8]_qregc2;audSpec_Rfilt_sma[8]_qregc3;audSpec_Rfilt_sma[8]_qregerrQ;audSpec_Rfilt_sma[8]_centroid;audSpec_Rfilt_sma[9]_amean;audSpec_Rfilt_sma[9]_flatness;audSpec_Rfilt_sma[9]_rqmean;audSpec_Rfilt_sma[9]_meanPeakDist;audSpec_Rfilt_sma[9]_peakDistStddev;audSpec_Rfilt_sma[9]_peakRangeAbs;audSpec_Rfilt_sma[9]_peakRangeRel;audSpec_Rfilt_sma[9]_peakMeanAbs;audSpec_Rfilt_sma[9]_peakMeanMeanDist;audSpec_Rfilt_sma[9]_peakMeanRel;audSpec_Rfilt_sma[9]_minRangeRel;audSpec_Rfilt_sma[9]_meanRisingSlope;audSpec_Rfilt_sma[9]_stddevRisingSlope;audSpec_Rfilt_sma[9]_meanFallingSlope;audSpec_Rfilt_sma[9]_stddevFallingSlope;audSpec_Rfilt_sma[9]_linregc1;audSpec_Rfilt_sma[9]_linregc2;audSpec_Rfilt_sma[9]_linregerrQ;audSpec_Rfilt_sma[9]_qregc1;audSpec_Rfilt_sma[9]_qregc2;audSpec_Rfilt_sma[9]_qregc3;audSpec_Rfilt_sma[9]_qregerrQ;audSpec_Rfilt_sma[9]_centroid;audSpec_Rfilt_sma[10]_amean;audSpec_Rfilt_sma[10]_flatness;audSpec_Rfilt_sma[10]_rqmean;audSpec_Rfilt_sma[10]_meanPeakDist;audSpec_Rfilt_sma[10]_peakDistStddev;audSpec_Rfilt_sma[10]_peakRangeAbs;audSpec_Rfilt_sma[10]_peakRangeRel;audSpec_Rfilt_sma[10]_peakMeanAbs;audSpec_Rfilt_sma[10]_peakMeanMeanDist;audSpec_Rfilt_sma[10]_peakMeanRel;audSpec_Rfilt_sma[10]_minRangeRel;audSpec_Rfilt_sma[10]_meanRisingSlope;audSpec_Rfilt_sma[10]_stddevRisingSlope;audSpec_Rfilt_sma[10]_meanFallingSlope;audSpec_Rfilt_sma[10]_stddevFallingSlope;audSpec_Rfilt_sma[10]_linregc1;audSpec_Rfilt_sma[10]_linregc2;audSpec_Rfilt_sma[10]_linregerrQ;audSpec_Rfilt_sma[10]_qregc1;audSpec_Rfilt_sma[10]_qregc2;audSpec_Rfilt_sma[10]_qregc3;audSpec_Rfilt_sma[10]_qregerrQ;audSpec_Rfilt_sma[10]_centroid;audSpec_Rfilt_sma[11]_amean;audSpec_Rfilt_sma[11]_flatness;audSpec_Rfilt_sma[11]_rqmean;audSpec_Rfilt_sma[11]_meanPeakDist;audSpec_Rfilt_sma[11]_peakDistStddev;audSpec_Rfilt_sma[11]_peakRangeAbs;audSpec_Rfilt_sma[11]_peakRangeRel;audSpec_Rfilt_sma[11]_peakMeanAbs;audSpec_Rfilt_sma[11]_peakMeanMeanDist;audSpec_Rfilt_sma[11]_peakMeanRel;audSpec_Rfilt_sma[11]_minRangeRel;audSpec_Rfilt_sma[11]_meanRisingSlope;audSpec_Rfilt_sma[11]_stddevRisingSlope;audSpec_Rfilt_sma[11]_meanFallingSlope;audSpec_Rfilt_sma[11]_stddevFallingSlope;audSpec_Rfilt_sma[11]_linregc1;audSpec_Rfilt_sma[11]_linregc2;audSpec_Rfilt_sma[11]_linregerrQ;audSpec_Rfilt_sma[11]_qregc1;audSpec_Rfilt_sma[11]_qregc2;audSpec_Rfilt_sma[11]_qregc3;audSpec_Rfilt_sma[11]_qregerrQ;audSpec_Rfilt_sma[11]_centroid;audSpec_Rfilt_sma[12]_amean;audSpec_Rfilt_sma[12]_flatness;audSpec_Rfilt_sma[12]_rqmean;audSpec_Rfilt_sma[12]_meanPeakDist;audSpec_Rfilt_sma[12]_peakDistStddev;audSpec_Rfilt_sma[12]_peakRangeAbs;audSpec_Rfilt_sma[12]_peakRangeRel;audSpec_Rfilt_sma[12]_peakMeanAbs;audSpec_Rfilt_sma[12]_peakMeanMeanDist;audSpec_Rfilt_sma[12]_peakMeanRel;audSpec_Rfilt_sma[12]_minRangeRel;audSpec_Rfilt_sma[12]_meanRisingSlope;audSpec_Rfilt_sma[12]_stddevRisingSlope;audSpec_Rfilt_sma[12]_meanFallingSlope;audSpec_Rfilt_sma[12]_stddevFallingSlope;audSpec_Rfilt_sma[12]_linregc1;audSpec_Rfilt_sma[12]_linregc2;audSpec_Rfilt_sma[12]_linregerrQ;audSpec_Rfilt_sma[12]_qregc1;audSpec_Rfilt_sma[12]_qregc2;audSpec_Rfilt_sma[12]_qregc3;audSpec_Rfilt_sma[12]_qregerrQ;audSpec_Rfilt_sma[12]_centroid;audSpec_Rfilt_sma[13]_amean;audSpec_Rfilt_sma[13]_flatness;audSpec_Rfilt_sma[13]_rqmean;audSpec_Rfilt_sma[13]_meanPeakDist;audSpec_Rfilt_sma[13]_peakDistStddev;audSpec_Rfilt_sma[13]_peakRangeAbs;audSpec_Rfilt_sma[13]_peakRangeRel;audSpec_Rfilt_sma[13]_peakMeanAbs;audSpec_Rfilt_sma[13]_peakMeanMeanDist;audSpec_Rfilt_sma[13]_peakMeanRel;audSpec_Rfilt_sma[13]_minRangeRel;audSpec_Rfilt_sma[13]_meanRisingSlope;audSpec_Rfilt_sma[13]_stddevRisingSlope;audSpec_Rfilt_sma[13]_meanFallingSlope;audSpec_Rfilt_sma[13]_stddevFallingSlope;audSpec_Rfilt_sma[13]_linregc1;audSpec_Rfilt_sma[13]_linregc2;audSpec_Rfilt_sma[13]_linregerrQ;audSpec_Rfilt_sma[13]_qregc1;audSpec_Rfilt_sma[13]_qregc2;audSpec_Rfilt_sma[13]_qregc3;audSpec_Rfilt_sma[13]_qregerrQ;audSpec_Rfilt_sma[13]_centroid;audSpec_Rfilt_sma[14]_amean;audSpec_Rfilt_sma[14]_flatness;audSpec_Rfilt_sma[14]_rqmean;audSpec_Rfilt_sma[14]_meanPeakDist;audSpec_Rfilt_sma[14]_peakDistStddev;audSpec_Rfilt_sma[14]_peakRangeAbs;audSpec_Rfilt_sma[14]_peakRangeRel;audSpec_Rfilt_sma[14]_peakMeanAbs;audSpec_Rfilt_sma[14]_peakMeanMeanDist;audSpec_Rfilt_sma[14]_peakMeanRel;audSpec_Rfilt_sma[14]_minRangeRel;audSpec_Rfilt_sma[14]_meanRisingSlope;audSpec_Rfilt_sma[14]_stddevRisingSlope;audSpec_Rfilt_sma[14]_meanFallingSlope;audSpec_Rfilt_sma[14]_stddevFallingSlope;audSpec_Rfilt_sma[14]_linregc1;audSpec_Rfilt_sma[14]_linregc2;audSpec_Rfilt_sma[14]_linregerrQ;audSpec_Rfilt_sma[14]_qregc1;audSpec_Rfilt_sma[14]_qregc2;audSpec_Rfilt_sma[14]_qregc3;audSpec_Rfilt_sma[14]_qregerrQ;audSpec_Rfilt_sma[14]_centroid;audSpec_Rfilt_sma[15]_amean;audSpec_Rfilt_sma[15]_flatness;audSpec_Rfilt_sma[15]_rqmean;audSpec_Rfilt_sma[15]_meanPeakDist;audSpec_Rfilt_sma[15]_peakDistStddev;audSpec_Rfilt_sma[15]_peakRangeAbs;audSpec_Rfilt_sma[15]_peakRangeRel;audSpec_Rfilt_sma[15]_peakMeanAbs;audSpec_Rfilt_sma[15]_peakMeanMeanDist;audSpec_Rfilt_sma[15]_peakMeanRel;audSpec_Rfilt_sma[15]_minRangeRel;audSpec_Rfilt_sma[15]_meanRisingSlope;audSpec_Rfilt_sma[15]_stddevRisingSlope;audSpec_Rfilt_sma[15]_meanFallingSlope;audSpec_Rfilt_sma[15]_stddevFallingSlope;audSpec_Rfilt_sma[15]_linregc1;audSpec_Rfilt_sma[15]_linregc2;audSpec_Rfilt_sma[15]_linregerrQ;audSpec_Rfilt_sma[15]_qregc1;audSpec_Rfilt_sma[15]_qregc2;audSpec_Rfilt_sma[15]_qregc3;audSpec_Rfilt_sma[15]_qregerrQ;audSpec_Rfilt_sma[15]_centroid;audSpec_Rfilt_sma[16]_amean;audSpec_Rfilt_sma[16]_flatness;audSpec_Rfilt_sma[16]_rqmean;audSpec_Rfilt_sma[16]_meanPeakDist;audSpec_Rfilt_sma[16]_peakDistStddev;audSpec_Rfilt_sma[16]_peakRangeAbs;audSpec_Rfilt_sma[16]_peakRangeRel;audSpec_Rfilt_sma[16]_peakMeanAbs;audSpec_Rfilt_sma[16]_peakMeanMeanDist;audSpec_Rfilt_sma[16]_peakMeanRel;audSpec_Rfilt_sma[16]_minRangeRel;audSpec_Rfilt_sma[16]_meanRisingSlope;audSpec_Rfilt_sma[16]_stddevRisingSlope;audSpec_Rfilt_sma[16]_meanFallingSlope;audSpec_Rfilt_sma[16]_stddevFallingSlope;audSpec_Rfilt_sma[16]_linregc1;audSpec_Rfilt_sma[16]_linregc2;audSpec_Rfilt_sma[16]_linregerrQ;audSpec_Rfilt_sma[16]_qregc1;audSpec_Rfilt_sma[16]_qregc2;audSpec_Rfilt_sma[16]_qregc3;audSpec_Rfilt_sma[16]_qregerrQ;audSpec_Rfilt_sma[16]_centroid;audSpec_Rfilt_sma[17]_amean;audSpec_Rfilt_sma[17]_flatness;audSpec_Rfilt_sma[17]_rqmean;audSpec_Rfilt_sma[17]_meanPeakDist;audSpec_Rfilt_sma[17]_peakDistStddev;audSpec_Rfilt_sma[17]_peakRangeAbs;audSpec_Rfilt_sma[17]_peakRangeRel;audSpec_Rfilt_sma[17]_peakMeanAbs;audSpec_Rfilt_sma[17]_peakMeanMeanDist;audSpec_Rfilt_sma[17]_peakMeanRel;audSpec_Rfilt_sma[17]_minRangeRel;audSpec_Rfilt_sma[17]_meanRisingSlope;audSpec_Rfilt_sma[17]_stddevRisingSlope;audSpec_Rfilt_sma[17]_meanFallingSlope;audSpec_Rfilt_sma[17]_stddevFallingSlope;audSpec_Rfilt_sma[17]_linregc1;audSpec_Rfilt_sma[17]_linregc2;audSpec_Rfilt_sma[17]_linregerrQ;audSpec_Rfilt_sma[17]_qregc1;audSpec_Rfilt_sma[17]_qregc2;audSpec_Rfilt_sma[17]_qregc3;audSpec_Rfilt_sma[17]_qregerrQ;audSpec_Rfilt_sma[17]_centroid;audSpec_Rfilt_sma[18]_amean;audSpec_Rfilt_sma[18]_flatness;audSpec_Rfilt_sma[18]_rqmean;audSpec_Rfilt_sma[18]_meanPeakDist;audSpec_Rfilt_sma[18]_peakDistStddev;audSpec_Rfilt_sma[18]_peakRangeAbs;audSpec_Rfilt_sma[18]_peakRangeRel;audSpec_Rfilt_sma[18]_peakMeanAbs;audSpec_Rfilt_sma[18]_peakMeanMeanDist;audSpec_Rfilt_sma[18]_peakMeanRel;audSpec_Rfilt_sma[18]_minRangeRel;audSpec_Rfilt_sma[18]_meanRisingSlope;audSpec_Rfilt_sma[18]_stddevRisingSlope;audSpec_Rfilt_sma[18]_meanFallingSlope;audSpec_Rfilt_sma[18]_stddevFallingSlope;audSpec_Rfilt_sma[18]_linregc1;audSpec_Rfilt_sma[18]_linregc2;audSpec_Rfilt_sma[18]_linregerrQ;audSpec_Rfilt_sma[18]_qregc1;audSpec_Rfilt_sma[18]_qregc2;audSpec_Rfilt_sma[18]_qregc3;audSpec_Rfilt_sma[18]_qregerrQ;audSpec_Rfilt_sma[18]_centroid;audSpec_Rfilt_sma[19]_amean;audSpec_Rfilt_sma[19]_flatness;audSpec_Rfilt_sma[19]_rqmean;audSpec_Rfilt_sma[19]_meanPeakDist;audSpec_Rfilt_sma[19]_peakDistStddev;audSpec_Rfilt_sma[19]_peakRangeAbs;audSpec_Rfilt_sma[19]_peakRangeRel;audSpec_Rfilt_sma[19]_peakMeanAbs;audSpec_Rfilt_sma[19]_peakMeanMeanDist;audSpec_Rfilt_sma[19]_peakMeanRel;audSpec_Rfilt_sma[19]_minRangeRel;audSpec_Rfilt_sma[19]_meanRisingSlope;audSpec_Rfilt_sma[19]_stddevRisingSlope;audSpec_Rfilt_sma[19]_meanFallingSlope;audSpec_Rfilt_sma[19]_stddevFallingSlope;audSpec_Rfilt_sma[19]_linregc1;audSpec_Rfilt_sma[19]_linregc2;audSpec_Rfilt_sma[19]_linregerrQ;audSpec_Rfilt_sma[19]_qregc1;audSpec_Rfilt_sma[19]_qregc2;audSpec_Rfilt_sma[19]_qregc3;audSpec_Rfilt_sma[19]_qregerrQ;audSpec_Rfilt_sma[19]_centroid;audSpec_Rfilt_sma[20]_amean;audSpec_Rfilt_sma[20]_flatness;audSpec_Rfilt_sma[20]_rqmean;audSpec_Rfilt_sma[20]_meanPeakDist;audSpec_Rfilt_sma[20]_peakDistStddev;audSpec_Rfilt_sma[20]_peakRangeAbs;audSpec_Rfilt_sma[20]_peakRangeRel;audSpec_Rfilt_sma[20]_peakMeanAbs;audSpec_Rfilt_sma[20]_peakMeanMeanDist;audSpec_Rfilt_sma[20]_peakMeanRel;audSpec_Rfilt_sma[20]_minRangeRel;audSpec_Rfilt_sma[20]_meanRisingSlope;audSpec_Rfilt_sma[20]_stddevRisingSlope;audSpec_Rfilt_sma[20]_meanFallingSlope;audSpec_Rfilt_sma[20]_stddevFallingSlope;audSpec_Rfilt_sma[20]_linregc1;audSpec_Rfilt_sma[20]_linregc2;audSpec_Rfilt_sma[20]_linregerrQ;audSpec_Rfilt_sma[20]_qregc1;audSpec_Rfilt_sma[20]_qregc2;audSpec_Rfilt_sma[20]_qregc3;audSpec_Rfilt_sma[20]_qregerrQ;audSpec_Rfilt_sma[20]_centroid;audSpec_Rfilt_sma[21]_amean;audSpec_Rfilt_sma[21]_flatness;audSpec_Rfilt_sma[21]_rqmean;audSpec_Rfilt_sma[21]_meanPeakDist;audSpec_Rfilt_sma[21]_peakDistStddev;audSpec_Rfilt_sma[21]_peakRangeAbs;audSpec_Rfilt_sma[21]_peakRangeRel;audSpec_Rfilt_sma[21]_peakMeanAbs;audSpec_Rfilt_sma[21]_peakMeanMeanDist;audSpec_Rfilt_sma[21]_peakMeanRel;audSpec_Rfilt_sma[21]_minRangeRel;audSpec_Rfilt_sma[21]_meanRisingSlope;audSpec_Rfilt_sma[21]_stddevRisingSlope;audSpec_Rfilt_sma[21]_meanFallingSlope;audSpec_Rfilt_sma[21]_stddevFallingSlope;audSpec_Rfilt_sma[21]_linregc1;audSpec_Rfilt_sma[21]_linregc2;audSpec_Rfilt_sma[21]_linregerrQ;audSpec_Rfilt_sma[21]_qregc1;audSpec_Rfilt_sma[21]_qregc2;audSpec_Rfilt_sma[21]_qregc3;audSpec_Rfilt_sma[21]_qregerrQ;audSpec_Rfilt_sma[21]_centroid;audSpec_Rfilt_sma[22]_amean;audSpec_Rfilt_sma[22]_flatness;audSpec_Rfilt_sma[22]_rqmean;audSpec_Rfilt_sma[22]_meanPeakDist;audSpec_Rfilt_sma[22]_peakDistStddev;audSpec_Rfilt_sma[22]_peakRangeAbs;audSpec_Rfilt_sma[22]_peakRangeRel;audSpec_Rfilt_sma[22]_peakMeanAbs;audSpec_Rfilt_sma[22]_peakMeanMeanDist;audSpec_Rfilt_sma[22]_peakMeanRel;audSpec_Rfilt_sma[22]_minRangeRel;audSpec_Rfilt_sma[22]_meanRisingSlope;audSpec_Rfilt_sma[22]_stddevRisingSlope;audSpec_Rfilt_sma[22]_meanFallingSlope;audSpec_Rfilt_sma[22]_stddevFallingSlope;audSpec_Rfilt_sma[22]_linregc1;audSpec_Rfilt_sma[22]_linregc2;audSpec_Rfilt_sma[22]_linregerrQ;audSpec_Rfilt_sma[22]_qregc1;audSpec_Rfilt_sma[22]_qregc2;audSpec_Rfilt_sma[22]_qregc3;audSpec_Rfilt_sma[22]_qregerrQ;audSpec_Rfilt_sma[22]_centroid;audSpec_Rfilt_sma[23]_amean;audSpec_Rfilt_sma[23]_flatness;audSpec_Rfilt_sma[23]_rqmean;audSpec_Rfilt_sma[23]_meanPeakDist;audSpec_Rfilt_sma[23]_peakDistStddev;audSpec_Rfilt_sma[23]_peakRangeAbs;audSpec_Rfilt_sma[23]_peakRangeRel;audSpec_Rfilt_sma[23]_peakMeanAbs;audSpec_Rfilt_sma[23]_peakMeanMeanDist;audSpec_Rfilt_sma[23]_peakMeanRel;audSpec_Rfilt_sma[23]_minRangeRel;audSpec_Rfilt_sma[23]_meanRisingSlope;audSpec_Rfilt_sma[23]_stddevRisingSlope;audSpec_Rfilt_sma[23]_meanFallingSlope;audSpec_Rfilt_sma[23]_stddevFallingSlope;audSpec_Rfilt_sma[23]_linregc1;audSpec_Rfilt_sma[23]_linregc2;audSpec_Rfilt_sma[23]_linregerrQ;audSpec_Rfilt_sma[23]_qregc1;audSpec_Rfilt_sma[23]_qregc2;audSpec_Rfilt_sma[23]_qregc3;audSpec_Rfilt_sma[23]_qregerrQ;audSpec_Rfilt_sma[23]_centroid;audSpec_Rfilt_sma[24]_amean;audSpec_Rfilt_sma[24]_flatness;audSpec_Rfilt_sma[24]_rqmean;audSpec_Rfilt_sma[24]_meanPeakDist;audSpec_Rfilt_sma[24]_peakDistStddev;audSpec_Rfilt_sma[24]_peakRangeAbs;audSpec_Rfilt_sma[24]_peakRangeRel;audSpec_Rfilt_sma[24]_peakMeanAbs;audSpec_Rfilt_sma[24]_peakMeanMeanDist;audSpec_Rfilt_sma[24]_peakMeanRel;audSpec_Rfilt_sma[24]_minRangeRel;audSpec_Rfilt_sma[24]_meanRisingSlope;audSpec_Rfilt_sma[24]_stddevRisingSlope;audSpec_Rfilt_sma[24]_meanFallingSlope;audSpec_Rfilt_sma[24]_stddevFallingSlope;audSpec_Rfilt_sma[24]_linregc1;audSpec_Rfilt_sma[24]_linregc2;audSpec_Rfilt_sma[24]_linregerrQ;audSpec_Rfilt_sma[24]_qregc1;audSpec_Rfilt_sma[24]_qregc2;audSpec_Rfilt_sma[24]_qregc3;audSpec_Rfilt_sma[24]_qregerrQ;audSpec_Rfilt_sma[24]_centroid;audSpec_Rfilt_sma[25]_amean;audSpec_Rfilt_sma[25]_flatness;audSpec_Rfilt_sma[25]_rqmean;audSpec_Rfilt_sma[25]_meanPeakDist;audSpec_Rfilt_sma[25]_peakDistStddev;audSpec_Rfilt_sma[25]_peakRangeAbs;audSpec_Rfilt_sma[25]_peakRangeRel;audSpec_Rfilt_sma[25]_peakMeanAbs;audSpec_Rfilt_sma[25]_peakMeanMeanDist;audSpec_Rfilt_sma[25]_peakMeanRel;audSpec_Rfilt_sma[25]_minRangeRel;audSpec_Rfilt_sma[25]_meanRisingSlope;audSpec_Rfilt_sma[25]_stddevRisingSlope;audSpec_Rfilt_sma[25]_meanFallingSlope;audSpec_Rfilt_sma[25]_stddevFallingSlope;audSpec_Rfilt_sma[25]_linregc1;audSpec_Rfilt_sma[25]_linregc2;audSpec_Rfilt_sma[25]_linregerrQ;audSpec_Rfilt_sma[25]_qregc1;audSpec_Rfilt_sma[25]_qregc2;audSpec_Rfilt_sma[25]_qregc3;audSpec_Rfilt_sma[25]_qregerrQ;audSpec_Rfilt_sma[25]_centroid;pcm_fftMag_fband250-650_sma_amean;pcm_fftMag_fband250-650_sma_flatness;pcm_fftMag_fband250-650_sma_rqmean;pcm_fftMag_fband250-650_sma_meanPeakDist;pcm_fftMag_fband250-650_sma_peakDistStddev;pcm_fftMag_fband250-650_sma_peakRangeAbs;pcm_fftMag_fband250-650_sma_peakRangeRel;pcm_fftMag_fband250-650_sma_peakMeanAbs;pcm_fftMag_fband250-650_sma_peakMeanMeanDist;pcm_fftMag_fband250-650_sma_peakMeanRel;pcm_fftMag_fband250-650_sma_minRangeRel;pcm_fftMag_fband250-650_sma_meanRisingSlope;pcm_fftMag_fband250-650_sma_stddevRisingSlope;pcm_fftMag_fband250-650_sma_meanFallingSlope;pcm_fftMag_fband250-650_sma_stddevFallingSlope;pcm_fftMag_fband250-650_sma_linregc1;pcm_fftMag_fband250-650_sma_linregc2;pcm_fftMag_fband250-650_sma_linregerrQ;pcm_fftMag_fband250-650_sma_qregc1;pcm_fftMag_fband250-650_sma_qregc2;pcm_fftMag_fband250-650_sma_qregc3;pcm_fftMag_fband250-650_sma_qregerrQ;pcm_fftMag_fband250-650_sma_centroid;pcm_fftMag_fband1000-4000_sma_amean;pcm_fftMag_fband1000-4000_sma_flatness;pcm_fftMag_fband1000-4000_sma_rqmean;pcm_fftMag_fband1000-4000_sma_meanPeakDist;pcm_fftMag_fband1000-4000_sma_peakDistStddev;pcm_fftMag_fband1000-4000_sma_peakRangeAbs;pcm_fftMag_fband1000-4000_sma_peakRangeRel;pcm_fftMag_fband1000-4000_sma_peakMeanAbs;pcm_fftMag_fband1000-4000_sma_peakMeanMeanDist;pcm_fftMag_fband1000-4000_sma_peakMeanRel;pcm_fftMag_fband1000-4000_sma_minRangeRel;pcm_fftMag_fband1000-4000_sma_meanRisingSlope;pcm_fftMag_fband1000-4000_sma_stddevRisingSlope;pcm_fftMag_fband1000-4000_sma_meanFallingSlope;pcm_fftMag_fband1000-4000_sma_stddevFallingSlope;pcm_fftMag_fband1000-4000_sma_linregc1;pcm_fftMag_fband1000-4000_sma_linregc2;pcm_fftMag_fband1000-4000_sma_linregerrQ;pcm_fftMag_fband1000-4000_sma_qregc1;pcm_fftMag_fband1000-4000_sma_qregc2;pcm_fftMag_fband1000-4000_sma_qregc3;pcm_fftMag_fband1000-4000_sma_qregerrQ;pcm_fftMag_fband1000-4000_sma_centroid;pcm_fftMag_spectralRollOff25.0_sma_amean;pcm_fftMag_spectralRollOff25.0_sma_flatness;pcm_fftMag_spectralRollOff25.0_sma_rqmean;pcm_fftMag_spectralRollOff25.0_sma_meanPeakDist;pcm_fftMag_spectralRollOff25.0_sma_peakDistStddev;pcm_fftMag_spectralRollOff25.0_sma_peakRangeAbs;pcm_fftMag_spectralRollOff25.0_sma_peakRangeRel;pcm_fftMag_spectralRollOff25.0_sma_peakMeanAbs;pcm_fftMag_spectralRollOff25.0_sma_peakMeanMeanDist;pcm_fftMag_spectralRollOff25.0_sma_peakMeanRel;pcm_fftMag_spectralRollOff25.0_sma_minRangeRel;pcm_fftMag_spectralRollOff25.0_sma_meanRisingSlope;pcm_fftMag_spectralRollOff25.0_sma_stddevRisingSlope;pcm_fftMag_spectralRollOff25.0_sma_meanFallingSlope;pcm_fftMag_spectralRollOff25.0_sma_stddevFallingSlope;pcm_fftMag_spectralRollOff25.0_sma_linregc1;pcm_fftMag_spectralRollOff25.0_sma_linregc2;pcm_fftMag_spectralRollOff25.0_sma_linregerrQ;pcm_fftMag_spectralRollOff25.0_sma_qregc1;pcm_fftMag_spectralRollOff25.0_sma_qregc2;pcm_fftMag_spectralRollOff25.0_sma_qregc3;pcm_fftMag_spectralRollOff25.0_sma_qregerrQ;pcm_fftMag_spectralRollOff25.0_sma_centroid;pcm_fftMag_spectralRollOff50.0_sma_amean;pcm_fftMag_spectralRollOff50.0_sma_flatness;pcm_fftMag_spectralRollOff50.0_sma_rqmean;pcm_fftMag_spectralRollOff50.0_sma_meanPeakDist;pcm_fftMag_spectralRollOff50.0_sma_peakDistStddev;pcm_fftMag_spectralRollOff50.0_sma_peakRangeAbs;pcm_fftMag_spectralRollOff50.0_sma_peakRangeRel;pcm_fftMag_spectralRollOff50.0_sma_peakMeanAbs;pcm_fftMag_spectralRollOff50.0_sma_peakMeanMeanDist;pcm_fftMag_spectralRollOff50.0_sma_peakMeanRel;pcm_fftMag_spectralRollOff50.0_sma_minRangeRel;pcm_fftMag_spectralRollOff50.0_sma_meanRisingSlope;pcm_fftMag_spectralRollOff50.0_sma_stddevRisingSlope;pcm_fftMag_spectralRollOff50.0_sma_meanFallingSlope;pcm_fftMag_spectralRollOff50.0_sma_stddevFallingSlope;pcm_fftMag_spectralRollOff50.0_sma_linregc1;pcm_fftMag_spectralRollOff50.0_sma_linregc2;pcm_fftMag_spectralRollOff50.0_sma_linregerrQ;pcm_fftMag_spectralRollOff50.0_sma_qregc1;pcm_fftMag_spectralRollOff50.0_sma_qregc2;pcm_fftMag_spectralRollOff50.0_sma_qregc3;pcm_fftMag_spectralRollOff50.0_sma_qregerrQ;pcm_fftMag_spectralRollOff50.0_sma_centroid;pcm_fftMag_spectralRollOff75.0_sma_amean;pcm_fftMag_spectralRollOff75.0_sma_flatness;pcm_fftMag_spectralRollOff75.0_sma_rqmean;pcm_fftMag_spectralRollOff75.0_sma_meanPeakDist;pcm_fftMag_spectralRollOff75.0_sma_peakDistStddev;pcm_fftMag_spectralRollOff75.0_sma_peakRangeAbs;pcm_fftMag_spectralRollOff75.0_sma_peakRangeRel;pcm_fftMag_spectralRollOff75.0_sma_peakMeanAbs;pcm_fftMag_spectralRollOff75.0_sma_peakMeanMeanDist;pcm_fftMag_spectralRollOff75.0_sma_peakMeanRel;pcm_fftMag_spectralRollOff75.0_sma_minRangeRel;pcm_fftMag_spectralRollOff75.0_sma_meanRisingSlope;pcm_fftMag_spectralRollOff75.0_sma_stddevRisingSlope;pcm_fftMag_spectralRollOff75.0_sma_meanFallingSlope;pcm_fftMag_spectralRollOff75.0_sma_stddevFallingSlope;pcm_fftMag_spectralRollOff75.0_sma_linregc1;pcm_fftMag_spectralRollOff75.0_sma_linregc2;pcm_fftMag_spectralRollOff75.0_sma_linregerrQ;pcm_fftMag_spectralRollOff75.0_sma_qregc1;pcm_fftMag_spectralRollOff75.0_sma_qregc2;pcm_fftMag_spectralRollOff75.0_sma_qregc3;pcm_fftMag_spectralRollOff75.0_sma_qregerrQ;pcm_fftMag_spectralRollOff75.0_sma_centroid;pcm_fftMag_spectralRollOff90.0_sma_amean;pcm_fftMag_spectralRollOff90.0_sma_flatness;pcm_fftMag_spectralRollOff90.0_sma_rqmean;pcm_fftMag_spectralRollOff90.0_sma_meanPeakDist;pcm_fftMag_spectralRollOff90.0_sma_peakDistStddev;pcm_fftMag_spectralRollOff90.0_sma_peakRangeAbs;pcm_fftMag_spectralRollOff90.0_sma_peakRangeRel;pcm_fftMag_spectralRollOff90.0_sma_peakMeanAbs;pcm_fftMag_spectralRollOff90.0_sma_peakMeanMeanDist;pcm_fftMag_spectralRollOff90.0_sma_peakMeanRel;pcm_fftMag_spectralRollOff90.0_sma_minRangeRel;pcm_fftMag_spectralRollOff90.0_sma_meanRisingSlope;pcm_fftMag_spectralRollOff90.0_sma_stddevRisingSlope;pcm_fftMag_spectralRollOff90.0_sma_meanFallingSlope;pcm_fftMag_spectralRollOff90.0_sma_stddevFallingSlope;pcm_fftMag_spectralRollOff90.0_sma_linregc1;pcm_fftMag_spectralRollOff90.0_sma_linregc2;pcm_fftMag_spectralRollOff90.0_sma_linregerrQ;pcm_fftMag_spectralRollOff90.0_sma_qregc1;pcm_fftMag_spectralRollOff90.0_sma_qregc2;pcm_fftMag_spectralRollOff90.0_sma_qregc3;pcm_fftMag_spectralRollOff90.0_sma_qregerrQ;pcm_fftMag_spectralRollOff90.0_sma_centroid;pcm_fftMag_spectralFlux_sma_amean;pcm_fftMag_spectralFlux_sma_flatness;pcm_fftMag_spectralFlux_sma_rqmean;pcm_fftMag_spectralFlux_sma_meanPeakDist;pcm_fftMag_spectralFlux_sma_peakDistStddev;pcm_fftMag_spectralFlux_sma_peakRangeAbs;pcm_fftMag_spectralFlux_sma_peakRangeRel;pcm_fftMag_spectralFlux_sma_peakMeanAbs;pcm_fftMag_spectralFlux_sma_peakMeanMeanDist;pcm_fftMag_spectralFlux_sma_peakMeanRel;pcm_fftMag_spectralFlux_sma_minRangeRel;pcm_fftMag_spectralFlux_sma_meanRisingSlope;pcm_fftMag_spectralFlux_sma_stddevRisingSlope;pcm_fftMag_spectralFlux_sma_meanFallingSlope;pcm_fftMag_spectralFlux_sma_stddevFallingSlope;pcm_fftMag_spectralFlux_sma_linregc1;pcm_fftMag_spectralFlux_sma_linregc2;pcm_fftMag_spectralFlux_sma_linregerrQ;pcm_fftMag_spectralFlux_sma_qregc1;pcm_fftMag_spectralFlux_sma_qregc2;pcm_fftMag_spectralFlux_sma_qregc3;pcm_fftMag_spectralFlux_sma_qregerrQ;pcm_fftMag_spectralFlux_sma_centroid;pcm_fftMag_spectralCentroid_sma_amean;pcm_fftMag_spectralCentroid_sma_flatness;pcm_fftMag_spectralCentroid_sma_rqmean;pcm_fftMag_spectralCentroid_sma_meanPeakDist;pcm_fftMag_spectralCentroid_sma_peakDistStddev;pcm_fftMag_spectralCentroid_sma_peakRangeAbs;pcm_fftMag_spectralCentroid_sma_peakRangeRel;pcm_fftMag_spectralCentroid_sma_peakMeanAbs;pcm_fftMag_spectralCentroid_sma_peakMeanMeanDist;pcm_fftMag_spectralCentroid_sma_peakMeanRel;pcm_fftMag_spectralCentroid_sma_minRangeRel;pcm_fftMag_spectralCentroid_sma_meanRisingSlope;pcm_fftMag_spectralCentroid_sma_stddevRisingSlope;pcm_fftMag_spectralCentroid_sma_meanFallingSlope;pcm_fftMag_spectralCentroid_sma_stddevFallingSlope;pcm_fftMag_spectralCentroid_sma_linregc1;pcm_fftMag_spectralCentroid_sma_linregc2;pcm_fftMag_spectralCentroid_sma_linregerrQ;pcm_fftMag_spectralCentroid_sma_qregc1;pcm_fftMag_spectralCentroid_sma_qregc2;pcm_fftMag_spectralCentroid_sma_qregc3;pcm_fftMag_spectralCentroid_sma_qregerrQ;pcm_fftMag_spectralCentroid_sma_centroid;pcm_fftMag_spectralEntropy_sma_amean;pcm_fftMag_spectralEntropy_sma_flatness;pcm_fftMag_spectralEntropy_sma_rqmean;pcm_fftMag_spectralEntropy_sma_meanPeakDist;pcm_fftMag_spectralEntropy_sma_peakDistStddev;pcm_fftMag_spectralEntropy_sma_peakRangeAbs;pcm_fftMag_spectralEntropy_sma_peakRangeRel;pcm_fftMag_spectralEntropy_sma_peakMeanAbs;pcm_fftMag_spectralEntropy_sma_peakMeanMeanDist;pcm_fftMag_spectralEntropy_sma_peakMeanRel;pcm_fftMag_spectralEntropy_sma_minRangeRel;pcm_fftMag_spectralEntropy_sma_meanRisingSlope;pcm_fftMag_spectralEntropy_sma_stddevRisingSlope;pcm_fftMag_spectralEntropy_sma_meanFallingSlope;pcm_fftMag_spectralEntropy_sma_stddevFallingSlope;pcm_fftMag_spectralEntropy_sma_linregc1;pcm_fftMag_spectralEntropy_sma_linregc2;pcm_fftMag_spectralEntropy_sma_linregerrQ;pcm_fftMag_spectralEntropy_sma_qregc1;pcm_fftMag_spectralEntropy_sma_qregc2;pcm_fftMag_spectralEntropy_sma_qregc3;pcm_fftMag_spectralEntropy_sma_qregerrQ;pcm_fftMag_spectralEntropy_sma_centroid;pcm_fftMag_spectralVariance_sma_amean;pcm_fftMag_spectralVariance_sma_flatness;pcm_fftMag_spectralVariance_sma_rqmean;pcm_fftMag_spectralVariance_sma_meanPeakDist;pcm_fftMag_spectralVariance_sma_peakDistStddev;pcm_fftMag_spectralVariance_sma_peakRangeAbs;pcm_fftMag_spectralVariance_sma_peakRangeRel;pcm_fftMag_spectralVariance_sma_peakMeanAbs;pcm_fftMag_spectralVariance_sma_peakMeanMeanDist;pcm_fftMag_spectralVariance_sma_peakMeanRel;pcm_fftMag_spectralVariance_sma_minRangeRel;pcm_fftMag_spectralVariance_sma_meanRisingSlope;pcm_fftMag_spectralVariance_sma_stddevRisingSlope;pcm_fftMag_spectralVariance_sma_meanFallingSlope;pcm_fftMag_spectralVariance_sma_stddevFallingSlope;pcm_fftMag_spectralVariance_sma_linregc1;pcm_fftMag_spectralVariance_sma_linregc2;pcm_fftMag_spectralVariance_sma_linregerrQ;pcm_fftMag_spectralVariance_sma_qregc1;pcm_fftMag_spectralVariance_sma_qregc2;pcm_fftMag_spectralVariance_sma_qregc3;pcm_fftMag_spectralVariance_sma_qregerrQ;pcm_fftMag_spectralVariance_sma_centroid;pcm_fftMag_spectralSkewness_sma_amean;pcm_fftMag_spectralSkewness_sma_flatness;pcm_fftMag_spectralSkewness_sma_rqmean;pcm_fftMag_spectralSkewness_sma_meanPeakDist;pcm_fftMag_spectralSkewness_sma_peakDistStddev;pcm_fftMag_spectralSkewness_sma_peakRangeAbs;pcm_fftMag_spectralSkewness_sma_peakRangeRel;pcm_fftMag_spectralSkewness_sma_peakMeanAbs;pcm_fftMag_spectralSkewness_sma_peakMeanMeanDist;pcm_fftMag_spectralSkewness_sma_peakMeanRel;pcm_fftMag_spectralSkewness_sma_minRangeRel;pcm_fftMag_spectralSkewness_sma_meanRisingSlope;pcm_fftMag_spectralSkewness_sma_stddevRisingSlope;pcm_fftMag_spectralSkewness_sma_meanFallingSlope;pcm_fftMag_spectralSkewness_sma_stddevFallingSlope;pcm_fftMag_spectralSkewness_sma_linregc1;pcm_fftMag_spectralSkewness_sma_linregc2;pcm_fftMag_spectralSkewness_sma_linregerrQ;pcm_fftMag_spectralSkewness_sma_qregc1;pcm_fftMag_spectralSkewness_sma_qregc2;pcm_fftMag_spectralSkewness_sma_qregc3;pcm_fftMag_spectralSkewness_sma_qregerrQ;pcm_fftMag_spectralSkewness_sma_centroid;pcm_fftMag_spectralKurtosis_sma_amean;pcm_fftMag_spectralKurtosis_sma_flatness;pcm_fftMag_spectralKurtosis_sma_rqmean;pcm_fftMag_spectralKurtosis_sma_meanPeakDist;pcm_fftMag_spectralKurtosis_sma_peakDistStddev;pcm_fftMag_spectralKurtosis_sma_peakRangeAbs;pcm_fftMag_spectralKurtosis_sma_peakRangeRel;pcm_fftMag_spectralKurtosis_sma_peakMeanAbs;pcm_fftMag_spectralKurtosis_sma_peakMeanMeanDist;pcm_fftMag_spectralKurtosis_sma_peakMeanRel;pcm_fftMag_spectralKurtosis_sma_minRangeRel;pcm_fftMag_spectralKurtosis_sma_meanRisingSlope;pcm_fftMag_spectralKurtosis_sma_stddevRisingSlope;pcm_fftMag_spectralKurtosis_sma_meanFallingSlope;pcm_fftMag_spectralKurtosis_sma_stddevFallingSlope;pcm_fftMag_spectralKurtosis_sma_linregc1;pcm_fftMag_spectralKurtosis_sma_linregc2;pcm_fftMag_spectralKurtosis_sma_linregerrQ;pcm_fftMag_spectralKurtosis_sma_qregc1;pcm_fftMag_spectralKurtosis_sma_qregc2;pcm_fftMag_spectralKurtosis_sma_qregc3;pcm_fftMag_spectralKurtosis_sma_qregerrQ;pcm_fftMag_spectralKurtosis_sma_centroid;pcm_fftMag_spectralSlope_sma_amean;pcm_fftMag_spectralSlope_sma_flatness;pcm_fftMag_spectralSlope_sma_rqmean;pcm_fftMag_spectralSlope_sma_meanPeakDist;pcm_fftMag_spectralSlope_sma_peakDistStddev;pcm_fftMag_spectralSlope_sma_peakRangeAbs;pcm_fftMag_spectralSlope_sma_peakRangeRel;pcm_fftMag_spectralSlope_sma_peakMeanAbs;pcm_fftMag_spectralSlope_sma_peakMeanMeanDist;pcm_fftMag_spectralSlope_sma_peakMeanRel;pcm_fftMag_spectralSlope_sma_minRangeRel;pcm_fftMag_spectralSlope_sma_meanRisingSlope;pcm_fftMag_spectralSlope_sma_stddevRisingSlope;pcm_fftMag_spectralSlope_sma_meanFallingSlope;pcm_fftMag_spectralSlope_sma_stddevFallingSlope;pcm_fftMag_spectralSlope_sma_linregc1;pcm_fftMag_spectralSlope_sma_linregc2;pcm_fftMag_spectralSlope_sma_linregerrQ;pcm_fftMag_spectralSlope_sma_qregc1;pcm_fftMag_spectralSlope_sma_qregc2;pcm_fftMag_spectralSlope_sma_qregc3;pcm_fftMag_spectralSlope_sma_qregerrQ;pcm_fftMag_spectralSlope_sma_centroid;pcm_fftMag_psySharpness_sma_amean;pcm_fftMag_psySharpness_sma_flatness;pcm_fftMag_psySharpness_sma_rqmean;pcm_fftMag_psySharpness_sma_meanPeakDist;pcm_fftMag_psySharpness_sma_peakDistStddev;pcm_fftMag_psySharpness_sma_peakRangeAbs;pcm_fftMag_psySharpness_sma_peakRangeRel;pcm_fftMag_psySharpness_sma_peakMeanAbs;pcm_fftMag_psySharpness_sma_peakMeanMeanDist;pcm_fftMag_psySharpness_sma_peakMeanRel;pcm_fftMag_psySharpness_sma_minRangeRel;pcm_fftMag_psySharpness_sma_meanRisingSlope;pcm_fftMag_psySharpness_sma_stddevRisingSlope;pcm_fftMag_psySharpness_sma_meanFallingSlope;pcm_fftMag_psySharpness_sma_stddevFallingSlope;pcm_fftMag_psySharpness_sma_linregc1;pcm_fftMag_psySharpness_sma_linregc2;pcm_fftMag_psySharpness_sma_linregerrQ;pcm_fftMag_psySharpness_sma_qregc1;pcm_fftMag_psySharpness_sma_qregc2;pcm_fftMag_psySharpness_sma_qregc3;pcm_fftMag_psySharpness_sma_qregerrQ;pcm_fftMag_psySharpness_sma_centroid;pcm_fftMag_spectralHarmonicity_sma_amean;pcm_fftMag_spectralHarmonicity_sma_flatness;pcm_fftMag_spectralHarmonicity_sma_rqmean;pcm_fftMag_spectralHarmonicity_sma_meanPeakDist;pcm_fftMag_spectralHarmonicity_sma_peakDistStddev;pcm_fftMag_spectralHarmonicity_sma_peakRangeAbs;pcm_fftMag_spectralHarmonicity_sma_peakRangeRel;pcm_fftMag_spectralHarmonicity_sma_peakMeanAbs;pcm_fftMag_spectralHarmonicity_sma_peakMeanMeanDist;pcm_fftMag_spectralHarmonicity_sma_peakMeanRel;pcm_fftMag_spectralHarmonicity_sma_minRangeRel;pcm_fftMag_spectralHarmonicity_sma_meanRisingSlope;pcm_fftMag_spectralHarmonicity_sma_stddevRisingSlope;pcm_fftMag_spectralHarmonicity_sma_meanFallingSlope;pcm_fftMag_spectralHarmonicity_sma_stddevFallingSlope;pcm_fftMag_spectralHarmonicity_sma_linregc1;pcm_fftMag_spectralHarmonicity_sma_linregc2;pcm_fftMag_spectralHarmonicity_sma_linregerrQ;pcm_fftMag_spectralHarmonicity_sma_qregc1;pcm_fftMag_spectralHarmonicity_sma_qregc2;pcm_fftMag_spectralHarmonicity_sma_qregc3;pcm_fftMag_spectralHarmonicity_sma_qregerrQ;pcm_fftMag_spectralHarmonicity_sma_centroid;mfcc_sma[1]_amean;mfcc_sma[1]_flatness;mfcc_sma[1]_rqmean;mfcc_sma[1]_meanPeakDist;mfcc_sma[1]_peakDistStddev;mfcc_sma[1]_peakRangeAbs;mfcc_sma[1]_peakRangeRel;mfcc_sma[1]_peakMeanAbs;mfcc_sma[1]_peakMeanMeanDist;mfcc_sma[1]_peakMeanRel;mfcc_sma[1]_minRangeRel;mfcc_sma[1]_meanRisingSlope;mfcc_sma[1]_stddevRisingSlope;mfcc_sma[1]_meanFallingSlope;mfcc_sma[1]_stddevFallingSlope;mfcc_sma[1]_linregc1;mfcc_sma[1]_linregc2;mfcc_sma[1]_linregerrQ;mfcc_sma[1]_qregc1;mfcc_sma[1]_qregc2;mfcc_sma[1]_qregc3;mfcc_sma[1]_qregerrQ;mfcc_sma[1]_centroid;mfcc_sma[2]_amean;mfcc_sma[2]_flatness;mfcc_sma[2]_rqmean;mfcc_sma[2]_meanPeakDist;mfcc_sma[2]_peakDistStddev;mfcc_sma[2]_peakRangeAbs;mfcc_sma[2]_peakRangeRel;mfcc_sma[2]_peakMeanAbs;mfcc_sma[2]_peakMeanMeanDist;mfcc_sma[2]_peakMeanRel;mfcc_sma[2]_minRangeRel;mfcc_sma[2]_meanRisingSlope;mfcc_sma[2]_stddevRisingSlope;mfcc_sma[2]_meanFallingSlope;mfcc_sma[2]_stddevFallingSlope;mfcc_sma[2]_linregc1;mfcc_sma[2]_linregc2;mfcc_sma[2]_linregerrQ;mfcc_sma[2]_qregc1;mfcc_sma[2]_qregc2;mfcc_sma[2]_qregc3;mfcc_sma[2]_qregerrQ;mfcc_sma[2]_centroid;mfcc_sma[3]_amean;mfcc_sma[3]_flatness;mfcc_sma[3]_rqmean;mfcc_sma[3]_meanPeakDist;mfcc_sma[3]_peakDistStddev;mfcc_sma[3]_peakRangeAbs;mfcc_sma[3]_peakRangeRel;mfcc_sma[3]_peakMeanAbs;mfcc_sma[3]_peakMeanMeanDist;mfcc_sma[3]_peakMeanRel;mfcc_sma[3]_minRangeRel;mfcc_sma[3]_meanRisingSlope;mfcc_sma[3]_stddevRisingSlope;mfcc_sma[3]_meanFallingSlope;mfcc_sma[3]_stddevFallingSlope;mfcc_sma[3]_linregc1;mfcc_sma[3]_linregc2;mfcc_sma[3]_linregerrQ;mfcc_sma[3]_qregc1;mfcc_sma[3]_qregc2;mfcc_sma[3]_qregc3;mfcc_sma[3]_qregerrQ;mfcc_sma[3]_centroid;mfcc_sma[4]_amean;mfcc_sma[4]_flatness;mfcc_sma[4]_rqmean;mfcc_sma[4]_meanPeakDist;mfcc_sma[4]_peakDistStddev;mfcc_sma[4]_peakRangeAbs;mfcc_sma[4]_peakRangeRel;mfcc_sma[4]_peakMeanAbs;mfcc_sma[4]_peakMeanMeanDist;mfcc_sma[4]_peakMeanRel;mfcc_sma[4]_minRangeRel;mfcc_sma[4]_meanRisingSlope;mfcc_sma[4]_stddevRisingSlope;mfcc_sma[4]_meanFallingSlope;mfcc_sma[4]_stddevFallingSlope;mfcc_sma[4]_linregc1;mfcc_sma[4]_linregc2;mfcc_sma[4]_linregerrQ;mfcc_sma[4]_qregc1;mfcc_sma[4]_qregc2;mfcc_sma[4]_qregc3;mfcc_sma[4]_qregerrQ;mfcc_sma[4]_centroid;mfcc_sma[5]_amean;mfcc_sma[5]_flatness;mfcc_sma[5]_rqmean;mfcc_sma[5]_meanPeakDist;mfcc_sma[5]_peakDistStddev;mfcc_sma[5]_peakRangeAbs;mfcc_sma[5]_peakRangeRel;mfcc_sma[5]_peakMeanAbs;mfcc_sma[5]_peakMeanMeanDist;mfcc_sma[5]_peakMeanRel;mfcc_sma[5]_minRangeRel;mfcc_sma[5]_meanRisingSlope;mfcc_sma[5]_stddevRisingSlope;mfcc_sma[5]_meanFallingSlope;mfcc_sma[5]_stddevFallingSlope;mfcc_sma[5]_linregc1;mfcc_sma[5]_linregc2;mfcc_sma[5]_linregerrQ;mfcc_sma[5]_qregc1;mfcc_sma[5]_qregc2;mfcc_sma[5]_qregc3;mfcc_sma[5]_qregerrQ;mfcc_sma[5]_centroid;mfcc_sma[6]_amean;mfcc_sma[6]_flatness;mfcc_sma[6]_rqmean;mfcc_sma[6]_meanPeakDist;mfcc_sma[6]_peakDistStddev;mfcc_sma[6]_peakRangeAbs;mfcc_sma[6]_peakRangeRel;mfcc_sma[6]_peakMeanAbs;mfcc_sma[6]_peakMeanMeanDist;mfcc_sma[6]_peakMeanRel;mfcc_sma[6]_minRangeRel;mfcc_sma[6]_meanRisingSlope;mfcc_sma[6]_stddevRisingSlope;mfcc_sma[6]_meanFallingSlope;mfcc_sma[6]_stddevFallingSlope;mfcc_sma[6]_linregc1;mfcc_sma[6]_linregc2;mfcc_sma[6]_linregerrQ;mfcc_sma[6]_qregc1;mfcc_sma[6]_qregc2;mfcc_sma[6]_qregc3;mfcc_sma[6]_qregerrQ;mfcc_sma[6]_centroid;mfcc_sma[7]_amean;mfcc_sma[7]_flatness;mfcc_sma[7]_rqmean;mfcc_sma[7]_meanPeakDist;mfcc_sma[7]_peakDistStddev;mfcc_sma[7]_peakRangeAbs;mfcc_sma[7]_peakRangeRel;mfcc_sma[7]_peakMeanAbs;mfcc_sma[7]_peakMeanMeanDist;mfcc_sma[7]_peakMeanRel;mfcc_sma[7]_minRangeRel;mfcc_sma[7]_meanRisingSlope;mfcc_sma[7]_stddevRisingSlope;mfcc_sma[7]_meanFallingSlope;mfcc_sma[7]_stddevFallingSlope;mfcc_sma[7]_linregc1;mfcc_sma[7]_linregc2;mfcc_sma[7]_linregerrQ;mfcc_sma[7]_qregc1;mfcc_sma[7]_qregc2;mfcc_sma[7]_qregc3;mfcc_sma[7]_qregerrQ;mfcc_sma[7]_centroid;mfcc_sma[8]_amean;mfcc_sma[8]_flatness;mfcc_sma[8]_rqmean;mfcc_sma[8]_meanPeakDist;mfcc_sma[8]_peakDistStddev;mfcc_sma[8]_peakRangeAbs;mfcc_sma[8]_peakRangeRel;mfcc_sma[8]_peakMeanAbs;mfcc_sma[8]_peakMeanMeanDist;mfcc_sma[8]_peakMeanRel;mfcc_sma[8]_minRangeRel;mfcc_sma[8]_meanRisingSlope;mfcc_sma[8]_stddevRisingSlope;mfcc_sma[8]_meanFallingSlope;mfcc_sma[8]_stddevFallingSlope;mfcc_sma[8]_linregc1;mfcc_sma[8]_linregc2;mfcc_sma[8]_linregerrQ;mfcc_sma[8]_qregc1;mfcc_sma[8]_qregc2;mfcc_sma[8]_qregc3;mfcc_sma[8]_qregerrQ;mfcc_sma[8]_centroid;mfcc_sma[9]_amean;mfcc_sma[9]_flatness;mfcc_sma[9]_rqmean;mfcc_sma[9]_meanPeakDist;mfcc_sma[9]_peakDistStddev;mfcc_sma[9]_peakRangeAbs;mfcc_sma[9]_peakRangeRel;mfcc_sma[9]_peakMeanAbs;mfcc_sma[9]_peakMeanMeanDist;mfcc_sma[9]_peakMeanRel;mfcc_sma[9]_minRangeRel;mfcc_sma[9]_meanRisingSlope;mfcc_sma[9]_stddevRisingSlope;mfcc_sma[9]_meanFallingSlope;mfcc_sma[9]_stddevFallingSlope;mfcc_sma[9]_linregc1;mfcc_sma[9]_linregc2;mfcc_sma[9]_linregerrQ;mfcc_sma[9]_qregc1;mfcc_sma[9]_qregc2;mfcc_sma[9]_qregc3;mfcc_sma[9]_qregerrQ;mfcc_sma[9]_centroid;mfcc_sma[10]_amean;mfcc_sma[10]_flatness;mfcc_sma[10]_rqmean;mfcc_sma[10]_meanPeakDist;mfcc_sma[10]_peakDistStddev;mfcc_sma[10]_peakRangeAbs;mfcc_sma[10]_peakRangeRel;mfcc_sma[10]_peakMeanAbs;mfcc_sma[10]_peakMeanMeanDist;mfcc_sma[10]_peakMeanRel;mfcc_sma[10]_minRangeRel;mfcc_sma[10]_meanRisingSlope;mfcc_sma[10]_stddevRisingSlope;mfcc_sma[10]_meanFallingSlope;mfcc_sma[10]_stddevFallingSlope;mfcc_sma[10]_linregc1;mfcc_sma[10]_linregc2;mfcc_sma[10]_linregerrQ;mfcc_sma[10]_qregc1;mfcc_sma[10]_qregc2;mfcc_sma[10]_qregc3;mfcc_sma[10]_qregerrQ;mfcc_sma[10]_centroid;mfcc_sma[11]_amean;mfcc_sma[11]_flatness;mfcc_sma[11]_rqmean;mfcc_sma[11]_meanPeakDist;mfcc_sma[11]_peakDistStddev;mfcc_sma[11]_peakRangeAbs;mfcc_sma[11]_peakRangeRel;mfcc_sma[11]_peakMeanAbs;mfcc_sma[11]_peakMeanMeanDist;mfcc_sma[11]_peakMeanRel;mfcc_sma[11]_minRangeRel;mfcc_sma[11]_meanRisingSlope;mfcc_sma[11]_stddevRisingSlope;mfcc_sma[11]_meanFallingSlope;mfcc_sma[11]_stddevFallingSlope;mfcc_sma[11]_linregc1;mfcc_sma[11]_linregc2;mfcc_sma[11]_linregerrQ;mfcc_sma[11]_qregc1;mfcc_sma[11]_qregc2;mfcc_sma[11]_qregc3;mfcc_sma[11]_qregerrQ;mfcc_sma[11]_centroid;mfcc_sma[12]_amean;mfcc_sma[12]_flatness;mfcc_sma[12]_rqmean;mfcc_sma[12]_meanPeakDist;mfcc_sma[12]_peakDistStddev;mfcc_sma[12]_peakRangeAbs;mfcc_sma[12]_peakRangeRel;mfcc_sma[12]_peakMeanAbs;mfcc_sma[12]_peakMeanMeanDist;mfcc_sma[12]_peakMeanRel;mfcc_sma[12]_minRangeRel;mfcc_sma[12]_meanRisingSlope;mfcc_sma[12]_stddevRisingSlope;mfcc_sma[12]_meanFallingSlope;mfcc_sma[12]_stddevFallingSlope;mfcc_sma[12]_linregc1;mfcc_sma[12]_linregc2;mfcc_sma[12]_linregerrQ;mfcc_sma[12]_qregc1;mfcc_sma[12]_qregc2;mfcc_sma[12]_qregc3;mfcc_sma[12]_qregerrQ;mfcc_sma[12]_centroid;mfcc_sma[13]_amean;mfcc_sma[13]_flatness;mfcc_sma[13]_rqmean;mfcc_sma[13]_meanPeakDist;mfcc_sma[13]_peakDistStddev;mfcc_sma[13]_peakRangeAbs;mfcc_sma[13]_peakRangeRel;mfcc_sma[13]_peakMeanAbs;mfcc_sma[13]_peakMeanMeanDist;mfcc_sma[13]_peakMeanRel;mfcc_sma[13]_minRangeRel;mfcc_sma[13]_meanRisingSlope;mfcc_sma[13]_stddevRisingSlope;mfcc_sma[13]_meanFallingSlope;mfcc_sma[13]_stddevFallingSlope;mfcc_sma[13]_linregc1;mfcc_sma[13]_linregc2;mfcc_sma[13]_linregerrQ;mfcc_sma[13]_qregc1;mfcc_sma[13]_qregc2;mfcc_sma[13]_qregc3;mfcc_sma[13]_qregerrQ;mfcc_sma[13]_centroid;mfcc_sma[14]_amean;mfcc_sma[14]_flatness;mfcc_sma[14]_rqmean;mfcc_sma[14]_meanPeakDist;mfcc_sma[14]_peakDistStddev;mfcc_sma[14]_peakRangeAbs;mfcc_sma[14]_peakRangeRel;mfcc_sma[14]_peakMeanAbs;mfcc_sma[14]_peakMeanMeanDist;mfcc_sma[14]_peakMeanRel;mfcc_sma[14]_minRangeRel;mfcc_sma[14]_meanRisingSlope;mfcc_sma[14]_stddevRisingSlope;mfcc_sma[14]_meanFallingSlope;mfcc_sma[14]_stddevFallingSlope;mfcc_sma[14]_linregc1;mfcc_sma[14]_linregc2;mfcc_sma[14]_linregerrQ;mfcc_sma[14]_qregc1;mfcc_sma[14]_qregc2;mfcc_sma[14]_qregc3;mfcc_sma[14]_qregerrQ;mfcc_sma[14]_centroid;audspec_lengthL1norm_sma_de_flatness;audspec_lengthL1norm_sma_de_posamean;audspec_lengthL1norm_sma_de_rqmean;audspec_lengthL1norm_sma_de_meanPeakDist;audspec_lengthL1norm_sma_de_peakDistStddev;audspec_lengthL1norm_sma_de_peakRangeAbs;audspec_lengthL1norm_sma_de_peakRangeRel;audspec_lengthL1norm_sma_de_peakMeanAbs;audspec_lengthL1norm_sma_de_peakMeanMeanDist;audspec_lengthL1norm_sma_de_peakMeanRel;audspec_lengthL1norm_sma_de_minRangeRel;audspec_lengthL1norm_sma_de_meanRisingSlope;audspec_lengthL1norm_sma_de_stddevRisingSlope;audspec_lengthL1norm_sma_de_meanFallingSlope;audspec_lengthL1norm_sma_de_stddevFallingSlope;audspecRasta_lengthL1norm_sma_de_flatness;audspecRasta_lengthL1norm_sma_de_posamean;audspecRasta_lengthL1norm_sma_de_rqmean;audspecRasta_lengthL1norm_sma_de_meanPeakDist;audspecRasta_lengthL1norm_sma_de_peakDistStddev;audspecRasta_lengthL1norm_sma_de_peakRangeAbs;audspecRasta_lengthL1norm_sma_de_peakRangeRel;audspecRasta_lengthL1norm_sma_de_peakMeanAbs;audspecRasta_lengthL1norm_sma_de_peakMeanMeanDist;audspecRasta_lengthL1norm_sma_de_peakMeanRel;audspecRasta_lengthL1norm_sma_de_minRangeRel;audspecRasta_lengthL1norm_sma_de_meanRisingSlope;audspecRasta_lengthL1norm_sma_de_stddevRisingSlope;audspecRasta_lengthL1norm_sma_de_meanFallingSlope;audspecRasta_lengthL1norm_sma_de_stddevFallingSlope;pcm_RMSenergy_sma_de_flatness;pcm_RMSenergy_sma_de_posamean;pcm_RMSenergy_sma_de_rqmean;pcm_RMSenergy_sma_de_meanPeakDist;pcm_RMSenergy_sma_de_peakDistStddev;pcm_RMSenergy_sma_de_peakRangeAbs;pcm_RMSenergy_sma_de_peakRangeRel;pcm_RMSenergy_sma_de_peakMeanAbs;pcm_RMSenergy_sma_de_peakMeanMeanDist;pcm_RMSenergy_sma_de_peakMeanRel;pcm_RMSenergy_sma_de_minRangeRel;pcm_RMSenergy_sma_de_meanRisingSlope;pcm_RMSenergy_sma_de_stddevRisingSlope;pcm_RMSenergy_sma_de_meanFallingSlope;pcm_RMSenergy_sma_de_stddevFallingSlope;pcm_zcr_sma_de_flatness;pcm_zcr_sma_de_posamean;pcm_zcr_sma_de_rqmean;pcm_zcr_sma_de_meanPeakDist;pcm_zcr_sma_de_peakDistStddev;pcm_zcr_sma_de_peakRangeAbs;pcm_zcr_sma_de_peakRangeRel;pcm_zcr_sma_de_peakMeanAbs;pcm_zcr_sma_de_peakMeanMeanDist;pcm_zcr_sma_de_peakMeanRel;pcm_zcr_sma_de_minRangeRel;pcm_zcr_sma_de_meanRisingSlope;pcm_zcr_sma_de_stddevRisingSlope;pcm_zcr_sma_de_meanFallingSlope;pcm_zcr_sma_de_stddevFallingSlope;audSpec_Rfilt_sma_de[0]_flatness;audSpec_Rfilt_sma_de[0]_posamean;audSpec_Rfilt_sma_de[0]_rqmean;audSpec_Rfilt_sma_de[0]_meanPeakDist;audSpec_Rfilt_sma_de[0]_peakDistStddev;audSpec_Rfilt_sma_de[0]_peakRangeAbs;audSpec_Rfilt_sma_de[0]_peakRangeRel;audSpec_Rfilt_sma_de[0]_peakMeanAbs;audSpec_Rfilt_sma_de[0]_peakMeanMeanDist;audSpec_Rfilt_sma_de[0]_peakMeanRel;audSpec_Rfilt_sma_de[0]_minRangeRel;audSpec_Rfilt_sma_de[0]_meanRisingSlope;audSpec_Rfilt_sma_de[0]_stddevRisingSlope;audSpec_Rfilt_sma_de[0]_meanFallingSlope;audSpec_Rfilt_sma_de[0]_stddevFallingSlope;audSpec_Rfilt_sma_de[1]_flatness;audSpec_Rfilt_sma_de[1]_posamean;audSpec_Rfilt_sma_de[1]_rqmean;audSpec_Rfilt_sma_de[1]_meanPeakDist;audSpec_Rfilt_sma_de[1]_peakDistStddev;audSpec_Rfilt_sma_de[1]_peakRangeAbs;audSpec_Rfilt_sma_de[1]_peakRangeRel;audSpec_Rfilt_sma_de[1]_peakMeanAbs;audSpec_Rfilt_sma_de[1]_peakMeanMeanDist;audSpec_Rfilt_sma_de[1]_peakMeanRel;audSpec_Rfilt_sma_de[1]_minRangeRel;audSpec_Rfilt_sma_de[1]_meanRisingSlope;audSpec_Rfilt_sma_de[1]_stddevRisingSlope;audSpec_Rfilt_sma_de[1]_meanFallingSlope;audSpec_Rfilt_sma_de[1]_stddevFallingSlope;audSpec_Rfilt_sma_de[2]_flatness;audSpec_Rfilt_sma_de[2]_posamean;audSpec_Rfilt_sma_de[2]_rqmean;audSpec_Rfilt_sma_de[2]_meanPeakDist;audSpec_Rfilt_sma_de[2]_peakDistStddev;audSpec_Rfilt_sma_de[2]_peakRangeAbs;audSpec_Rfilt_sma_de[2]_peakRangeRel;audSpec_Rfilt_sma_de[2]_peakMeanAbs;audSpec_Rfilt_sma_de[2]_peakMeanMeanDist;audSpec_Rfilt_sma_de[2]_peakMeanRel;audSpec_Rfilt_sma_de[2]_minRangeRel;audSpec_Rfilt_sma_de[2]_meanRisingSlope;audSpec_Rfilt_sma_de[2]_stddevRisingSlope;audSpec_Rfilt_sma_de[2]_meanFallingSlope;audSpec_Rfilt_sma_de[2]_stddevFallingSlope;audSpec_Rfilt_sma_de[3]_flatness;audSpec_Rfilt_sma_de[3]_posamean;audSpec_Rfilt_sma_de[3]_rqmean;audSpec_Rfilt_sma_de[3]_meanPeakDist;audSpec_Rfilt_sma_de[3]_peakDistStddev;audSpec_Rfilt_sma_de[3]_peakRangeAbs;audSpec_Rfilt_sma_de[3]_peakRangeRel;audSpec_Rfilt_sma_de[3]_peakMeanAbs;audSpec_Rfilt_sma_de[3]_peakMeanMeanDist;audSpec_Rfilt_sma_de[3]_peakMeanRel;audSpec_Rfilt_sma_de[3]_minRangeRel;audSpec_Rfilt_sma_de[3]_meanRisingSlope;audSpec_Rfilt_sma_de[3]_stddevRisingSlope;audSpec_Rfilt_sma_de[3]_meanFallingSlope;audSpec_Rfilt_sma_de[3]_stddevFallingSlope;audSpec_Rfilt_sma_de[4]_flatness;audSpec_Rfilt_sma_de[4]_posamean;audSpec_Rfilt_sma_de[4]_rqmean;audSpec_Rfilt_sma_de[4]_meanPeakDist;audSpec_Rfilt_sma_de[4]_peakDistStddev;audSpec_Rfilt_sma_de[4]_peakRangeAbs;audSpec_Rfilt_sma_de[4]_peakRangeRel;audSpec_Rfilt_sma_de[4]_peakMeanAbs;audSpec_Rfilt_sma_de[4]_peakMeanMeanDist;audSpec_Rfilt_sma_de[4]_peakMeanRel;audSpec_Rfilt_sma_de[4]_minRangeRel;audSpec_Rfilt_sma_de[4]_meanRisingSlope;audSpec_Rfilt_sma_de[4]_stddevRisingSlope;audSpec_Rfilt_sma_de[4]_meanFallingSlope;audSpec_Rfilt_sma_de[4]_stddevFallingSlope;audSpec_Rfilt_sma_de[5]_flatness;audSpec_Rfilt_sma_de[5]_posamean;audSpec_Rfilt_sma_de[5]_rqmean;audSpec_Rfilt_sma_de[5]_meanPeakDist;audSpec_Rfilt_sma_de[5]_peakDistStddev;audSpec_Rfilt_sma_de[5]_peakRangeAbs;audSpec_Rfilt_sma_de[5]_peakRangeRel;audSpec_Rfilt_sma_de[5]_peakMeanAbs;audSpec_Rfilt_sma_de[5]_peakMeanMeanDist;audSpec_Rfilt_sma_de[5]_peakMeanRel;audSpec_Rfilt_sma_de[5]_minRangeRel;audSpec_Rfilt_sma_de[5]_meanRisingSlope;audSpec_Rfilt_sma_de[5]_stddevRisingSlope;audSpec_Rfilt_sma_de[5]_meanFallingSlope;audSpec_Rfilt_sma_de[5]_stddevFallingSlope;audSpec_Rfilt_sma_de[6]_flatness;audSpec_Rfilt_sma_de[6]_posamean;audSpec_Rfilt_sma_de[6]_rqmean;audSpec_Rfilt_sma_de[6]_meanPeakDist;audSpec_Rfilt_sma_de[6]_peakDistStddev;audSpec_Rfilt_sma_de[6]_peakRangeAbs;audSpec_Rfilt_sma_de[6]_peakRangeRel;audSpec_Rfilt_sma_de[6]_peakMeanAbs;audSpec_Rfilt_sma_de[6]_peakMeanMeanDist;audSpec_Rfilt_sma_de[6]_peakMeanRel;audSpec_Rfilt_sma_de[6]_minRangeRel;audSpec_Rfilt_sma_de[6]_meanRisingSlope;audSpec_Rfilt_sma_de[6]_stddevRisingSlope;audSpec_Rfilt_sma_de[6]_meanFallingSlope;audSpec_Rfilt_sma_de[6]_stddevFallingSlope;audSpec_Rfilt_sma_de[7]_flatness;audSpec_Rfilt_sma_de[7]_posamean;audSpec_Rfilt_sma_de[7]_rqmean;audSpec_Rfilt_sma_de[7]_meanPeakDist;audSpec_Rfilt_sma_de[7]_peakDistStddev;audSpec_Rfilt_sma_de[7]_peakRangeAbs;audSpec_Rfilt_sma_de[7]_peakRangeRel;audSpec_Rfilt_sma_de[7]_peakMeanAbs;audSpec_Rfilt_sma_de[7]_peakMeanMeanDist;audSpec_Rfilt_sma_de[7]_peakMeanRel;audSpec_Rfilt_sma_de[7]_minRangeRel;audSpec_Rfilt_sma_de[7]_meanRisingSlope;audSpec_Rfilt_sma_de[7]_stddevRisingSlope;audSpec_Rfilt_sma_de[7]_meanFallingSlope;audSpec_Rfilt_sma_de[7]_stddevFallingSlope;audSpec_Rfilt_sma_de[8]_flatness;audSpec_Rfilt_sma_de[8]_posamean;audSpec_Rfilt_sma_de[8]_rqmean;audSpec_Rfilt_sma_de[8]_meanPeakDist;audSpec_Rfilt_sma_de[8]_peakDistStddev;audSpec_Rfilt_sma_de[8]_peakRangeAbs;audSpec_Rfilt_sma_de[8]_peakRangeRel;audSpec_Rfilt_sma_de[8]_peakMeanAbs;audSpec_Rfilt_sma_de[8]_peakMeanMeanDist;audSpec_Rfilt_sma_de[8]_peakMeanRel;audSpec_Rfilt_sma_de[8]_minRangeRel;audSpec_Rfilt_sma_de[8]_meanRisingSlope;audSpec_Rfilt_sma_de[8]_stddevRisingSlope;audSpec_Rfilt_sma_de[8]_meanFallingSlope;audSpec_Rfilt_sma_de[8]_stddevFallingSlope;audSpec_Rfilt_sma_de[9]_flatness;audSpec_Rfilt_sma_de[9]_posamean;audSpec_Rfilt_sma_de[9]_rqmean;audSpec_Rfilt_sma_de[9]_meanPeakDist;audSpec_Rfilt_sma_de[9]_peakDistStddev;audSpec_Rfilt_sma_de[9]_peakRangeAbs;audSpec_Rfilt_sma_de[9]_peakRangeRel;audSpec_Rfilt_sma_de[9]_peakMeanAbs;audSpec_Rfilt_sma_de[9]_peakMeanMeanDist;audSpec_Rfilt_sma_de[9]_peakMeanRel;audSpec_Rfilt_sma_de[9]_minRangeRel;audSpec_Rfilt_sma_de[9]_meanRisingSlope;audSpec_Rfilt_sma_de[9]_stddevRisingSlope;audSpec_Rfilt_sma_de[9]_meanFallingSlope;audSpec_Rfilt_sma_de[9]_stddevFallingSlope;audSpec_Rfilt_sma_de[10]_flatness;audSpec_Rfilt_sma_de[10]_posamean;audSpec_Rfilt_sma_de[10]_rqmean;audSpec_Rfilt_sma_de[10]_meanPeakDist;audSpec_Rfilt_sma_de[10]_peakDistStddev;audSpec_Rfilt_sma_de[10]_peakRangeAbs;audSpec_Rfilt_sma_de[10]_peakRangeRel;audSpec_Rfilt_sma_de[10]_peakMeanAbs;audSpec_Rfilt_sma_de[10]_peakMeanMeanDist;audSpec_Rfilt_sma_de[10]_peakMeanRel;audSpec_Rfilt_sma_de[10]_minRangeRel;audSpec_Rfilt_sma_de[10]_meanRisingSlope;audSpec_Rfilt_sma_de[10]_stddevRisingSlope;audSpec_Rfilt_sma_de[10]_meanFallingSlope;audSpec_Rfilt_sma_de[10]_stddevFallingSlope;audSpec_Rfilt_sma_de[11]_flatness;audSpec_Rfilt_sma_de[11]_posamean;audSpec_Rfilt_sma_de[11]_rqmean;audSpec_Rfilt_sma_de[11]_meanPeakDist;audSpec_Rfilt_sma_de[11]_peakDistStddev;audSpec_Rfilt_sma_de[11]_peakRangeAbs;audSpec_Rfilt_sma_de[11]_peakRangeRel;audSpec_Rfilt_sma_de[11]_peakMeanAbs;audSpec_Rfilt_sma_de[11]_peakMeanMeanDist;audSpec_Rfilt_sma_de[11]_peakMeanRel;audSpec_Rfilt_sma_de[11]_minRangeRel;audSpec_Rfilt_sma_de[11]_meanRisingSlope;audSpec_Rfilt_sma_de[11]_stddevRisingSlope;audSpec_Rfilt_sma_de[11]_meanFallingSlope;audSpec_Rfilt_sma_de[11]_stddevFallingSlope;audSpec_Rfilt_sma_de[12]_flatness;audSpec_Rfilt_sma_de[12]_posamean;audSpec_Rfilt_sma_de[12]_rqmean;audSpec_Rfilt_sma_de[12]_meanPeakDist;audSpec_Rfilt_sma_de[12]_peakDistStddev;audSpec_Rfilt_sma_de[12]_peakRangeAbs;audSpec_Rfilt_sma_de[12]_peakRangeRel;audSpec_Rfilt_sma_de[12]_peakMeanAbs;audSpec_Rfilt_sma_de[12]_peakMeanMeanDist;audSpec_Rfilt_sma_de[12]_peakMeanRel;audSpec_Rfilt_sma_de[12]_minRangeRel;audSpec_Rfilt_sma_de[12]_meanRisingSlope;audSpec_Rfilt_sma_de[12]_stddevRisingSlope;audSpec_Rfilt_sma_de[12]_meanFallingSlope;audSpec_Rfilt_sma_de[12]_stddevFallingSlope;audSpec_Rfilt_sma_de[13]_flatness;audSpec_Rfilt_sma_de[13]_posamean;audSpec_Rfilt_sma_de[13]_rqmean;audSpec_Rfilt_sma_de[13]_meanPeakDist;audSpec_Rfilt_sma_de[13]_peakDistStddev;audSpec_Rfilt_sma_de[13]_peakRangeAbs;audSpec_Rfilt_sma_de[13]_peakRangeRel;audSpec_Rfilt_sma_de[13]_peakMeanAbs;audSpec_Rfilt_sma_de[13]_peakMeanMeanDist;audSpec_Rfilt_sma_de[13]_peakMeanRel;audSpec_Rfilt_sma_de[13]_minRangeRel;audSpec_Rfilt_sma_de[13]_meanRisingSlope;audSpec_Rfilt_sma_de[13]_stddevRisingSlope;audSpec_Rfilt_sma_de[13]_meanFallingSlope;audSpec_Rfilt_sma_de[13]_stddevFallingSlope;audSpec_Rfilt_sma_de[14]_flatness;audSpec_Rfilt_sma_de[14]_posamean;audSpec_Rfilt_sma_de[14]_rqmean;audSpec_Rfilt_sma_de[14]_meanPeakDist;audSpec_Rfilt_sma_de[14]_peakDistStddev;audSpec_Rfilt_sma_de[14]_peakRangeAbs;audSpec_Rfilt_sma_de[14]_peakRangeRel;audSpec_Rfilt_sma_de[14]_peakMeanAbs;audSpec_Rfilt_sma_de[14]_peakMeanMeanDist;audSpec_Rfilt_sma_de[14]_peakMeanRel;audSpec_Rfilt_sma_de[14]_minRangeRel;audSpec_Rfilt_sma_de[14]_meanRisingSlope;audSpec_Rfilt_sma_de[14]_stddevRisingSlope;audSpec_Rfilt_sma_de[14]_meanFallingSlope;audSpec_Rfilt_sma_de[14]_stddevFallingSlope;audSpec_Rfilt_sma_de[15]_flatness;audSpec_Rfilt_sma_de[15]_posamean;audSpec_Rfilt_sma_de[15]_rqmean;audSpec_Rfilt_sma_de[15]_meanPeakDist;audSpec_Rfilt_sma_de[15]_peakDistStddev;audSpec_Rfilt_sma_de[15]_peakRangeAbs;audSpec_Rfilt_sma_de[15]_peakRangeRel;audSpec_Rfilt_sma_de[15]_peakMeanAbs;audSpec_Rfilt_sma_de[15]_peakMeanMeanDist;audSpec_Rfilt_sma_de[15]_peakMeanRel;audSpec_Rfilt_sma_de[15]_minRangeRel;audSpec_Rfilt_sma_de[15]_meanRisingSlope;audSpec_Rfilt_sma_de[15]_stddevRisingSlope;audSpec_Rfilt_sma_de[15]_meanFallingSlope;audSpec_Rfilt_sma_de[15]_stddevFallingSlope;audSpec_Rfilt_sma_de[16]_flatness;audSpec_Rfilt_sma_de[16]_posamean;audSpec_Rfilt_sma_de[16]_rqmean;audSpec_Rfilt_sma_de[16]_meanPeakDist;audSpec_Rfilt_sma_de[16]_peakDistStddev;audSpec_Rfilt_sma_de[16]_peakRangeAbs;audSpec_Rfilt_sma_de[16]_peakRangeRel;audSpec_Rfilt_sma_de[16]_peakMeanAbs;audSpec_Rfilt_sma_de[16]_peakMeanMeanDist;audSpec_Rfilt_sma_de[16]_peakMeanRel;audSpec_Rfilt_sma_de[16]_minRangeRel;audSpec_Rfilt_sma_de[16]_meanRisingSlope;audSpec_Rfilt_sma_de[16]_stddevRisingSlope;audSpec_Rfilt_sma_de[16]_meanFallingSlope;audSpec_Rfilt_sma_de[16]_stddevFallingSlope;audSpec_Rfilt_sma_de[17]_flatness;audSpec_Rfilt_sma_de[17]_posamean;audSpec_Rfilt_sma_de[17]_rqmean;audSpec_Rfilt_sma_de[17]_meanPeakDist;audSpec_Rfilt_sma_de[17]_peakDistStddev;audSpec_Rfilt_sma_de[17]_peakRangeAbs;audSpec_Rfilt_sma_de[17]_peakRangeRel;audSpec_Rfilt_sma_de[17]_peakMeanAbs;audSpec_Rfilt_sma_de[17]_peakMeanMeanDist;audSpec_Rfilt_sma_de[17]_peakMeanRel;audSpec_Rfilt_sma_de[17]_minRangeRel;audSpec_Rfilt_sma_de[17]_meanRisingSlope;audSpec_Rfilt_sma_de[17]_stddevRisingSlope;audSpec_Rfilt_sma_de[17]_meanFallingSlope;audSpec_Rfilt_sma_de[17]_stddevFallingSlope;audSpec_Rfilt_sma_de[18]_flatness;audSpec_Rfilt_sma_de[18]_posamean;audSpec_Rfilt_sma_de[18]_rqmean;audSpec_Rfilt_sma_de[18]_meanPeakDist;audSpec_Rfilt_sma_de[18]_peakDistStddev;audSpec_Rfilt_sma_de[18]_peakRangeAbs;audSpec_Rfilt_sma_de[18]_peakRangeRel;audSpec_Rfilt_sma_de[18]_peakMeanAbs;audSpec_Rfilt_sma_de[18]_peakMeanMeanDist;audSpec_Rfilt_sma_de[18]_peakMeanRel;audSpec_Rfilt_sma_de[18]_minRangeRel;audSpec_Rfilt_sma_de[18]_meanRisingSlope;audSpec_Rfilt_sma_de[18]_stddevRisingSlope;audSpec_Rfilt_sma_de[18]_meanFallingSlope;audSpec_Rfilt_sma_de[18]_stddevFallingSlope;audSpec_Rfilt_sma_de[19]_flatness;audSpec_Rfilt_sma_de[19]_posamean;audSpec_Rfilt_sma_de[19]_rqmean;audSpec_Rfilt_sma_de[19]_meanPeakDist;audSpec_Rfilt_sma_de[19]_peakDistStddev;audSpec_Rfilt_sma_de[19]_peakRangeAbs;audSpec_Rfilt_sma_de[19]_peakRangeRel;audSpec_Rfilt_sma_de[19]_peakMeanAbs;audSpec_Rfilt_sma_de[19]_peakMeanMeanDist;audSpec_Rfilt_sma_de[19]_peakMeanRel;audSpec_Rfilt_sma_de[19]_minRangeRel;audSpec_Rfilt_sma_de[19]_meanRisingSlope;audSpec_Rfilt_sma_de[19]_stddevRisingSlope;audSpec_Rfilt_sma_de[19]_meanFallingSlope;audSpec_Rfilt_sma_de[19]_stddevFallingSlope;audSpec_Rfilt_sma_de[20]_flatness;audSpec_Rfilt_sma_de[20]_posamean;audSpec_Rfilt_sma_de[20]_rqmean;audSpec_Rfilt_sma_de[20]_meanPeakDist;audSpec_Rfilt_sma_de[20]_peakDistStddev;audSpec_Rfilt_sma_de[20]_peakRangeAbs;audSpec_Rfilt_sma_de[20]_peakRangeRel;audSpec_Rfilt_sma_de[20]_peakMeanAbs;audSpec_Rfilt_sma_de[20]_peakMeanMeanDist;audSpec_Rfilt_sma_de[20]_peakMeanRel;audSpec_Rfilt_sma_de[20]_minRangeRel;audSpec_Rfilt_sma_de[20]_meanRisingSlope;audSpec_Rfilt_sma_de[20]_stddevRisingSlope;audSpec_Rfilt_sma_de[20]_meanFallingSlope;audSpec_Rfilt_sma_de[20]_stddevFallingSlope;audSpec_Rfilt_sma_de[21]_flatness;audSpec_Rfilt_sma_de[21]_posamean;audSpec_Rfilt_sma_de[21]_rqmean;audSpec_Rfilt_sma_de[21]_meanPeakDist;audSpec_Rfilt_sma_de[21]_peakDistStddev;audSpec_Rfilt_sma_de[21]_peakRangeAbs;audSpec_Rfilt_sma_de[21]_peakRangeRel;audSpec_Rfilt_sma_de[21]_peakMeanAbs;audSpec_Rfilt_sma_de[21]_peakMeanMeanDist;audSpec_Rfilt_sma_de[21]_peakMeanRel;audSpec_Rfilt_sma_de[21]_minRangeRel;audSpec_Rfilt_sma_de[21]_meanRisingSlope;audSpec_Rfilt_sma_de[21]_stddevRisingSlope;audSpec_Rfilt_sma_de[21]_meanFallingSlope;audSpec_Rfilt_sma_de[21]_stddevFallingSlope;audSpec_Rfilt_sma_de[22]_flatness;audSpec_Rfilt_sma_de[22]_posamean;audSpec_Rfilt_sma_de[22]_rqmean;audSpec_Rfilt_sma_de[22]_meanPeakDist;audSpec_Rfilt_sma_de[22]_peakDistStddev;audSpec_Rfilt_sma_de[22]_peakRangeAbs;audSpec_Rfilt_sma_de[22]_peakRangeRel;audSpec_Rfilt_sma_de[22]_peakMeanAbs;audSpec_Rfilt_sma_de[22]_peakMeanMeanDist;audSpec_Rfilt_sma_de[22]_peakMeanRel;audSpec_Rfilt_sma_de[22]_minRangeRel;audSpec_Rfilt_sma_de[22]_meanRisingSlope;audSpec_Rfilt_sma_de[22]_stddevRisingSlope;audSpec_Rfilt_sma_de[22]_meanFallingSlope;audSpec_Rfilt_sma_de[22]_stddevFallingSlope;audSpec_Rfilt_sma_de[23]_flatness;audSpec_Rfilt_sma_de[23]_posamean;audSpec_Rfilt_sma_de[23]_rqmean;audSpec_Rfilt_sma_de[23]_meanPeakDist;audSpec_Rfilt_sma_de[23]_peakDistStddev;audSpec_Rfilt_sma_de[23]_peakRangeAbs;audSpec_Rfilt_sma_de[23]_peakRangeRel;audSpec_Rfilt_sma_de[23]_peakMeanAbs;audSpec_Rfilt_sma_de[23]_peakMeanMeanDist;audSpec_Rfilt_sma_de[23]_peakMeanRel;audSpec_Rfilt_sma_de[23]_minRangeRel;audSpec_Rfilt_sma_de[23]_meanRisingSlope;audSpec_Rfilt_sma_de[23]_stddevRisingSlope;audSpec_Rfilt_sma_de[23]_meanFallingSlope;audSpec_Rfilt_sma_de[23]_stddevFallingSlope;audSpec_Rfilt_sma_de[24]_flatness;audSpec_Rfilt_sma_de[24]_posamean;audSpec_Rfilt_sma_de[24]_rqmean;audSpec_Rfilt_sma_de[24]_meanPeakDist;audSpec_Rfilt_sma_de[24]_peakDistStddev;audSpec_Rfilt_sma_de[24]_peakRangeAbs;audSpec_Rfilt_sma_de[24]_peakRangeRel;audSpec_Rfilt_sma_de[24]_peakMeanAbs;audSpec_Rfilt_sma_de[24]_peakMeanMeanDist;audSpec_Rfilt_sma_de[24]_peakMeanRel;audSpec_Rfilt_sma_de[24]_minRangeRel;audSpec_Rfilt_sma_de[24]_meanRisingSlope;audSpec_Rfilt_sma_de[24]_stddevRisingSlope;audSpec_Rfilt_sma_de[24]_meanFallingSlope;audSpec_Rfilt_sma_de[24]_stddevFallingSlope;audSpec_Rfilt_sma_de[25]_flatness;audSpec_Rfilt_sma_de[25]_posamean;audSpec_Rfilt_sma_de[25]_rqmean;audSpec_Rfilt_sma_de[25]_meanPeakDist;audSpec_Rfilt_sma_de[25]_peakDistStddev;audSpec_Rfilt_sma_de[25]_peakRangeAbs;audSpec_Rfilt_sma_de[25]_peakRangeRel;audSpec_Rfilt_sma_de[25]_peakMeanAbs;audSpec_Rfilt_sma_de[25]_peakMeanMeanDist;audSpec_Rfilt_sma_de[25]_peakMeanRel;audSpec_Rfilt_sma_de[25]_minRangeRel;audSpec_Rfilt_sma_de[25]_meanRisingSlope;audSpec_Rfilt_sma_de[25]_stddevRisingSlope;audSpec_Rfilt_sma_de[25]_meanFallingSlope;audSpec_Rfilt_sma_de[25]_stddevFallingSlope;pcm_fftMag_fband250-650_sma_de_flatness;pcm_fftMag_fband250-650_sma_de_posamean;pcm_fftMag_fband250-650_sma_de_rqmean;pcm_fftMag_fband250-650_sma_de_meanPeakDist;pcm_fftMag_fband250-650_sma_de_peakDistStddev;pcm_fftMag_fband250-650_sma_de_peakRangeAbs;pcm_fftMag_fband250-650_sma_de_peakRangeRel;pcm_fftMag_fband250-650_sma_de_peakMeanAbs;pcm_fftMag_fband250-650_sma_de_peakMeanMeanDist;pcm_fftMag_fband250-650_sma_de_peakMeanRel;pcm_fftMag_fband250-650_sma_de_minRangeRel;pcm_fftMag_fband250-650_sma_de_meanRisingSlope;pcm_fftMag_fband250-650_sma_de_stddevRisingSlope;pcm_fftMag_fband250-650_sma_de_meanFallingSlope;pcm_fftMag_fband250-650_sma_de_stddevFallingSlope;pcm_fftMag_fband1000-4000_sma_de_flatness;pcm_fftMag_fband1000-4000_sma_de_posamean;pcm_fftMag_fband1000-4000_sma_de_rqmean;pcm_fftMag_fband1000-4000_sma_de_meanPeakDist;pcm_fftMag_fband1000-4000_sma_de_peakDistStddev;pcm_fftMag_fband1000-4000_sma_de_peakRangeAbs;pcm_fftMag_fband1000-4000_sma_de_peakRangeRel;pcm_fftMag_fband1000-4000_sma_de_peakMeanAbs;pcm_fftMag_fband1000-4000_sma_de_peakMeanMeanDist;pcm_fftMag_fband1000-4000_sma_de_peakMeanRel;pcm_fftMag_fband1000-4000_sma_de_minRangeRel;pcm_fftMag_fband1000-4000_sma_de_meanRisingSlope;pcm_fftMag_fband1000-4000_sma_de_stddevRisingSlope;pcm_fftMag_fband1000-4000_sma_de_meanFallingSlope;pcm_fftMag_fband1000-4000_sma_de_stddevFallingSlope;pcm_fftMag_spectralRollOff25.0_sma_de_flatness;pcm_fftMag_spectralRollOff25.0_sma_de_posamean;pcm_fftMag_spectralRollOff25.0_sma_de_rqmean;pcm_fftMag_spectralRollOff25.0_sma_de_meanPeakDist;pcm_fftMag_spectralRollOff25.0_sma_de_peakDistStddev;pcm_fftMag_spectralRollOff25.0_sma_de_peakRangeAbs;pcm_fftMag_spectralRollOff25.0_sma_de_peakRangeRel;pcm_fftMag_spectralRollOff25.0_sma_de_peakMeanAbs;pcm_fftMag_spectralRollOff25.0_sma_de_peakMeanMeanDist;pcm_fftMag_spectralRollOff25.0_sma_de_peakMeanRel;pcm_fftMag_spectralRollOff25.0_sma_de_minRangeRel;pcm_fftMag_spectralRollOff25.0_sma_de_meanRisingSlope;pcm_fftMag_spectralRollOff25.0_sma_de_stddevRisingSlope;pcm_fftMag_spectralRollOff25.0_sma_de_meanFallingSlope;pcm_fftMag_spectralRollOff25.0_sma_de_stddevFallingSlope;pcm_fftMag_spectralRollOff50.0_sma_de_flatness;pcm_fftMag_spectralRollOff50.0_sma_de_posamean;pcm_fftMag_spectralRollOff50.0_sma_de_rqmean;pcm_fftMag_spectralRollOff50.0_sma_de_meanPeakDist;pcm_fftMag_spectralRollOff50.0_sma_de_peakDistStddev;pcm_fftMag_spectralRollOff50.0_sma_de_peakRangeAbs;pcm_fftMag_spectralRollOff50.0_sma_de_peakRangeRel;pcm_fftMag_spectralRollOff50.0_sma_de_peakMeanAbs;pcm_fftMag_spectralRollOff50.0_sma_de_peakMeanMeanDist;pcm_fftMag_spectralRollOff50.0_sma_de_peakMeanRel;pcm_fftMag_spectralRollOff50.0_sma_de_minRangeRel;pcm_fftMag_spectralRollOff50.0_sma_de_meanRisingSlope;pcm_fftMag_spectralRollOff50.0_sma_de_stddevRisingSlope;pcm_fftMag_spectralRollOff50.0_sma_de_meanFallingSlope;pcm_fftMag_spectralRollOff50.0_sma_de_stddevFallingSlope;pcm_fftMag_spectralRollOff75.0_sma_de_flatness;pcm_fftMag_spectralRollOff75.0_sma_de_posamean;pcm_fftMag_spectralRollOff75.0_sma_de_rqmean;pcm_fftMag_spectralRollOff75.0_sma_de_meanPeakDist;pcm_fftMag_spectralRollOff75.0_sma_de_peakDistStddev;pcm_fftMag_spectralRollOff75.0_sma_de_peakRangeAbs;pcm_fftMag_spectralRollOff75.0_sma_de_peakRangeRel;pcm_fftMag_spectralRollOff75.0_sma_de_peakMeanAbs;pcm_fftMag_spectralRollOff75.0_sma_de_peakMeanMeanDist;pcm_fftMag_spectralRollOff75.0_sma_de_peakMeanRel;pcm_fftMag_spectralRollOff75.0_sma_de_minRangeRel;pcm_fftMag_spectralRollOff75.0_sma_de_meanRisingSlope;pcm_fftMag_spectralRollOff75.0_sma_de_stddevRisingSlope;pcm_fftMag_spectralRollOff75.0_sma_de_meanFallingSlope;pcm_fftMag_spectralRollOff75.0_sma_de_stddevFallingSlope;pcm_fftMag_spectralRollOff90.0_sma_de_flatness;pcm_fftMag_spectralRollOff90.0_sma_de_posamean;pcm_fftMag_spectralRollOff90.0_sma_de_rqmean;pcm_fftMag_spectralRollOff90.0_sma_de_meanPeakDist;pcm_fftMag_spectralRollOff90.0_sma_de_peakDistStddev;pcm_fftMag_spectralRollOff90.0_sma_de_peakRangeAbs;pcm_fftMag_spectralRollOff90.0_sma_de_peakRangeRel;pcm_fftMag_spectralRollOff90.0_sma_de_peakMeanAbs;pcm_fftMag_spectralRollOff90.0_sma_de_peakMeanMeanDist;pcm_fftMag_spectralRollOff90.0_sma_de_peakMeanRel;pcm_fftMag_spectralRollOff90.0_sma_de_minRangeRel;pcm_fftMag_spectralRollOff90.0_sma_de_meanRisingSlope;pcm_fftMag_spectralRollOff90.0_sma_de_stddevRisingSlope;pcm_fftMag_spectralRollOff90.0_sma_de_meanFallingSlope;pcm_fftMag_spectralRollOff90.0_sma_de_stddevFallingSlope;pcm_fftMag_spectralFlux_sma_de_flatness;pcm_fftMag_spectralFlux_sma_de_posamean;pcm_fftMag_spectralFlux_sma_de_rqmean;pcm_fftMag_spectralFlux_sma_de_meanPeakDist;pcm_fftMag_spectralFlux_sma_de_peakDistStddev;pcm_fftMag_spectralFlux_sma_de_peakRangeAbs;pcm_fftMag_spectralFlux_sma_de_peakRangeRel;pcm_fftMag_spectralFlux_sma_de_peakMeanAbs;pcm_fftMag_spectralFlux_sma_de_peakMeanMeanDist;pcm_fftMag_spectralFlux_sma_de_peakMeanRel;pcm_fftMag_spectralFlux_sma_de_minRangeRel;pcm_fftMag_spectralFlux_sma_de_meanRisingSlope;pcm_fftMag_spectralFlux_sma_de_stddevRisingSlope;pcm_fftMag_spectralFlux_sma_de_meanFallingSlope;pcm_fftMag_spectralFlux_sma_de_stddevFallingSlope;pcm_fftMag_spectralCentroid_sma_de_flatness;pcm_fftMag_spectralCentroid_sma_de_posamean;pcm_fftMag_spectralCentroid_sma_de_rqmean;pcm_fftMag_spectralCentroid_sma_de_meanPeakDist;pcm_fftMag_spectralCentroid_sma_de_peakDistStddev;pcm_fftMag_spectralCentroid_sma_de_peakRangeAbs;pcm_fftMag_spectralCentroid_sma_de_peakRangeRel;pcm_fftMag_spectralCentroid_sma_de_peakMeanAbs;pcm_fftMag_spectralCentroid_sma_de_peakMeanMeanDist;pcm_fftMag_spectralCentroid_sma_de_peakMeanRel;pcm_fftMag_spectralCentroid_sma_de_minRangeRel;pcm_fftMag_spectralCentroid_sma_de_meanRisingSlope;pcm_fftMag_spectralCentroid_sma_de_stddevRisingSlope;pcm_fftMag_spectralCentroid_sma_de_meanFallingSlope;pcm_fftMag_spectralCentroid_sma_de_stddevFallingSlope;pcm_fftMag_spectralEntropy_sma_de_flatness;pcm_fftMag_spectralEntropy_sma_de_posamean;pcm_fftMag_spectralEntropy_sma_de_rqmean;pcm_fftMag_spectralEntropy_sma_de_meanPeakDist;pcm_fftMag_spectralEntropy_sma_de_peakDistStddev;pcm_fftMag_spectralEntropy_sma_de_peakRangeAbs;pcm_fftMag_spectralEntropy_sma_de_peakRangeRel;pcm_fftMag_spectralEntropy_sma_de_peakMeanAbs;pcm_fftMag_spectralEntropy_sma_de_peakMeanMeanDist;pcm_fftMag_spectralEntropy_sma_de_peakMeanRel;pcm_fftMag_spectralEntropy_sma_de_minRangeRel;pcm_fftMag_spectralEntropy_sma_de_meanRisingSlope;pcm_fftMag_spectralEntropy_sma_de_stddevRisingSlope;pcm_fftMag_spectralEntropy_sma_de_meanFallingSlope;pcm_fftMag_spectralEntropy_sma_de_stddevFallingSlope;pcm_fftMag_spectralVariance_sma_de_flatness;pcm_fftMag_spectralVariance_sma_de_posamean;pcm_fftMag_spectralVariance_sma_de_rqmean;pcm_fftMag_spectralVariance_sma_de_meanPeakDist;pcm_fftMag_spectralVariance_sma_de_peakDistStddev;pcm_fftMag_spectralVariance_sma_de_peakRangeAbs;pcm_fftMag_spectralVariance_sma_de_peakRangeRel;pcm_fftMag_spectralVariance_sma_de_peakMeanAbs;pcm_fftMag_spectralVariance_sma_de_peakMeanMeanDist;pcm_fftMag_spectralVariance_sma_de_peakMeanRel;pcm_fftMag_spectralVariance_sma_de_minRangeRel;pcm_fftMag_spectralVariance_sma_de_meanRisingSlope;pcm_fftMag_spectralVariance_sma_de_stddevRisingSlope;pcm_fftMag_spectralVariance_sma_de_meanFallingSlope;pcm_fftMag_spectralVariance_sma_de_stddevFallingSlope;pcm_fftMag_spectralSkewness_sma_de_flatness;pcm_fftMag_spectralSkewness_sma_de_posamean;pcm_fftMag_spectralSkewness_sma_de_rqmean;pcm_fftMag_spectralSkewness_sma_de_meanPeakDist;pcm_fftMag_spectralSkewness_sma_de_peakDistStddev;pcm_fftMag_spectralSkewness_sma_de_peakRangeAbs;pcm_fftMag_spectralSkewness_sma_de_peakRangeRel;pcm_fftMag_spectralSkewness_sma_de_peakMeanAbs;pcm_fftMag_spectralSkewness_sma_de_peakMeanMeanDist;pcm_fftMag_spectralSkewness_sma_de_peakMeanRel;pcm_fftMag_spectralSkewness_sma_de_minRangeRel;pcm_fftMag_spectralSkewness_sma_de_meanRisingSlope;pcm_fftMag_spectralSkewness_sma_de_stddevRisingSlope;pcm_fftMag_spectralSkewness_sma_de_meanFallingSlope;pcm_fftMag_spectralSkewness_sma_de_stddevFallingSlope;pcm_fftMag_spectralKurtosis_sma_de_flatness;pcm_fftMag_spectralKurtosis_sma_de_posamean;pcm_fftMag_spectralKurtosis_sma_de_rqmean;pcm_fftMag_spectralKurtosis_sma_de_meanPeakDist;pcm_fftMag_spectralKurtosis_sma_de_peakDistStddev;pcm_fftMag_spectralKurtosis_sma_de_peakRangeAbs;pcm_fftMag_spectralKurtosis_sma_de_peakRangeRel;pcm_fftMag_spectralKurtosis_sma_de_peakMeanAbs;pcm_fftMag_spectralKurtosis_sma_de_peakMeanMeanDist;pcm_fftMag_spectralKurtosis_sma_de_peakMeanRel;pcm_fftMag_spectralKurtosis_sma_de_minRangeRel;pcm_fftMag_spectralKurtosis_sma_de_meanRisingSlope;pcm_fftMag_spectralKurtosis_sma_de_stddevRisingSlope;pcm_fftMag_spectralKurtosis_sma_de_meanFallingSlope;pcm_fftMag_spectralKurtosis_sma_de_stddevFallingSlope;pcm_fftMag_spectralSlope_sma_de_flatness;pcm_fftMag_spectralSlope_sma_de_posamean;pcm_fftMag_spectralSlope_sma_de_rqmean;pcm_fftMag_spectralSlope_sma_de_meanPeakDist;pcm_fftMag_spectralSlope_sma_de_peakDistStddev;pcm_fftMag_spectralSlope_sma_de_peakRangeAbs;pcm_fftMag_spectralSlope_sma_de_peakRangeRel;pcm_fftMag_spectralSlope_sma_de_peakMeanAbs;pcm_fftMag_spectralSlope_sma_de_peakMeanMeanDist;pcm_fftMag_spectralSlope_sma_de_peakMeanRel;pcm_fftMag_spectralSlope_sma_de_minRangeRel;pcm_fftMag_spectralSlope_sma_de_meanRisingSlope;pcm_fftMag_spectralSlope_sma_de_stddevRisingSlope;pcm_fftMag_spectralSlope_sma_de_meanFallingSlope;pcm_fftMag_spectralSlope_sma_de_stddevFallingSlope;pcm_fftMag_psySharpness_sma_de_flatness;pcm_fftMag_psySharpness_sma_de_posamean;pcm_fftMag_psySharpness_sma_de_rqmean;pcm_fftMag_psySharpness_sma_de_meanPeakDist;pcm_fftMag_psySharpness_sma_de_peakDistStddev;pcm_fftMag_psySharpness_sma_de_peakRangeAbs;pcm_fftMag_psySharpness_sma_de_peakRangeRel;pcm_fftMag_psySharpness_sma_de_peakMeanAbs;pcm_fftMag_psySharpness_sma_de_peakMeanMeanDist;pcm_fftMag_psySharpness_sma_de_peakMeanRel;pcm_fftMag_psySharpness_sma_de_minRangeRel;pcm_fftMag_psySharpness_sma_de_meanRisingSlope;pcm_fftMag_psySharpness_sma_de_stddevRisingSlope;pcm_fftMag_psySharpness_sma_de_meanFallingSlope;pcm_fftMag_psySharpness_sma_de_stddevFallingSlope;pcm_fftMag_spectralHarmonicity_sma_de_flatness;pcm_fftMag_spectralHarmonicity_sma_de_posamean;pcm_fftMag_spectralHarmonicity_sma_de_rqmean;pcm_fftMag_spectralHarmonicity_sma_de_meanPeakDist;pcm_fftMag_spectralHarmonicity_sma_de_peakDistStddev;pcm_fftMag_spectralHarmonicity_sma_de_peakRangeAbs;pcm_fftMag_spectralHarmonicity_sma_de_peakRangeRel;pcm_fftMag_spectralHarmonicity_sma_de_peakMeanAbs;pcm_fftMag_spectralHarmonicity_sma_de_peakMeanMeanDist;pcm_fftMag_spectralHarmonicity_sma_de_peakMeanRel;pcm_fftMag_spectralHarmonicity_sma_de_minRangeRel;pcm_fftMag_spectralHarmonicity_sma_de_meanRisingSlope;pcm_fftMag_spectralHarmonicity_sma_de_stddevRisingSlope;pcm_fftMag_spectralHarmonicity_sma_de_meanFallingSlope;pcm_fftMag_spectralHarmonicity_sma_de_stddevFallingSlope;mfcc_sma_de[1]_flatness;mfcc_sma_de[1]_posamean;mfcc_sma_de[1]_rqmean;mfcc_sma_de[1]_meanPeakDist;mfcc_sma_de[1]_peakDistStddev;mfcc_sma_de[1]_peakRangeAbs;mfcc_sma_de[1]_peakRangeRel;mfcc_sma_de[1]_peakMeanAbs;mfcc_sma_de[1]_peakMeanMeanDist;mfcc_sma_de[1]_peakMeanRel;mfcc_sma_de[1]_minRangeRel;mfcc_sma_de[1]_meanRisingSlope;mfcc_sma_de[1]_stddevRisingSlope;mfcc_sma_de[1]_meanFallingSlope;mfcc_sma_de[1]_stddevFallingSlope;mfcc_sma_de[2]_flatness;mfcc_sma_de[2]_posamean;mfcc_sma_de[2]_rqmean;mfcc_sma_de[2]_meanPeakDist;mfcc_sma_de[2]_peakDistStddev;mfcc_sma_de[2]_peakRangeAbs;mfcc_sma_de[2]_peakRangeRel;mfcc_sma_de[2]_peakMeanAbs;mfcc_sma_de[2]_peakMeanMeanDist;mfcc_sma_de[2]_peakMeanRel;mfcc_sma_de[2]_minRangeRel;mfcc_sma_de[2]_meanRisingSlope;mfcc_sma_de[2]_stddevRisingSlope;mfcc_sma_de[2]_meanFallingSlope;mfcc_sma_de[2]_stddevFallingSlope;mfcc_sma_de[3]_flatness;mfcc_sma_de[3]_posamean;mfcc_sma_de[3]_rqmean;mfcc_sma_de[3]_meanPeakDist;mfcc_sma_de[3]_peakDistStddev;mfcc_sma_de[3]_peakRangeAbs;mfcc_sma_de[3]_peakRangeRel;mfcc_sma_de[3]_peakMeanAbs;mfcc_sma_de[3]_peakMeanMeanDist;mfcc_sma_de[3]_peakMeanRel;mfcc_sma_de[3]_minRangeRel;mfcc_sma_de[3]_meanRisingSlope;mfcc_sma_de[3]_stddevRisingSlope;mfcc_sma_de[3]_meanFallingSlope;mfcc_sma_de[3]_stddevFallingSlope;mfcc_sma_de[4]_flatness;mfcc_sma_de[4]_posamean;mfcc_sma_de[4]_rqmean;mfcc_sma_de[4]_meanPeakDist;mfcc_sma_de[4]_peakDistStddev;mfcc_sma_de[4]_peakRangeAbs;mfcc_sma_de[4]_peakRangeRel;mfcc_sma_de[4]_peakMeanAbs;mfcc_sma_de[4]_peakMeanMeanDist;mfcc_sma_de[4]_peakMeanRel;mfcc_sma_de[4]_minRangeRel;mfcc_sma_de[4]_meanRisingSlope;mfcc_sma_de[4]_stddevRisingSlope;mfcc_sma_de[4]_meanFallingSlope;mfcc_sma_de[4]_stddevFallingSlope;mfcc_sma_de[5]_flatness;mfcc_sma_de[5]_posamean;mfcc_sma_de[5]_rqmean;mfcc_sma_de[5]_meanPeakDist;mfcc_sma_de[5]_peakDistStddev;mfcc_sma_de[5]_peakRangeAbs;mfcc_sma_de[5]_peakRangeRel;mfcc_sma_de[5]_peakMeanAbs;mfcc_sma_de[5]_peakMeanMeanDist;mfcc_sma_de[5]_peakMeanRel;mfcc_sma_de[5]_minRangeRel;mfcc_sma_de[5]_meanRisingSlope;mfcc_sma_de[5]_stddevRisingSlope;mfcc_sma_de[5]_meanFallingSlope;mfcc_sma_de[5]_stddevFallingSlope;mfcc_sma_de[6]_flatness;mfcc_sma_de[6]_posamean;mfcc_sma_de[6]_rqmean;mfcc_sma_de[6]_meanPeakDist;mfcc_sma_de[6]_peakDistStddev;mfcc_sma_de[6]_peakRangeAbs;mfcc_sma_de[6]_peakRangeRel;mfcc_sma_de[6]_peakMeanAbs;mfcc_sma_de[6]_peakMeanMeanDist;mfcc_sma_de[6]_peakMeanRel;mfcc_sma_de[6]_minRangeRel;mfcc_sma_de[6]_meanRisingSlope;mfcc_sma_de[6]_stddevRisingSlope;mfcc_sma_de[6]_meanFallingSlope;mfcc_sma_de[6]_stddevFallingSlope;mfcc_sma_de[7]_flatness;mfcc_sma_de[7]_posamean;mfcc_sma_de[7]_rqmean;mfcc_sma_de[7]_meanPeakDist;mfcc_sma_de[7]_peakDistStddev;mfcc_sma_de[7]_peakRangeAbs;mfcc_sma_de[7]_peakRangeRel;mfcc_sma_de[7]_peakMeanAbs;mfcc_sma_de[7]_peakMeanMeanDist;mfcc_sma_de[7]_peakMeanRel;mfcc_sma_de[7]_minRangeRel;mfcc_sma_de[7]_meanRisingSlope;mfcc_sma_de[7]_stddevRisingSlope;mfcc_sma_de[7]_meanFallingSlope;mfcc_sma_de[7]_stddevFallingSlope;mfcc_sma_de[8]_flatness;mfcc_sma_de[8]_posamean;mfcc_sma_de[8]_rqmean;mfcc_sma_de[8]_meanPeakDist;mfcc_sma_de[8]_peakDistStddev;mfcc_sma_de[8]_peakRangeAbs;mfcc_sma_de[8]_peakRangeRel;mfcc_sma_de[8]_peakMeanAbs;mfcc_sma_de[8]_peakMeanMeanDist;mfcc_sma_de[8]_peakMeanRel;mfcc_sma_de[8]_minRangeRel;mfcc_sma_de[8]_meanRisingSlope;mfcc_sma_de[8]_stddevRisingSlope;mfcc_sma_de[8]_meanFallingSlope;mfcc_sma_de[8]_stddevFallingSlope;mfcc_sma_de[9]_flatness;mfcc_sma_de[9]_posamean;mfcc_sma_de[9]_rqmean;mfcc_sma_de[9]_meanPeakDist;mfcc_sma_de[9]_peakDistStddev;mfcc_sma_de[9]_peakRangeAbs;mfcc_sma_de[9]_peakRangeRel;mfcc_sma_de[9]_peakMeanAbs;mfcc_sma_de[9]_peakMeanMeanDist;mfcc_sma_de[9]_peakMeanRel;mfcc_sma_de[9]_minRangeRel;mfcc_sma_de[9]_meanRisingSlope;mfcc_sma_de[9]_stddevRisingSlope;mfcc_sma_de[9]_meanFallingSlope;mfcc_sma_de[9]_stddevFallingSlope;mfcc_sma_de[10]_flatness;mfcc_sma_de[10]_posamean;mfcc_sma_de[10]_rqmean;mfcc_sma_de[10]_meanPeakDist;mfcc_sma_de[10]_peakDistStddev;mfcc_sma_de[10]_peakRangeAbs;mfcc_sma_de[10]_peakRangeRel;mfcc_sma_de[10]_peakMeanAbs;mfcc_sma_de[10]_peakMeanMeanDist;mfcc_sma_de[10]_peakMeanRel;mfcc_sma_de[10]_minRangeRel;mfcc_sma_de[10]_meanRisingSlope;mfcc_sma_de[10]_stddevRisingSlope;mfcc_sma_de[10]_meanFallingSlope;mfcc_sma_de[10]_stddevFallingSlope;mfcc_sma_de[11]_flatness;mfcc_sma_de[11]_posamean;mfcc_sma_de[11]_rqmean;mfcc_sma_de[11]_meanPeakDist;mfcc_sma_de[11]_peakDistStddev;mfcc_sma_de[11]_peakRangeAbs;mfcc_sma_de[11]_peakRangeRel;mfcc_sma_de[11]_peakMeanAbs;mfcc_sma_de[11]_peakMeanMeanDist;mfcc_sma_de[11]_peakMeanRel;mfcc_sma_de[11]_minRangeRel;mfcc_sma_de[11]_meanRisingSlope;mfcc_sma_de[11]_stddevRisingSlope;mfcc_sma_de[11]_meanFallingSlope;mfcc_sma_de[11]_stddevFallingSlope;mfcc_sma_de[12]_flatness;mfcc_sma_de[12]_posamean;mfcc_sma_de[12]_rqmean;mfcc_sma_de[12]_meanPeakDist;mfcc_sma_de[12]_peakDistStddev;mfcc_sma_de[12]_peakRangeAbs;mfcc_sma_de[12]_peakRangeRel;mfcc_sma_de[12]_peakMeanAbs;mfcc_sma_de[12]_peakMeanMeanDist;mfcc_sma_de[12]_peakMeanRel;mfcc_sma_de[12]_minRangeRel;mfcc_sma_de[12]_meanRisingSlope;mfcc_sma_de[12]_stddevRisingSlope;mfcc_sma_de[12]_meanFallingSlope;mfcc_sma_de[12]_stddevFallingSlope;mfcc_sma_de[13]_flatness;mfcc_sma_de[13]_posamean;mfcc_sma_de[13]_rqmean;mfcc_sma_de[13]_meanPeakDist;mfcc_sma_de[13]_peakDistStddev;mfcc_sma_de[13]_peakRangeAbs;mfcc_sma_de[13]_peakRangeRel;mfcc_sma_de[13]_peakMeanAbs;mfcc_sma_de[13]_peakMeanMeanDist;mfcc_sma_de[13]_peakMeanRel;mfcc_sma_de[13]_minRangeRel;mfcc_sma_de[13]_meanRisingSlope;mfcc_sma_de[13]_stddevRisingSlope;mfcc_sma_de[13]_meanFallingSlope;mfcc_sma_de[13]_stddevFallingSlope;mfcc_sma_de[14]_flatness;mfcc_sma_de[14]_posamean;mfcc_sma_de[14]_rqmean;mfcc_sma_de[14]_meanPeakDist;mfcc_sma_de[14]_peakDistStddev;mfcc_sma_de[14]_peakRangeAbs;mfcc_sma_de[14]_peakRangeRel;mfcc_sma_de[14]_peakMeanAbs;mfcc_sma_de[14]_peakMeanMeanDist;mfcc_sma_de[14]_peakMeanRel;mfcc_sma_de[14]_minRangeRel;mfcc_sma_de[14]_meanRisingSlope;mfcc_sma_de[14]_stddevRisingSlope;mfcc_sma_de[14]_meanFallingSlope;mfcc_sma_de[14]_stddevFallingSlope
'unknown';0.000000;6.646519e-01;5.836177e-01;1.399317e-01;1.033029e-01;1.110091e-01;2.844555e-01;7.706143e-03;1.734464e-01;1.811526e-01;9.577484e-02;6.784051e-01;5.826303e-01;1.421605e-01;1.567913e+00;5.190270e+00;2.044444e-01;6.300000e-01;4.000000e-02;1.860771e-01;2.901024e-01;6.825939e-02;3.071672e-02;1.023891e-02;5.376712e-01;4.982818e-01;3.225910e-04;-1.826333e+00;9.719420e-01;7.884364e-02;-4.042761e-01;1.876919e-01;1.993369e+00;5.870307e-01;3.754266e-01;8.724194e-01;9.884027e-01;1.265328e+00;1.159832e-01;2.769255e-01;3.929088e-01;4.641092e-01;2.238842e+00;1.774733e+00;3.953629e-01;1.021528e+00;3.808817e+00;1.714286e-01;6.100000e-01;3.000000e-02;1.825947e-01;7.064846e-01;1.945392e-01;5.119454e-02;1.365188e-02;5.136986e-01;5.154639e-01;9.927291e-03;-1.358130e+00;2.169330e-01;1.560966e-01;5.635333e-02;-6.456438e-02;3.190906e-02;5.836177e-01;8.634812e-01;4.170137e-03;5.255517e-03;9.986091e-03;1.085380e-03;4.730574e-03;5.815954e-03;2.836136e-03;2.941768e-02;2.658155e-02;6.089057e-03;1.888143e+00;6.501758e+00;2.033333e-01;7.300000e-01;5.000000e-02;2.057506e-01;2.389078e-01;6.143345e-02;2.389079e-02;1.023891e-02;5.273973e-01;4.914089e-01;5.540865e-07;-2.049326e+00;1.593165e+00;-6.004966e-01;-7.903509e-02;1.460408e-01;3.631945e-01;4.129693e-01;9.624574e-01;4.618056e-02;5.972223e-02;9.548611e-02;1.354167e-02;3.576389e-02;4.930555e-02;3.125000e-02;3.502500e-01;3.190000e-01;5.879918e-02;2.559993e+00;1.108404e+01;2.557143e-01;5.300000e-01;4.000000e-02;1.839920e-01;1.433447e-01;5.119454e-02;1.365188e-02;6.825938e-03;4.349315e-01;5.292096e-01;7.169995e-05;-1.772354e+00;6.498678e-01;3.119880e-01;-4.935980e-02;-1.308219e-01;1.818099e-01;5.699659e-01;6.075085e-01;-1.754853e-03;4.482158e-04;4.987246e-03;2.203069e-03;4.539031e-03;6.742099e-03;-6.417872e-02;7.319744e-02;1.373762e-01;2.007318e-02;-2.903400e-01;1.026987e+01;3.050000e-01;1.350000e+00;4.000000e-02;4.726785e-01;9.726962e-01;8.430034e-01;3.071672e-02;1.706485e-02;5.239726e-01;5.120275e-01;1.036543e-05;-2.536366e+00;2.945798e+00;-1.849924e+00;5.085928e-01;2.477939e-02;5.652940e-01;5.733789e-01;4.812287e-01;-1.414758e-02;1.639772e-03;1.627387e-02;1.578735e-02;1.463410e-02;3.042145e-02;-2.058433e-01;2.011708e-01;4.070141e-01;6.724466e-02;6.504881e-02;8.336145e+00;2.628571e-01;1.410000e+00;3.000000e-02;4.693069e-01;9.453925e-01;1.945392e-01;2.389079e-02;1.023891e-02;5.445206e-01;5.051546e-01;2.048377e-05;-3.384031e+00;5.208560e+00;-4.516455e+00;2.199927e+00;-4.776194e-01;8.348219e-03;5.733789e-01;6.075085e-01;-2.846775e-04;4.217969e-05;3.039326e-04;3.268572e-04;2.617529e-04;5.886102e-04;-2.905627e-03;3.351891e-03;6.257519e-03;9.486479e-04;-1.909752e-01;8.841543e+00;3.660000e-01;1.420000e+00;4.000000e-02;5.312476e-01;9.795222e-01;7.679181e-01;2.730375e-02;1.706485e-02;5.102740e-01;4.948454e-01;2.369166e-08;-2.560948e+00;3.093256e+00;-2.131952e+00;7.271968e-01;-3.690355e-02;1.362500e-01;4.027304e-01;4.266212e-01;-3.368056e-03;-3.472224e-04;2.569444e-03;3.020833e-03;2.916667e-03;5.937500e-03;-4.602778e-02;5.276111e-02;9.878889e-02;1.170608e-02;1.193531e+00;2.221172e+01;4.333333e-01;1.190000e+00;4.000000e-02;5.351843e-01;9.829351e-01;9.215017e-02;1.365188e-02;6.825938e-03;5.205479e-01;4.776632e-01;2.020030e-06;-2.349417e+00;1.912792e+00;-1.356090e-01;-6.251752e-01;2.789834e-01;9.915605e-02;5.151515e-01;4.208754e-01;1.189466e-01;1.300834e-01;1.467914e-01;1.113681e-02;1.670802e-02;2.784483e-02;9.209689e-02;1.806663e-01;8.856945e-02;2.089916e-02;2.302961e-01;2.596665e+00;8.645161e-02;5.600000e-01;3.000000e-02;1.056943e-01;8.451179e-01;4.208754e-01;1.111111e-01;2.693603e-02;5.000000e-01;4.949152e-01;1.731747e-04;-1.290461e+00;2.696896e-01;1.728032e-01;-1.897119e-02;-1.279723e-01;2.463289e-01;5.016835e-01;6.363636e-01;2.426001e-01;2.756552e-01;3.053540e-01;3.305507e-02;2.969888e-02;6.275395e-02;1.895617e-01;4.037551e-01;2.141934e-01;4.608004e-02;3.252822e-01;3.126147e+00;1.184000e-01;3.700000e-01;3.000000e-02;1.019286e-01;7.575758e-01;2.693603e-01;3.703704e-02;1.346801e-02;5.033784e-01;4.779661e-01;6.850029e-04;-1.265474e+00;2.144814e-01;1.555154e-01;1.758634e-02;-1.171851e-01;5.053735e-01;2.491582e-01;3.737374e-01;3.595941e-01;4.201650e-01;4.791130e-01;6.057084e-02;5.894801e-02;1.195188e-01;2.230113e-01;7.011167e-01;4.781054e-01;1.027476e-01;6.799708e-01;3.534972e+00;1.557895e-01;5.000000e-01;3.000000e-02;1.300735e-01;8.316498e-01;2.828283e-01;8.754209e-02;3.703704e-02;4.763514e-01;5.050848e-01;1.579089e-03;-1.347741e+00;3.260691e-01;1.550416e-01;-6.069332e-02;-6.769562e-02;1.105112e+00;4.511785e-01;3.670034e-01;4.760215e-01;5.441005e-01;6.040247e-01;6.807894e-02;5.992424e-02;1.280032e-01;2.719900e-01;1.281690e+00;1.009700e+00;1.863512e-01;1.709491e+00;6.559310e+00;1.053571e-01;4.500000e-01;3.000000e-02;1.105338e-01;6.161616e-01;1.212121e-01;2.693603e-02;1.346801e-02;4.594595e-01;5.355932e-01;2.702086e-03;-1.395434e+00;3.154488e-01;1.413518e-01;-4.298808e-02;-1.203506e-02;1.623971e+00;4.511785e-01;3.703704e-01;5.720622e-01;6.529583e-01;7.369852e-01;8.089614e-02;8.402687e-02;1.649230e-01;3.135026e-01;1.842417e+00;1.528914e+00;2.688643e-01;2.296090e+00;9.651690e+00;1.138461e-01;6.800000e-01;3.000000e-02;1.412329e-01;3.670034e-01;7.070707e-02;3.030303e-02;2.020202e-02;4.966216e-01;5.355932e-01;5.161318e-03;-1.430125e+00;3.544427e-01;1.431638e-01;-2.484626e-02;-3.462740e-02;2.472311e+00;4.646465e-01;3.670034e-01;6.267435e-01;7.571108e-01;8.892959e-01;1.303673e-01;1.321851e-01;2.625524e-01;2.193144e-01;2.397273e+00;2.177958e+00;4.187633e-01;1.558880e+00;5.929282e+00;1.345454e-01;5.000000e-01;3.000000e-02;1.387518e-01;4.040404e-01;1.245791e-01;2.020202e-02;1.010101e-02;4.729730e-01;5.525424e-01;8.190993e-03;-1.614028e+00;5.780727e-01;2.026558e-01;-6.035310e-02;-9.849959e-02;2.766358e+00;4.646465e-01;6.464646e-01;7.007222e-01;8.444009e-01;1.096024e+00;1.436787e-01;2.516233e-01;3.953019e-01;2.927421e-01;2.942647e+00;2.649905e+00;5.220400e-01;1.910999e+00;7.498525e+00;1.940000e-01;7.800000e-01;3.000000e-02;2.056145e-01;3.131313e-01;7.070707e-02;4.040404e-02;2.693603e-02;4.966216e-01;5.457627e-01;9.608202e-03;-1.622740e+00;5.107701e-01;2.180039e-01;-4.563044e-02;-5.000940e-02;3.421911e+00;5.757576e-01;6.531987e-01;7.418270e-01;8.997723e-01;1.215436e+00;1.579453e-01;3.156636e-01;4.736090e-01;2.789454e-01;3.214503e+00;2.935558e+00;5.707167e-01;1.963203e+00;7.988963e+00;1.654545e-01;5.400000e-01;3.000000e-02;1.731192e-01;2.760943e-01;5.387205e-02;2.693603e-02;1.010101e-02;5.371622e-01;5.322034e-01;1.145878e-02;-1.601185e+00;4.587592e-01;2.199823e-01;3.418520e-03;-6.976962e-02;3.326655e+00;4.478115e-01;6.599327e-01;7.889528e-01;9.774916e-01;1.277480e+00;1.885387e-01;2.999889e-01;4.885277e-01;3.108473e-01;3.061753e+00;2.750906e+00;5.639676e-01;1.763971e+00;6.877033e+00;1.861538e-01;5.900000e-01;3.000000e-02;1.721153e-01;3.164983e-01;7.407407e-02;2.356902e-02;1.010101e-02;5.337838e-01;5.186441e-01;1.333511e-02;-1.552839e+00;5.006339e-01;1.532919e-01;-1.418902e-01;5.133092e-02;2.781247e+00;4.377104e-01;6.632997e-01;8.662245e-01;1.064353e+00;1.356313e+00;1.981281e-01;2.919607e-01;4.900888e-01;3.521495e-01;2.626944e+00;2.274794e+00;5.124528e-01;1.158154e+00;4.566126e+00;1.331818e-01;5.700000e-01;3.000000e-02;1.458949e-01;5.420876e-01;1.279461e-01;4.040404e-02;1.010101e-02;4.932432e-01;5.322034e-01;1.364313e-02;-1.512041e+00;4.826377e-01;1.729025e-01;-1.688905e-01;3.333298e-02;4.447320e+00;4.646465e-01;6.666667e-01;8.875734e-01;1.102537e+00;1.474540e+00;2.149637e-01;3.720032e-01;5.869669e-01;3.174860e-01;4.012636e+00;3.695150e+00;6.864950e-01;2.037247e+00;9.042026e+00;2.287500e-01;5.400000e-01;4.000000e-02;1.679611e-01;2.693603e-01;5.050505e-02;1.346801e-02;6.734007e-03;4.831081e-01;5.355932e-01;2.102268e-02;-1.638068e+00;5.807420e-01;2.448961e-01;-8.244278e-02;-9.578466e-02;5.277891e+00;4.646465e-01;6.767676e-01;9.414061e-01;1.137455e+00;1.526249e+00;1.960486e-01;3.887947e-01;5.848432e-01;3.529966e-01;4.381979e+00;4.028983e+00;6.700653e-01;3.008680e+00;1.704767e+01;1.663636e-01;5.900000e-01;3.000000e-02;1.676182e-01;2.053872e-01;2.020202e-02;1.346801e-02;6.734007e-03;4.966216e-01;5.050848e-01;2.209135e-02;-1.633682e+00;5.679818e-01;2.542441e-01;-6.133345e-02;-1.177539e-01;2.709167e+00;4.646465e-01;6.767676e-01;1.049062e+00;1.237821e+00;1.535147e+00;1.887594e-01;2.973255e-01;4.860849e-01;4.645271e-01;3.013585e+00;2.549057e+00;4.540384e-01;1.264841e+00;6.269753e+00;1.229167e-01;6.100000e-01;3.000000e-02;1.403115e-01;6.430976e-01;8.754209e-02;3.030303e-02;1.683502e-02;5.304054e-01;5.288135e-01;1.801469e-02;-1.507397e+00;4.539388e-01;2.223621e-01;-3.950617e-02;-1.226187e-01;2.411563e+00;5.151515e-01;6.599327e-01;1.091175e+00;1.282875e+00;1.551654e+00;1.917001e-01;2.687796e-01;4.604797e-01;5.441161e-01;2.675590e+00;2.131474e+00;4.560845e-01;8.398602e-01;3.956359e+00;1.576471e-01;6.600000e-01;3.000000e-02;1.742050e-01;7.340068e-01;2.154882e-01;4.040404e-02;1.346801e-02;5.168919e-01;5.254237e-01;1.845672e-02;-1.469342e+00;4.045066e-01;1.923288e-01;-2.081347e-02;-9.983554e-02;2.851660e+00;5.959596e-01;6.565657e-01;1.149680e+00;1.314523e+00;1.608506e+00;1.648438e-01;2.939823e-01;4.588261e-01;5.755196e-01;2.920650e+00;2.345130e+00;5.066314e-01;8.669498e-01;4.016525e+00;1.225000e-01;5.200000e-01;3.000000e-02;1.290752e-01;5.622895e-01;1.649832e-01;1.346801e-02;6.734007e-03;5.168919e-01;5.220339e-01;2.027504e-02;-1.448424e+00;3.559850e-01;1.739758e-01;1.616059e-02;-9.027105e-02;4.072370e+00;5.791246e-01;6.565657e-01;1.189656e+00;1.351688e+00;1.676985e+00;1.620317e-01;3.252970e-01;4.873286e-01;5.628632e-01;4.008493e+00;3.445630e+00;6.026008e-01;2.014158e+00;9.732580e+00;1.820000e-01;5.400000e-01;3.000000e-02;1.730780e-01;2.996633e-01;4.377104e-02;1.683502e-02;1.010101e-02;5.168919e-01;5.118644e-01;2.148006e-02;-1.471246e+00;3.179128e-01;1.902348e-01;5.402888e-02;-8.176471e-02;4.880105e+00;5.791246e-01;3.737374e-01;1.206270e+00;1.412775e+00;1.588025e+00;2.065049e-01;1.752506e-01;3.817556e-01;4.834131e-01;4.704396e+00;4.220983e+00;7.979906e-01;2.045878e+00;8.081751e+00;1.636364e-01;5.100000e-01;3.000000e-02;1.617109e-01;2.255892e-01;8.754209e-02;2.020202e-02;1.010101e-02;4.898649e-01;5.423729e-01;2.679383e-02;-1.585599e+00;4.345296e-01;2.522123e-01;3.437069e-02;-1.260245e-01;5.094964e+00;1.986532e-01;3.703704e-01;1.224105e+00;1.414439e+00;1.543756e+00;1.903338e-01;1.293173e-01;3.196511e-01;4.252818e-01;5.210762e+00;4.785480e+00;8.820387e-01;2.476471e+00;9.686574e+00;2.250000e-01;5.000000e-01;4.000000e-02;1.614775e-01;2.154882e-01;8.417509e-02;3.703704e-02;2.356902e-02;4.628378e-01;5.288135e-01;2.561209e-02;-1.460963e+00;3.010134e-01;2.030007e-01;3.652710e-02;-7.144915e-02;4.269426e+00;5.757576e-01;3.703704e-01;1.268151e+00;1.452937e+00;1.630795e+00;1.847854e-01;1.778589e-01;3.626443e-01;6.061690e-01;4.394952e+00;3.788783e+00;7.617865e-01;2.264488e+00;8.580626e+00;1.800000e-01;1.080000e+00;3.000000e-02;2.570506e-01;2.693603e-01;7.070707e-02;4.713805e-02;1.010101e-02;4.898649e-01;5.525424e-01;2.527391e-02;-1.565441e+00;4.422169e-01;2.273255e-01;-9.487033e-03;-8.604623e-02;5.292921e+00;5.791246e-01;6.464646e-01;1.195128e+00;1.432704e+00;1.624019e+00;2.375759e-01;1.913147e-01;4.288906e-01;5.187610e-01;5.294950e+00;4.776189e+00;8.720766e-01;2.016264e+00;8.208670e+00;2.571428e-01;5.200000e-01;4.000000e-02;1.667945e-01;2.087542e-01;6.734007e-02;1.683502e-02;1.346801e-02;5.337838e-01;5.118644e-01;2.840865e-02;-1.611229e+00;4.641344e-01;2.489942e-01;3.425139e-02;-1.264123e-01;4.342119e+00;5.757576e-01;6.464646e-01;1.100603e+00;1.353626e+00;1.562584e+00;2.530231e-01;2.089583e-01;4.619814e-01;5.034653e-01;4.349221e+00;3.845756e+00;8.115733e-01;1.580729e+00;5.453260e+00;1.508333e-01;5.100000e-01;3.000000e-02;1.488544e-01;2.794613e-01;1.279461e-01;1.683502e-02;1.010101e-02;5.506757e-01;5.152543e-01;2.503503e-02;-1.580515e+00;4.412725e-01;2.226046e-01;1.666084e-02;-9.008224e-02;2.572183e+00;5.757576e-01;6.666667e-01;1.053254e+00;1.225629e+00;1.471244e+00;1.723751e-01;2.456152e-01;4.179903e-01;5.600333e-01;2.761798e+00;2.201765e+00;4.685682e-01;1.181294e+00;4.737385e+00;1.273913e-01;6.400000e-01;3.000000e-02;1.561275e-01;5.622895e-01;1.481481e-01;2.693603e-02;1.010101e-02;5.033784e-01;5.389830e-01;1.781881e-02;-1.487467e+00;3.812362e-01;2.013734e-01;1.573166e-02;-1.028383e-01;2.547483e+00;1.952862e-01;3.737374e-01;9.152402e-01;1.069155e+00;1.177097e+00;1.539147e-01;1.079425e-01;2.618572e-01;3.845192e-01;2.650376e+00;2.265857e+00;4.372684e-01;1.548401e+00;5.884319e+00;2.253846e-01;6.400000e-01;3.000000e-02;1.602217e-01;6.936027e-01;1.178451e-01;4.377104e-02;1.346801e-02;5.168919e-01;5.423729e-01;1.348765e-02;-1.392977e+00;2.885461e-01;1.812862e-01;4.010294e-02;-1.102017e-01;2.221114e+00;2.087542e-01;3.703704e-01;8.036805e-01;8.799928e-01;9.500875e-01;7.631230e-02;7.009470e-02;1.464070e-01;3.266066e-01;2.459457e+00;2.132850e+00;4.074392e-01;1.967738e+00;7.342128e+00;1.552632e-01;3.700000e-01;3.000000e-02;1.133401e-01;6.195286e-01;1.077441e-01;4.377104e-02;2.693603e-02;5.135135e-01;5.423729e-01;9.580613e-03;-1.450809e+00;3.459326e-01;1.899378e-01;1.595029e-02;-9.365906e-02;2.289282e+00;4.208754e-01;3.670034e-01;6.440842e-01;7.173169e-01;7.803643e-01;7.323271e-02;6.304741e-02;1.362801e-01;2.623690e-01;2.278084e+00;2.015715e+00;3.980911e-01;2.270818e+00;8.626324e+00;1.608333e-01;4.400000e-01;3.000000e-02;1.295800e-01;2.323232e-01;8.417509e-02;4.040404e-02;1.010101e-02;4.864865e-01;5.152543e-01;7.797642e-03;-1.576909e+00;4.780806e-01;2.212719e-01;-2.704531e-03;-1.103671e-01;2.810066e+00;4.175084e-01;3.602694e-01;4.953505e-01;5.785590e-01;6.330211e-01;8.320853e-02;5.446208e-02;1.376706e-01;2.687710e-01;2.333861e+00;2.065090e+00;3.354039e-01;3.881255e+00;2.395077e+01;3.166667e-01;5.900000e-01;3.000000e-02;2.324985e-01;1.010101e-01;1.683502e-02;1.010101e-02;6.734007e-03;4.898649e-01;5.423729e-01;6.467556e-03;-1.728938e+00;7.247699e-01;2.249035e-01;-1.382481e-01;-7.020044e-02;4.024207e-02;4.646465e-01;3.670034e-01;6.411871e-04;9.602299e-04;5.461880e-03;3.190428e-04;4.501650e-03;4.820692e-03;3.121288e-04;3.702208e-02;3.670995e-02;8.948757e-03;2.341306e+00;7.634261e+00;1.376923e-01;7.300000e-01;3.000000e-02;1.911566e-01;1.582492e-01;8.417509e-02;4.713805e-02;1.346801e-02;5.236486e-01;5.322034e-01;4.003689e-06;-1.605211e+00;1.006844e+00;-3.547698e-01;-2.439335e-01;2.341480e-01;4.515940e-02;5.959596e-01;1.212121e-01;2.057102e-05;2.955624e-05;1.043046e-03;8.985222e-06;1.013490e-03;1.022475e-03;1.560249e-05;3.266000e-02;3.264440e-02;5.922719e-03;5.119092e+00;3.072823e+01;6.000000e-01;1.700000e+00;3.000000e-02;7.779888e-01;3.703704e-02;2.693603e-02;1.010101e-02;6.734007e-03;4.729730e-01;5.389830e-01;2.518246e-06;-1.483105e+00;4.082660e-01;6.916018e-01;-9.303464e-01;3.834116e-01;2.312500e+03;4.175084e-01;6.430976e-01;1.458333e+02;1.770833e+02;2.395833e+02;3.125000e+01;6.250000e+01;9.375000e+01;1.145833e+02;9.075000e+02;7.929167e+02;2.360387e+02;6.424019e+00;5.393124e+01;4.475000e-01;1.240000e+00;3.000000e-02;4.841165e-01;4.377104e-02;1.010101e-02;6.734007e-03;6.734007e-03;3.648649e-01;4.440678e-01;1.165158e+04;-1.448555e+00;6.675598e-01;2.155842e-01;-5.376104e-01;1.758274e-01;5.947917e+03;4.175084e-01;6.430976e-01;1.979167e+02;2.187500e+02;3.020833e+02;2.083333e+01;8.333334e+01;1.041667e+02;1.562500e+02;2.963333e+03;2.807083e+03;5.381313e+02;7.916234e+00;7.354604e+01;6.350000e-01;1.240000e+00;3.000000e-02;6.050000e-01;1.683502e-02;1.010101e-02;6.734007e-03;3.367003e-03;4.121622e-01;4.745763e-01;2.584007e+04;-1.875618e+00;1.281767e+00;1.069945e-02;-6.274403e-01;3.022192e-01;7.041667e+03;4.141414e-01;3.602694e-01;250;2.812500e+02;4.791667e+02;3.125000e+01;1.979167e+02;2.291667e+02;2.083333e+02;4.887500e+03;4.679166e+03;8.122872e+02;5.239178e+00;3.707403e+01;3.175000e-01;5.800000e-01;4.000000e-02;2.532168e-01;4.713805e-02;1.346801e-02;6.734007e-03;6.734007e-03;4.155405e-01;4.644068e-01;7.314441e+04;-1.548497e+00;5.190819e-01;5.767034e-01;-6.485975e-01;1.738721e-01;7.322917e+03;4.141414e-01;6.397306e-02;3.229167e+02;4.062500e+02;1.114583e+03;8.333334e+01;7.083334e+02;7.916667e+02;2.604167e+02;5.435000e+03;5.174583e+03;1.107133e+03;3.359986e+00;1.654234e+01;3.480000e-01;5.700000e-01;5.000000e-02;2.041960e-01;8.417509e-02;3.030303e-02;1.010101e-02;1.010101e-02;4.527027e-01;4.677966e-01;1.085855e+05;-1.597403e+00;7.365538e-01;2.365093e-01;-6.014763e-01;2.828301e-01;1.827296e-01;5.959596e-01;0;2.721042e-02;3.550760e-02;6.045027e-02;8.297177e-03;2.494268e-02;3.323986e-02;1.619582e-02;1.684804e-01;1.522846e-01;3.261119e-02;1.773069e+00;6.356485e+00;2.066666e-01;6.500000e-01;5.000000e-02;1.959025e-01;3.164983e-01;8.080808e-02;2.020202e-02;1.010101e-02;5.067568e-01;4.983051e-01;6.265066e-05;-1.372022e+00;2.784438e-01;4.882895e-01;-5.415090e-01;1.592963e-01;4.605253e+03;4.175084e-01;3.602694e-01;2.490129e+02;2.942533e+02;5.768503e+02;4.524037e+01;2.825971e+02;3.278375e+02;2.111682e+02;3.300746e+03;3.089578e+03;5.191480e+02;5.116709e+00;3.752566e+01;3.175000e-01;6.200000e-01;3.000000e-02;2.828759e-01;3.030303e-02;1.346801e-02;6.734007e-03;6.734007e-03;5.101351e-01;4.949152e-01;1.665775e+04;-1.896861e+00;1.135379e+00;2.277259e-01;-6.901851e-01;2.647657e-01;3.194616e+00;4.175084e-01;3.939394e-01;3.275813e+00;3.640179e+00;4.097995e+00;3.643665e-01;4.578159e-01;8.221824e-01;2.850520e+00;5.455775e+00;2.605255e+00;6.302077e-01;9.051683e-01;3.422819e+00;1.188000e-01;6.000000e-01;3.000000e-02;1.343226e-01;5.925926e-01;1.750842e-01;3.703704e-02;6.734007e-03;5.270270e-01;4.847458e-01;1.236794e-01;-1.197556e+00;2.200427e-01;1.396757e-01;-1.126218e-01;-4.534135e-02;9521342;4.141414e-01;3.939394e-01;1.358276e+05;2.319085e+05;5.942847e+05;9.608098e+04;3.623761e+05;4.584571e+05;7.074093e+04;6897683;6826942;1.238252e+06;4.563474e+00;2.761308e+01;2.540000e-01;5.700000e-01;3.000000e-02;2.357626e-01;7.070707e-02;1.683502e-02;1.010101e-02;1.010101e-02;5.000000e-01;5.084746e-01;94602264576;-1.692073e+00;7.430106e-01;3.352075e-01;-4.731167e-01;1.516110e-01;2.271296e+01;3.939394e-01;4.175084e-01;4.417418e+00;9.872256e+00;1.346664e+01;5.454839e+00;3.594381e+00;9.049220e+00;7.995149e-01;1.827651e+01;1.747699e+01;5.121179e+00;9.670465e-02;1.740230e+00;1.220833e-01;5.400000e-01;3.000000e-02;1.113171e-01;6.767676e-01;4.444444e-01;8.754209e-02;3.367003e-03;4.932432e-01;5.559322e-01;3.372113e+00;-1.223117e+00;2.461166e-01;1.665329e-01;-1.246589e-01;-4.932904e-02;6.248295e+02;3.939394e-01;4.141414e-01;2.861053e+01;1.217302e+02;2.369566e+02;9.311967e+01;1.152264e+02;2.083460e+02;4.127788e+00;4.530286e+02;4.489008e+02;1.310205e+02;7.417043e-01;2.661082e+00;1.735294e-01;8.000000e-01;3.000000e-02;2.101244e-01;4.208754e-01;1.380471e-01;6.734007e-03;3.367003e-03;4.966216e-01;5.491526e-01;2.841438e+03;-1.224850e+00;2.785292e-01;2.954223e-01;-2.825841e-01;-3.147020e-02;2.123694e-02;4.175084e-01;5.757576e-01;-2.095189e-03;-5.912396e-04;-3.915351e-04;1.503949e-03;1.997045e-04;1.703654e-03;-1.647671e-02;-1.417304e-04;1.633498e-02;3.335634e-03;-3.047819e+00;1.398221e+01;1.645455e-01;8.200000e-01;3.000000e-02;2.258464e-01;9.865320e-01;9.663300e-01;8.653198e-01;7.306398e-01;5.135135e-01;4.711864e-01;4.052610e-07;-1.747786e+00;1.009068e+00;-2.817142e-02;-5.110719e-01;3.186782e-01;3.207546e+00;4.175084e-01;3.602694e-01;2.566229e-01;2.935189e-01;5.260235e-01;3.689599e-02;2.325046e-01;2.694006e-01;2.159731e-01;2.367209e+00;2.151236e+00;3.637723e-01;4.873429e+00;3.539301e+01;6.350000e-01;1.230000e+00;4.000000e-02;5.950000e-01;2.356902e-02;1.346801e-02;6.734007e-03;6.734007e-03;5.033784e-01;5.084746e-01;8.436892e-03;-1.887033e+00;1.119188e+00;2.077878e-01;-6.402612e-01;2.296394e-01;6.089296e-02;5.757576e-01;9.898990e-01;4.024032e-04;7.210250e-04;3.340127e-03;3.186218e-04;2.619102e-03;2.937724e-03;1.976054e-04;4.445998e-02;4.426237e-02;8.420160e-03;3.978329e+00;2.224226e+01;3.016666e-01;1.360000e+00;3.000000e-02;4.797366e-01;6.734007e-02;1.683502e-02;1.010101e-02;1.010101e-02;4.966216e-01;4.847458e-01;2.066150e-06;-1.978435e+00;1.466850e+00;-3.618887e-01;-3.418196e-01;2.616411e-01;3.662539e+01;5.218855e-01;4.175084e-01;2.068992e+01;2.364967e+01;2.549371e+01;2.959747e+00;1.844036e+00;4.803783e+00;3.230731e+00;3.258721e+01;2.935648e+01;6.407014e+00;-1.219252e+00;4.550401e+00;9.800000e-02;5.300000e-01;3.000000e-02;1.067208e-01;9.730639e-01;8.451179e-01;3.400673e-01;5.387205e-02;5.101351e-01;5.016949e-01;6.418725e+00;-1.226943e+00;1.873168e-01;9.597496e-02;-2.470939e-02;-2.386053e-02;5.812952e+01;4.141414e-01;5.959596e-01;1.392318e+01;1.772173e+01;1.980613e+01;3.798542e+00;2.084402e+00;5.882944e+00;-2.574972e+01;2.529487e+01;5.104459e+01;1.122064e+01;-1.995320e+00;6.434783e+00;2.560000e-01;8.900000e-01;3.000000e-02;2.540551e-01;9.562290e-01;8.754209e-01;7.138047e-01;2.693603e-02;5.067568e-01;5.050848e-01;5.987548e+00;-1.315672e+00;1.890436e-01;3.177992e-01;-2.243917e-01;4.799785e-02;4.370311e+01;1.750842e-01;6.296296e-01;4.531421e+00;1.192268e+01;1.490383e+01;7.391260e+00;2.981152e+00;1.037241e+01;-1.525837e+01;2.288711e+01;3.814547e+01;8.480840e+00;-1.041653e+00;3.495295e+00;1.160000e-01;4.100000e-01;3.000000e-02;9.995998e-02;9.292929e-01;7.508417e-01;1.919192e-01;1.683502e-02;5.371622e-01;4.813559e-01;4.936676e+00;-1.276715e+00;2.680314e-01;3.024964e-01;-4.762943e-01;2.040308e-01;7.073874e+01;4.107744e-01;5.723906e-01;-3.257367e+00;8.535794e+00;1.153755e+01;1.179316e+01;3.001753e+00;1.479491e+01;-4.312291e+01;2.235407e+01;6.547698e+01;1.303899e+01;-1.503590e+00;5.307099e+00;1.142308e-01;5.900000e-01;3.000000e-02;1.116372e-01;9.595960e-01;8.451179e-01;4.747475e-01;2.020202e-02;5.000000e-01;4.847458e-01;7.102056e+00;-1.375226e+00;2.204152e-01;4.242128e-01;-4.582645e-01;2.434917e-01;5.219265e+01;5.791246e-01;2.996633e-01;-2.446612e+00;1.854307e+00;6.998323e+00;4.300920e+00;5.144016e+00;9.444935e+00;-1.707150e+01;2.657370e+01;4.364520e+01;9.185176e+00;3.522084e-01;3.704520e+00;2.671428e-01;7.000000e-01;6.000000e-02;2.378303e-01;8.922559e-01;2.895623e-01;6.060606e-02;1.346801e-02;4.966216e-01;5.050848e-01;7.118337e+00;-1.226323e+00;2.098706e-01;4.986902e-01;-5.979762e-01;1.598764e-01;4.728168e+01;1.784512e-01;4.511785e-01;-6.418646e+00;-2.306112e+00;2.075151e+00;4.112535e+00;4.381262e+00;8.493796e+00;-2.731462e+01;1.651695e+01;4.383158e+01;9.078975e+00;-4.861038e-01;3.737977e+00;1.575000e-01;5.100000e-01;3.000000e-02;1.481061e-01;9.158249e-01;6.868687e-01;1.043771e-01;4.040404e-02;5.168919e-01;5.016949e-01;8.555572e+00;-1.279450e+00;2.235682e-01;5.390043e-01;-6.016454e-01;1.832363e-01;4.812758e+01;5.925926e-01;2.626263e-01;-1.087946e+01;-5.646331e+00;-2.098518e+00;5.233133e+00;3.547813e+00;8.780946e+00;-2.451644e+01;1.375696e+01;3.827339e+01;8.025131e+00;-1.662907e-01;3.271765e+00;1.654545e-01;5.100000e-01;3.000000e-02;1.630038e-01;8.383839e-01;4.074074e-01;3.030303e-02;6.734007e-03;4.898649e-01;4.881356e-01;8.078941e+00;-1.250651e+00;2.566097e-01;4.306833e-01;-5.224417e-01;1.270351e-01;6.504272e+01;5.117845e-01;3.232323e-01;-1.167330e+01;-6.787195e+00;-2.002449e+00;4.886104e+00;4.784746e+00;9.670851e+00;-2.705281e+01;2.493086e+01;5.198367e+01;1.010019e+01;9.425117e-01;4.844453e+00;3.542857e-01;7.900000e-01;7.000000e-02;2.632140e-01;8.417509e-01;1.582492e-01;3.367003e-02;1.010101e-02;4.695946e-01;4.949152e-01;1.015315e+01;-1.338477e+00;3.147764e-01;4.398706e-01;-4.560755e-01;8.988447e-02;7.918259e+01;2.020202e-01;4.444444e-01;-1.449294e+01;-8.991164e+00;-3.180376e+00;5.501774e+00;5.810788e+00;1.131256e+01;-5.139541e+01;1.530740e+01;6.670282e+01;1.172172e+01;-8.760408e-01;5.692762e+00;1.530769e-01;5.100000e-01;5.000000e-02;1.559775e-01;9.764310e-01;8.518519e-01;1.649832e-01;3.030303e-02;5.337838e-01;4.983051e-01;1.227989e+01;-1.354354e+00;2.957892e-01;4.670090e-01;-6.250592e-01;2.619401e-01;5.871122e+01;4.680135e-01;1.818182e-01;-9.451383e+00;-3.661672e+00;2.532978e+00;5.789711e+00;6.194650e+00;1.198436e+01;-1.641276e+01;3.959037e+01;5.600313e+01;1.312816e+01;1.300751e+00;3.985163e+00;8.166667e-02;4.600000e-01;3.000000e-02;8.015609e-02;5.050505e-01;1.818182e-01;7.407407e-02;2.693603e-02;5.033784e-01;4.745763e-01;1.255358e+01;-1.256729e+00;1.493311e-01;5.547796e-01;-5.485297e-01;1.492845e-01;5.789293e+01;2.087542e-01;5.791246e-01;-1.003376e+01;-4.993171e+00;-1.212678e+00;5.040586e+00;3.780493e+00;8.821079e+00;-3.435556e+01;1.152777e+01;4.588333e+01;9.326094e+00;-1.104712e+00;5.207892e+00;1.243478e-01;4.900000e-01;3.000000e-02;1.241607e-01;9.663300e-01;8.754209e-01;2.592593e-01;4.713805e-02;5.000000e-01;5.254237e-01;1.061765e+01;-1.394821e+00;3.456556e-01;5.940295e-01;-7.650256e-01;2.913685e-01;5.053834e+01;6.329966e-01;5.791246e-01;-1.061457e+01;-7.242315e+00;-2.950115e+00;3.372251e+00;4.292200e+00;7.664451e+00;-3.214368e+01;1.045641e+01;4.260009e+01;7.966542e+00;-6.457549e-01;4.659419e+00;1.500000e-01;4.500000e-01;4.000000e-02;1.158912e-01;9.528620e-01;7.508417e-01;7.070707e-02;1.683502e-02;4.932432e-01;5.220339e-01;9.346271e+00;-1.313083e+00;2.379446e-01;5.095417e-01;-5.468172e-01;1.683505e-01;4.018027e+01;4.410774e-01;3.434343e-01;-6.224292e+00;-2.894958e+00;4.524824e-01;3.329334e+00;3.347441e+00;6.676775e+00;-1.422823e+01;2.124029e+01;3.546852e+01;7.005308e+00;1.305015e+00;5.427829e+00;1.164000e-01;3.600000e-01;3.000000e-02;9.298947e-02;7.104377e-01;1.279461e-01;4.713805e-02;1.683502e-02;4.864865e-01;5.457627e-01;7.933700e+00;-1.190064e+00;2.020039e-01;4.665859e-01;-5.681748e-01;1.886065e-01;3.431646e+01;6.026936e-01;4.309764e-01;-9.063789e+00;-4.218280e+00;-1.672184e-01;4.845510e+00;4.051062e+00;8.896571e+00;-2.438228e+01;5.257013e+00;2.963929e+01;6.412694e+00;-8.161151e-01;3.513764e+00;8.848485e-02;3.800000e-01;3.000000e-02;7.951067e-02;9.595960e-01;7.575758e-01;2.693603e-01;2.020202e-02;4.932432e-01;5.254237e-01;6.531189e+00;-1.265936e+00;2.463749e-01;5.735340e-01;-6.861916e-01;1.877748e-01;4.540322e-02;6.397306e-01;6.531987e-01;-4.407569e-03;2.107851e-04;4.791282e-03;4.618354e-03;4.580497e-03;9.198851e-03;-1.731184e-02;1.537581e-02;3.268765e-02;7.181745e-03;-7.401971e-02;3.328396e+00;1.786667e-01;6.900000e-01;3.000000e-02;1.942118e-01;9.191919e-01;4.410774e-01;3.367003e-02;6.734007e-03;5.067568e-01;4.847458e-01;1.805761e-06;-2.276329e+00;2.344304e+00;-9.777744e-01;-7.035017e-02;2.003558e-01;7.548454e-02;6.734007e-02;8.956229e-01;-1.021250e-02;5.316913e-04;9.116995e-03;1.074419e-02;8.585304e-03;1.932950e-02;-3.228907e-02;3.567362e-02;6.796269e-02;1.402071e-02;7.992489e-02;2.873912e+00;1.176000e-01;4.400000e-01;3.000000e-02;1.089690e-01;8.552188e-01;4.175084e-01;6.397306e-02;1.346801e-02;5.067568e-01;5.254237e-01;1.497087e-05;-1.809362e+00;1.294211e+00;-1.737189e-02;-4.137783e-01;2.096056e-01;1.149016e-01;2.222222e-01;5.151515e-01;-1.591558e-02;-7.145077e-04;1.704307e-02;1.520107e-02;1.775758e-02;3.295865e-02;-5.699882e-02;4.554442e-02;1.025432e-01;2.340504e-02;-1.677071e-01;2.533782e+00;9.580646e-02;2.300000e-01;3.000000e-02;5.950191e-02;9.023569e-01;5.521886e-01;1.582492e-01;2.020202e-02;5.135135e-01;4.847458e-01;2.323433e-05;-2.210440e+00;2.133149e+00;-7.542156e-01;-1.950115e-01;2.212420e-01;2.559463e-01;4.343434e-01;4.680135e-01;-1.852812e-02;-8.743659e-04;1.650050e-02;1.765376e-02;1.737486e-02;3.502862e-02;-1.079017e-01;1.268746e-01;2.347763e-01;3.494949e-02;3.664281e-01;6.515655e+00;4.200000e-01;1.480000e+00;3.000000e-02;5.391793e-01;9.528620e-01;2.929293e-01;2.356902e-02;1.346801e-02;5.033784e-01;5.254237e-01;2.076364e-05;-2.761212e+00;3.470045e+00;-2.354531e+00;7.766375e-01;-5.325953e-02;4.653919e-01;4.309764e-01;4.747475e-01;-2.337189e-02;-9.299934e-04;2.153860e-02;2.244189e-02;2.246859e-02;4.491048e-02;-1.412223e-01;2.213588e-01;3.625810e-01;5.121635e-02;1.555936e+00;1.377359e+01;1.455556e-01;8.600000e-01;3.000000e-02;2.367423e-01;8.451179e-01;2.020202e-02;1.346801e-02;6.734007e-03;5.033784e-01;4.779661e-01;5.500048e-05;-2.606844e+00;3.022677e+00;-1.792464e+00;4.221588e-01;4.407091e-02;6.603166e-01;4.276094e-01;4.781145e-01;-2.858380e-02;-4.568338e-04;2.856808e-02;2.812697e-02;2.902491e-02;5.715188e-02;-2.680282e-01;2.915165e-01;5.595447e-01;8.418621e-02;9.778841e-02;7.643176e+00;1.888889e-01;6.600000e-01;3.000000e-02;2.383016e-01;9.764310e-01;7.542087e-01;5.723906e-02;2.020202e-02;5.337838e-01;4.813559e-01;1.053027e-04;-2.847797e+00;3.759070e+00;-2.770583e+00;1.147829e+00;-2.045612e-01;9.175410e-01;5.589225e-01;4.781145e-01;-3.654166e-02;1.295960e-03;3.564290e-02;3.783762e-02;3.434694e-02;7.218456e-02;-3.404736e-01;3.461846e-01;6.866582e-01;1.014482e-01;3.242833e-01;1.010656e+01;2.287500e-01;1.360000e+00;3.000000e-02;4.302161e-01;9.595960e-01;1.952862e-01;2.356902e-02;1.010101e-02;5.236486e-01;5.050848e-01;8.313429e-05;-3.054152e+00;4.250148e+00;-3.340428e+00;1.464448e+00;-2.666009e-01;9.436125e-01;5.656565e-01;5.858586e-01;-2.197809e-02;3.135794e-03;3.273876e-02;2.511389e-02;2.960296e-02;5.471685e-02;-3.294166e-01;4.172956e-01;7.467122e-01;1.120729e-01;4.201122e-01;8.916798e+00;2.033333e-01;1.330000e+00;3.000000e-02;3.991658e-01;9.326599e-01;1.548821e-01;3.030303e-02;1.010101e-02;5.304054e-01;4.813559e-01;1.083583e-04;-2.871461e+00;3.662856e+00;-2.522163e+00;8.646114e-01;-6.570131e-02;7.758790e-01;4.377104e-01;4.713805e-01;-3.515556e-02;5.913383e-03;3.388376e-02;4.106894e-02;2.797038e-02;6.903931e-02;-2.841145e-01;3.741718e-01;6.582862e-01;1.013724e-01;5.215310e-01;8.320390e+00;2.312500e-01;1.290000e+00;3.000000e-02;4.010435e-01;9.326599e-01;1.683502e-01;3.030303e-02;1.683502e-02;5.472973e-01;4.915254e-01;1.003141e-04;-3.059509e+00;4.382714e+00;-3.648874e+00;1.712073e+00;-3.372730e-01;8.833468e-01;4.309764e-01;6.060606e-01;-3.514715e-02;3.612041e-04;3.108721e-02;3.550835e-02;3.072600e-02;6.623436e-02;-2.195425e-01;3.551387e-01;5.746812e-01;9.061821e-02;1.750967e+00;1.448771e+01;1.430769e-01;9.200000e-01;3.000000e-02;2.296279e-01;8.888889e-01;4.040404e-02;1.010101e-02;6.734007e-03;5.337838e-01;4.881356e-01;1.361235e-04;-2.841064e+00;3.750555e+00;-2.769906e+00;1.077339e+00;-1.519711e-01;1.459908e+00;4.579124e-01;4.747475e-01;-4.606941e-02;4.619718e-04;3.648853e-02;4.653138e-02;3.602656e-02;8.255794e-02;-4.393147e-01;5.379923e-01;9.773070e-01;1.439704e-01;5.462292e-01;1.281077e+01;3.066666e-01;1.360000e+00;3.000000e-02;4.767832e-01;9.764310e-01;2.693603e-01;2.356902e-02;6.734007e-03;5.270270e-01;5.050848e-01;1.738856e-04;-3.129906e+00;4.513422e+00;-3.664668e+00;1.689125e+00;-3.565064e-01;1.775100e+00;4.579124e-01;4.747475e-01;-3.541186e-02;2.597749e-03;3.733732e-02;3.800961e-02;3.473957e-02;7.274918e-02;-5.007950e-01;6.262309e-01;1.127026e+00;1.497134e-01;2.353503e-01;2.038759e+01;4.833333e-01;1.360000e+00;4.000000e-02;6.199104e-01;9.865320e-01;3.400673e-01;1.346801e-02;6.734007e-03;5.405405e-01;5.186441e-01;2.228379e-04;-2.953872e+00;3.925530e+00;-2.788841e+00;1.026313e+00;-1.324724e-01;8.806546e-01;4.545455e-01;5.252525e-01;-3.363628e-02;6.191301e-03;3.441561e-02;3.982759e-02;2.822431e-02;6.805190e-02;-4.148335e-01;3.376493e-01;7.524829e-01;1.082680e-01;-5.777435e-01;8.895865e+00;1.820000e-01;1.360000e+00;3.000000e-02;3.932124e-01;9.663300e-01;7.710438e-01;4.040404e-02;1.683502e-02;5.304054e-01;4.915254e-01;1.672622e-04;-2.788911e+00;3.519215e+00;-2.298833e+00;7.004541e-01;-2.609808e-02;7.653166e-01;4.545455e-01;6.060606e-01;-3.504328e-02;5.577350e-03;4.583291e-02;4.062063e-02;4.025556e-02;8.087619e-02;-3.854782e-01;2.468940e-01;6.323721e-01;1.023077e-01;-1.185730e+00;7.937213e+00;1.533333e-01;1.220000e+00;3.000000e-02;3.228088e-01;9.696970e-01;8.989899e-01;8.417509e-02;2.356902e-02;5.236486e-01;4.881356e-01;1.448141e-04;-2.877387e+00;3.816135e+00;-2.759172e+00;1.045075e+00;-1.331275e-01;8.634522e-01;5.925926e-01;6.060606e-01;-3.508766e-02;3.464747e-03;4.728895e-02;3.855240e-02;4.382421e-02;8.237661e-02;-3.743421e-01;2.763252e-01;6.506672e-01;1.058906e-01;-1.373199e+00;9.401051e+00;1.311765e-01;4.100000e-01;3.000000e-02;1.191086e-01;9.831650e-01;9.461280e-01;1.481481e-01;2.020202e-02;5.304054e-01;4.779661e-01;9.987201e-05;-3.164009e+00;4.681110e+00;-3.980205e+00;1.943879e+00;-4.298453e-01;1.120715e+00;5.656565e-01;5.993266e-01;-3.452115e-02;2.250600e-03;3.926467e-02;3.677175e-02;3.701407e-02;7.378583e-02;-3.798635e-01;5.386990e-01;9.185625e-01;1.236500e-01;9.869455e-01;1.303071e+01;2.642857e-01;1.410000e+00;4.000000e-02;4.687935e-01;9.393939e-01;5.050505e-02;1.346801e-02;6.734007e-03;5.135135e-01;5.084746e-01;9.101518e-05;-3.195706e+00;4.618869e+00;-3.742117e+00;1.687721e+00;-3.265884e-01;1.589387e+00;5.690235e-01;5.892256e-01;-3.666503e-02;-1.008761e-03;3.460808e-02;3.565627e-02;3.561684e-02;7.127311e-02;-5.396283e-01;6.525772e-01;1.192205e+00;1.640300e-01;4.607736e-01;1.212950e+01;4.525000e-01;1.430000e+00;4.000000e-02;5.704110e-01;9.696970e-01;1.616162e-01;1.683502e-02;6.734007e-03;5.337838e-01;5.152543e-01;2.506221e-04;-2.742578e+00;3.089203e+00;-1.535306e+00;1.199570e-01;1.406638e-01;1.033734e+00;1.683502e-01;5.925926e-01;-3.993113e-02;-6.497502e-04;3.578060e-02;3.928138e-02;3.643035e-02;7.571173e-02;-3.600230e-01;4.860431e-01;8.460661e-01;1.335977e-01;9.865007e-01;8.597690e+00;1.525000e-01;6.500000e-01;3.000000e-02;1.927055e-01;9.057239e-01;8.080808e-02;2.693603e-02;1.010101e-02;5.270270e-01;5.355932e-01;1.780846e-04;-2.786388e+00;3.262613e+00;-1.840493e+00;3.623158e-01;5.654830e-02;1.470401e+00;5.656565e-01;5.858586e-01;-4.224750e-02;1.365662e-03;3.149370e-02;4.361316e-02;3.012804e-02;7.374120e-02;-4.508378e-01;6.187962e-01;1.069634e+00;1.484140e-01;8.338233e-01;1.314523e+01;2.983333e-01;1.140000e+00;3.000000e-02;4.144642e-01;9.831650e-01;2.861953e-01;2.356902e-02;1.346801e-02;5.067568e-01;5.186441e-01;2.192980e-04;-2.906522e+00;3.717095e+00;-2.485765e+00;7.900941e-01;-5.199658e-02;1.811058e+00;5.656565e-01;5.858586e-01;-3.662883e-02;3.243315e-03;3.626738e-02;3.987215e-02;3.302406e-02;7.289621e-02;-6.245716e-01;6.302328e-01;1.254804e+00;1.766346e-01;3.760170e-01;1.430854e+01;3.620000e-01;1.410000e+00;3.000000e-02;5.292032e-01;9.663300e-01;1.346801e-01;1.683502e-02;1.010101e-02;5.304054e-01;4.915254e-01;1.900698e-04;-3.077644e+00;4.136870e+00;-2.934742e+00;1.053072e+00;-1.277363e-01;1.411831e+00;5.656565e-01;5.858586e-01;-3.705750e-02;5.364120e-03;3.114821e-02;4.242162e-02;2.578409e-02;6.820570e-02;-4.982147e-01;4.961935e-01;9.944082e-01;1.570761e-01;2.374550e-01;9.466277e+00;2.275000e-01;1.250000e+00;3.000000e-02;3.887078e-01;9.562290e-01;1.683502e-01;2.356902e-02;1.010101e-02;5.168919e-01;5.050848e-01;1.394000e-04;-3.224996e+00;4.700154e+00;-3.837313e+00;1.749649e+00;-3.474219e-01;8.144382e-01;4.107744e-01;5.218855e-01;-3.481083e-02;1.132727e-03;2.868862e-02;3.594356e-02;2.755589e-02;6.349945e-02;-3.094851e-01;3.883838e-01;6.978689e-01;1.074755e-01;5.089731e-01;7.478488e+00;1.754545e-01;1.230000e+00;3.000000e-02;3.345924e-01;9.158249e-01;1.212121e-01;2.020202e-02;1.010101e-02;5.574324e-01;4.508474e-01;8.318042e-05;-3.199212e+00;4.730369e+00;-3.959501e+00;1.867010e+00;-3.826681e-01;6.710250e-01;4.107744e-01;4.276094e-01;-2.679045e-02;1.256990e-03;2.217376e-02;2.804744e-02;2.091677e-02;4.896421e-02;-2.170028e-01;3.151196e-01;5.321224e-01;7.965191e-02;8.610408e-01;8.835841e+00;3.216667e-01;6.200000e-01;4.000000e-02;2.726057e-01;9.730639e-01;2.996633e-01;3.030303e-02;1.683502e-02;5.270270e-01;5.152543e-01;5.166630e-05;-3.154943e+00;4.594025e+00;-3.762019e+00;1.726832e+00;-3.456723e-01;7.699727e-01;4.107744e-01;4.276094e-01;-1.957847e-02;8.833408e-04;1.261336e-02;2.046181e-02;1.173002e-02;3.219182e-02;-2.037106e-01;2.702853e-01;4.739959e-01;7.436199e-02;9.460535e-01;1.287701e+01;3.300000e-01;6.700000e-01;3.000000e-02;2.878368e-01;9.831650e-01;9.764310e-02;1.683502e-02;1.010101e-02;5.337838e-01;4.983051e-01;5.730221e-05;-2.987604e+00;4.054255e+00;-3.015029e+00;1.196253e+00;-1.808607e-01;9.354238e-01;4.107744e-01;4.276094e-01;-1.918814e-02;-1.080453e-04;1.460199e-02;1.908010e-02;1.471004e-02;3.379013e-02;-2.701102e-01;2.798461e-01;5.499563e-01;8.236650e-02;8.138863e-01;1.666514e+01;4.400000e-01;1.220000e+00;4.000000e-02;5.516037e-01;9.865320e-01;9.427609e-02;1.010101e-02;1.010101e-02;5.135135e-01;4.813559e-01;4.771663e-05;-3.196587e+00;4.683763e+00;-3.850850e+00;1.768062e+00;-3.517948e-01;1.197744e+00;4.107744e-01;4.276094e-01;-1.474634e-02;-8.476376e-05;9.531403e-03;1.466157e-02;9.616166e-03;2.427774e-02;-2.797273e-01;3.436600e-01;6.233873e-01;8.932859e-02;5.171425e-01;2.928036e+01;4.400000e-01;1.220000e+00;4.000000e-02;5.516037e-01;9.831650e-01;9.427609e-02;1.346801e-02;6.734007e-03;5.472973e-01;4.881356e-01;2.966595e-05;-3.502602e+00;5.670147e+00;-5.202205e+00;2.702733e+00;-6.324687e-01;1.373165e-02;4.444444e-01;4.713805e-01;-1.095951e-04;1.515384e-06;1.557456e-04;1.111105e-04;1.542302e-04;2.653407e-04;-6.760277e-03;4.509703e-03;1.126998e-02;1.577903e-03;-1.354181e+00;1.185633e+01;1.466667e-01;6.700000e-01;3.000000e-02;1.748014e-01;9.831650e-01;9.393939e-01;9.764310e-02;3.030303e-02;5.574324e-01;4.847458e-01;2.508599e-07;-1.922022e+00;1.800962e+00;-8.436021e-01;2.296856e-02;1.521215e-01;1.787686e-02;5.690235e-01;5.993266e-01;-1.777791e-06;1.276198e-07;1.635816e-05;1.905411e-06;1.623054e-05;1.813595e-05;-5.041755e-03;5.159414e-03;1.020117e-02;1.360188e-03;-3.138493e+00;3.700436e+01;3.640000e-01;1.370000e+00;4.000000e-02;5.132874e-01;9.898990e-01;9.831650e-01;3.030303e-02;1.346801e-02;5.810811e-01;4.745763e-01;1.697750e-07;-1.787009e+00;1.204954e+00;1.813447e-01;-8.306692e-01;4.429511e-01;1.343750e+03;4.107744e-01;4.208754e-01;-6.250000e+00;0;5.208336e+00;6.250000e+00;5.208336e+00;1.145834e+01;-2.054583e+02;1.545833e+02;3.600416e+02;8.278267e+01;2.911686e-01;4.733916e+01;6.350000e-01;1.230000e+00;4.000000e-02;5.950000e-01;9.932660e-01;1.346801e-01;1.010101e-02;3.367003e-03;4.797297e-01;5.084746e-01;6.887820e+02;-1.736404e+00;1.477401e+00;-2.543573e-01;-3.737401e-01;3.187065e-01;3.117708e+03;4.107744e-01;4.242424e-01;-8.333333e+00;0;8.333333e+00;8.333333e+00;8.333333e+00;1.666667e+01;-4.057500e+02;6.107917e+02;1.016542e+03;1.928629e+02;3.302259e-01;4.868604e+01;4.333333e-01;1.230000e+00;3.000000e-02;5.633432e-01;9.898990e-01;4.713805e-02;1.010101e-02;3.367003e-03;5.033784e-01;5.016949e-01;1.525965e+03;-2.296564e+00;2.627769e+00;-1.502355e+00;3.393124e-01;9.859705e-02;3.664583e+03;4.074074e-01;4.208754e-01;-1.354167e+01;-1.041669e+00;1.145833e+01;1.250000e+01;1.250000e+01;25;-6.962499e+02;7.176667e+02;1.413917e+03;2.586284e+02;3.401797e-01;3.658815e+01;4.333333e-01;1.220000e+00;3.000000e-02;5.563173e-01;9.898990e-01;1.245791e-01;1.010101e-02;6.734007e-03;5.337838e-01;5.152543e-01;5.197497e+03;-1.825359e+00;1.326873e+00;5.499923e-02;-6.076648e-01;3.402705e-01;3.691667e+03;4.074074e-01;4.208754e-01;-2.916666e+01;-3.125000e+00;2.083334e+01;2.604166e+01;2.395834e+01;50;-1.085958e+03;1.191583e+03;2.277542e+03;2.899686e+02;8.800802e-01;2.656945e+01;4.333333e-01;1.210000e+00;4.000000e-02;5.492014e-01;9.865320e-01;1.245791e-01;2.020202e-02;6.734007e-03;5.439189e-01;5.322034e-01;5.682295e+03;-2.050281e+00;1.994042e+00;-9.016205e-01;6.112385e-02;1.430617e-01;5.499913e-02;5.555556e-01;6.026936e-01;-1.818449e-03;-1.149384e-04;2.631587e-03;1.703511e-03;2.746526e-03;4.450037e-03;-1.914084e-02;1.636449e-02;3.550533e-02;5.708886e-03;-7.893545e-01;9.711234e+00;3.680000e-01;1.650000e+00;4.000000e-02;6.410117e-01;9.865320e-01;8.619528e-01;3.703704e-02;1.010101e-02;5.033784e-01;4.915254e-01;4.484784e-06;-1.603277e+00;9.413767e-01;2.107673e-01;-5.779692e-01;2.586850e-01;2.286684e+03;4.074074e-01;4.208754e-01;-1.436397e+01;-2.869583e+00;9.106160e+00;1.149439e+01;1.197574e+01;2.347013e+01;-4.927554e+02;4.524170e+02;9.451725e+02;1.582731e+02;2.513618e-01;3.833276e+01;4.333333e-01;1.220000e+00;3.000000e-02;5.563173e-01;9.898990e-01;3.636364e-01;1.010101e-02;6.734007e-03;5.405405e-01;5.050848e-01;9.898121e+02;-2.269555e+00;2.382999e+00;-1.114579e+00;5.429414e-02;1.692838e-01;1.092336e+00;4.040404e-01;6.363636e-01;-8.988500e-02;-1.739767e-02;7.305083e-02;7.248733e-02;9.044850e-02;1.629358e-01;-3.815884e-01;5.042176e-01;8.858061e-01;1.501033e-01;5.581685e-01;5.315610e+00;2.144444e-01;6.000000e-01;3.000000e-02;2.159275e-01;9.528620e-01;3.198653e-01;2.356902e-02;1.346801e-02;5.033784e-01;5.186441e-01;2.496355e-03;-1.741199e+00;1.356049e+00;-1.906540e-01;-3.614025e-01;2.606294e-01;4586605;4.074074e-01;4.242424e-01;-3.706682e+04;-4.003390e+03;2.516747e+04;3.306343e+04;2.917086e+04;6.223429e+04;-1.221109e+06;1.539283e+06;2.760392e+06;3.371748e+05;8.255115e-01;3.362020e+01;4.333333e-01;1.210000e+00;4.000000e-02;5.492014e-01;9.865320e-01;7.407407e-02;1.346801e-02;6.734007e-03;5.540541e-01;5.016949e-01;5445882880;-2.059829e+00;1.724960e+00;-3.846954e-01;-2.952386e-01;2.089496e-01;8.503999e+00;3.872054e-01;4.006734e-01;-4.917479e-01;4.771953e-02;5.985411e-01;5.394674e-01;5.508215e-01;1.090289e+00;-3.165720e+00;2.090163e+00;5.255883e+00;1.026185e+00;-8.491848e-01;6.536505e+00;2.121428e-01;1.180000e+00;3.000000e-02;3.270687e-01;9.865320e-01;8.754209e-01;9.090909e-02;1.010101e-02;5.135135e-01;4.813559e-01;1.006023e-01;-1.718797e+00;1.209630e+00;7.882297e-02;-5.269119e-01;2.885300e-01;2.980524e+02;3.872054e-01;4.006734e-01;-1.050670e+01;5.288967e-01;1.286945e+01;1.103559e+01;1.234055e+01;2.337614e+01;-8.817569e+01;9.240770e+01;1.805834e+02;3.360814e+01;-2.768786e-01;6.147314e+00;3.075000e-01;9.600000e-01;3.000000e-02;3.827124e-01;9.831650e-01;7.272727e-01;2.356902e-02;3.367003e-03;5.337838e-01;4.644068e-01;1.247051e+02;-1.587646e+00;1.080474e+00;2.005517e-01;-5.866339e-01;3.395599e-01;6.980681e-03;5.993266e-01;5.656565e-01;-8.150264e-05;-1.750313e-06;8.108300e-05;7.975233e-05;8.283331e-05;1.625856e-04;-2.192894e-03;2.415174e-03;4.608069e-03;6.506369e-04;-3.435087e-01;1.482420e+01;3.033333e-01;1.420000e+00;3.000000e-02;5.061181e-01;9.831650e-01;8.451179e-01;2.356902e-02;6.734007e-03;4.797297e-01;5.288135e-01;2.485118e-08;-2.052545e+00;1.816531e+00;-5.767877e-01;-3.410811e-01;3.105118e-01;1.584551e+00;4.074074e-01;4.208754e-01;-1.082764e-02;-1.696426e-03;8.206077e-03;9.131211e-03;9.902502e-03;1.903371e-02;-3.410785e-01;3.129605e-01;6.540390e-01;1.096035e-01;3.852123e-01;3.790194e+01;4.333333e-01;1.220000e+00;3.000000e-02;5.563173e-01;9.898990e-01;2.424242e-01;1.010101e-02;6.734007e-03;5.337838e-01;5.152543e-01;4.689626e-04;-2.270883e+00;2.383793e+00;-1.108465e+00;4.732531e-02;1.718277e-01;2.109694e-02;5.690235e-01;5.824916e-01;-1.040661e-04;3.443588e-06;1.010395e-04;1.075097e-04;9.759590e-05;2.051056e-04;-6.854195e-03;7.057941e-03;1.391214e-02;1.805202e-03;6.374156e-01;1.930919e+01;3.640000e-01;1.420000e+00;4.000000e-02;5.344380e-01;9.764310e-01;1.111111e-01;1.346801e-02;6.734007e-03;5.641892e-01;4.711864e-01;1.228365e-07;-2.345275e+00;2.532820e+00;-1.384948e+00;1.894100e-01;1.465931e-01;1.257102e+01;4.242424e-01;4.040404e-01;-4.903404e-01;8.074379e-02;5.626669e-01;5.710842e-01;4.819231e-01;1.053007e+00;-4.226832e+00;3.515946e+00;7.742779e+00;1.268624e+00;-2.432830e-01;1.014031e+01;4.366667e-01;1.210000e+00;4.000000e-02;5.468902e-01;9.831650e-01;5.050505e-01;1.346801e-02;6.734007e-03;4.932432e-01;5.389830e-01;9.282301e-02;-2.011166e+00;1.685431e+00;-3.970737e-01;-3.072220e-01;2.413012e-01;1.295300e+01;6.060606e-01;5.589225e-01;-5.727965e-01;9.462090e-02;7.234316e-01;6.674173e-01;6.288107e-01;1.296228e+00;-4.981057e+00;4.983715e+00;9.964772e+00;1.576505e+00;-4.075959e-02;7.490527e+00;2.055555e-01;1.270000e+00;3.000000e-02;3.786265e-01;9.595960e-01;4.680135e-01;3.030303e-02;1.010101e-02;5.067568e-01;4.881356e-01;1.742387e-01;-1.880861e+00;1.246893e+00;1.481982e-01;-6.481869e-01;2.737325e-01;9.881897e+00;6.363636e-01;4.074074e-01;-7.483710e-01;1.244919e-01;8.325609e-01;8.728629e-01;7.080690e-01;1.580932e+00;-3.612210e+00;3.369282e+00;6.981492e+00;1.357230e+00;-2.196036e-01;4.500750e+00;2.155555e-01;6.500000e-01;4.000000e-02;2.155154e-01;9.595960e-01;5.488216e-01;3.367003e-02;6.734007e-03;4.763514e-01;5.016949e-01;2.524933e-01;-1.634560e+00;1.065336e+00;4.878744e-02;-5.168296e-01;2.870975e-01;1.717298e+01;5.824916e-01;5.521886e-01;-8.914465e-01;9.829406e-02;1.261251e+00;9.897406e-01;1.162957e+00;2.152697e+00;-7.663643e+00;4.911616e+00;1.257526e+01;2.301543e+00;-1.243538e+00;7.420233e+00;1.747059e-01;7.600000e-01;4.000000e-02;2.129379e-01;9.730639e-01;9.090909e-01;1.818182e-01;2.020202e-02;4.898649e-01;5.118644e-01;3.816098e-01;-1.771029e+00;1.064721e+00;1.581051e-01;-6.437992e-01;3.448116e-01;9.985624e+00;5.050505e-01;6.228956e-01;-1.035447e+00;-4.437156e-02;1.023886e+00;9.910757e-01;1.068258e+00;2.059333e+00;-3.729579e+00;4.147740e+00;7.877318e+00;1.702309e+00;2.290317e-01;3.136990e+00;1.405263e-01;6.800000e-01;3.000000e-02;1.840902e-01;8.855219e-01;3.333333e-01;4.377104e-02;6.734007e-03;5.033784e-01;4.915254e-01;4.275661e-01;-1.582229e+00;1.051287e+00;1.000455e-01;-5.115659e-01;2.708146e-01;1.410062e+01;6.363636e-01;5.892256e-01;-1.208053e+00;1.246144e-01;1.338183e+00;1.332667e+00;1.213568e+00;2.546236e+00;-4.449842e+00;4.266769e+00;8.716612e+00;2.014266e+00;-4.577371e-01;4.691279e+00;9.156249e-02;3.400000e-01;3.000000e-02;7.284870e-02;9.898990e-01;8.922559e-01;2.356902e-01;4.377104e-02;4.966216e-01;5.254237e-01;5.151436e-01;-1.626227e+00;1.033127e+00;2.198988e-01;-6.657713e-01;3.584848e-01;1.133048e+01;5.488216e-01;6.228956e-01;-1.115514e+00;-4.382908e-02;1.042671e+00;1.071685e+00;1.086500e+00;2.158185e+00;-4.036171e+00;5.166023e+00;9.202194e+00;1.840892e+00;3.165446e-01;3.641797e+00;1.333333e-01;7.800000e-01;3.000000e-02;1.804008e-01;8.754209e-01;3.097643e-01;3.030303e-02;6.734007e-03;4.729730e-01;5.322034e-01;5.110985e-01;-1.544045e+00;9.441343e-01;2.305816e-01;-5.813360e-01;2.752526e-01;1.706437e+01;5.555556e-01;5.319865e-01;-1.382629e+00;-9.225654e-03;1.310542e+00;1.373403e+00;1.319768e+00;2.693171e+00;-5.590884e+00;6.344345e+00;1.193523e+01;2.291001e+00;3.360280e-01;4.745448e+00;2.588889e-01;6.500000e-01;3.000000e-02;2.384414e-01;9.225589e-01;3.299663e-01;2.020202e-02;6.734007e-03;4.898649e-01;4.711864e-01;6.127025e-01;-1.640719e+00;1.076533e+00;1.858417e-01;-6.338902e-01;3.630134e-01;1.677665e+01;4.545455e-01;4.343434e-01;-1.531396e+00;2.224207e-03;1.691650e+00;1.533620e+00;1.689425e+00;3.223046e+00;-5.933462e+00;6.848971e+00;1.278243e+01;2.524539e+00;2.769764e-01;4.295367e+00;1.238889e-01;4.200000e-01;3.000000e-02;1.059947e-01;8.653198e-01;2.558922e-01;2.020202e-02;6.734007e-03;4.662162e-01;4.949152e-01;7.972611e-01;-1.657315e+00;1.046335e+00;1.296143e-01;-6.076790e-01;3.249607e-01;1.555246e+01;4.242424e-01;4.814815e-01;-1.656452e+00;3.851881e-02;1.394419e+00;1.694971e+00;1.355900e+00;3.050870e+00;-4.665679e+00;5.556742e+00;1.022242e+01;2.408699e+00;2.933336e-01;3.462179e+00;1.342857e-01;5.900000e-01;3.000000e-02;1.469231e-01;8.249158e-01;2.424242e-01;1.346801e-02;6.734007e-03;4.763514e-01;5.016949e-01;7.997509e-01;-1.550121e+00;8.772868e-01;3.164593e-01;-6.443623e-01;3.318211e-01;1.485020e+01;4.208754e-01;5.656565e-01;-1.377097e+00;-4.162085e-02;1.421324e+00;1.335476e+00;1.462945e+00;2.798421e+00;-5.841004e+00;6.579110e+00;1.242011e+01;2.510184e+00;8.502945e-02;3.574283e+00;1.100000e-01;9.300000e-01;3.000000e-02;2.020683e-01;8.888889e-01;3.569024e-01;4.377104e-02;1.010101e-02;4.864865e-01;4.915254e-01;6.168237e-01;-1.739377e+00;1.269817e+00;8.662403e-03;-5.823488e-01;3.795478e-01;1.160951e+01;6.296296e-01;5.319865e-01;-1.545509e+00;2.539253e-02;1.294615e+00;1.570902e+00;1.269222e+00;2.840124e+00;-5.238485e+00;5.631895e+00;1.087038e+01;2.191763e+00;7.380950e-02;3.107093e+00;1.204545e-01;5.000000e-01;3.000000e-02;1.226405e-01;8.787879e-01;4.242424e-01;6.397306e-02;1.346801e-02;5.168919e-01;4.610170e-01;7.403620e-01;-1.539721e+00;8.928485e-01;1.844406e-01;-4.886684e-01;2.346109e-01;1.074953e+01;5.117845e-01;1.548821e-01;-1.202898e+00;-9.081836e-02;1.016782e+00;1.112080e+00;1.107601e+00;2.219680e+00;-3.997044e+00;5.488607e+00;9.485651e+00;1.799557e+00;5.303659e-01;3.853735e+00;1.338095e-01;6.100000e-01;3.000000e-02;1.327897e-01;8.350168e-01;2.659933e-01;3.367003e-02;1.683502e-02;4.932432e-01;5.288135e-01;5.427235e-01;-1.498956e+00;8.761412e-01;2.760844e-01;-6.441429e-01;3.317979e-01;1.007215e+01;3.501683e-01;4.242424e-01;-1.152926e+00;-1.933313e-01;1.200721e+00;9.595942e-01;1.394053e+00;2.353647e+00;-3.557988e+00;4.199243e+00;7.757231e+00;1.737928e+00;2.798065e-01;3.047702e+00;1.773333e-01;7.600000e-01;3.000000e-02;2.193161e-01;9.461280e-01;4.713805e-01;8.417509e-02;2.020202e-02;4.864865e-01;5.254237e-01;3.589080e-01;-1.580861e+00;1.043491e+00;2.896152e-01;-7.638763e-01;4.611319e-01;1.998335e+02;9.935786e-01;1.998335e+02;2.013584e+02;8.715271e+01;0;9.655172e-01;-1.906561e-02;4.387749e-01;5.509755e-02;1.937834e-03;-7.332496e-02;6.829420e-01;4.042977e-02;4.626879e-01;1.902141e+02;1.921124e+02;1.977528e+02;1.898392e+00;5.640320e+00;7.538712e+00;1.848705e+02;2.718612e+02;8.699072e+01;2.473392e+01;2.458170e+00;7.342698e+00;1.034483e-01;1.034483e-01;1.034483e-01;1.034483e-01;3.928571e-01;5.555556e-01;3.746577e+03;-9.809365e-01;3.007211e-03;1.908427e-01;-1.879523e-01;1.839735e-02;6.619599e-01;9.983493e-01;6.619599e-01;6.631014e-01;2.615566e-01;4.623288e-01;6.301370e-01;-3.628744e-05;4.281494e-01;2.209991e-02;-5.325751e-06;1.513506e-03;3.532428e-01;2.095442e-02;4.979388e-01;6.448531e-01;6.572784e-01;6.701503e-01;1.242530e-02;1.287192e-02;2.529722e-02;5.736239e-01;8.023263e-01;2.287024e-01;3.889134e-02;1.368444e+00;6.942760e+00;9.178082e-01;1.438356e-01;5.136986e-02;2.739726e-02;5.154639e-01;5.103448e-01;3.137403e-03;-1.035096e+00;1.622511e-02;2.742176e-02;-9.625317e-04;-3.814721e-03;3.200837e-02;5.274333e-01;3.200837e-02;4.449919e-02;1.012788e-01;8.333333e-01;4.583333e-01;1.062597e-02;1.777564e-01;8.775591e-02;2.221878e-03;-4.047723e-02;3.651348e-01;7.873539e-02;5.462939e-01;5.375458e-03;1.463169e-02;4.657934e-02;9.256228e-03;3.194765e-02;4.120388e-02;1.704701e-03;1.018946e-01;1.001899e-01;3.091346e-02;9.161391e-01;2.720930e+00;4.583333e-01;2.500000e-01;1.250000e-01;8.333334e-02;3.043478e-01;5.000000e-01;6.380766e-04;-1.046753e+00;2.828094e-01;1.612286e-01;-1.303624e-01;-5.550927e-02;2.362141e-02;4.413044e-01;2.362141e-02;3.565177e-02;8.463918e-02;8.095238e-01;2.857143e-01;1.849378e-02;7.874805e-02;8.699842e-02;4.269920e-03;-6.690463e-02;3.491763e-01;6.752235e-02;5.918931e-01;2.506565e-03;1.451105e-02;4.172529e-02;1.200448e-02;2.721424e-02;3.921873e-02;1.336783e-03;8.565300e-02;8.431622e-02;2.670351e-02;1.235029e+00;3.303564e+00;3.333333e-01;1.428571e-01;1.428571e-01;9.523810e-02;3.500000e-01;5.263158e-01;3.517802e-04;-1.145153e+00;4.448417e-01;7.170886e-03;1.076689e-02;-1.370658e-01;1.590479e-01;8.931414e-01;1.590479e-01;1.752059e-01;3.062023e-01;5.862069e-01;7.241379e-01;-2.339199e-03;3.917146e-01;5.722021e-02;6.666277e-05;-4.205757e-03;4.001141e-01;5.720286e-02;4.718882e-01;1.004524e-01;1.625164e-01;2.026793e-01;6.206395e-02;4.016292e-02;1.022269e-01;4.989026e-02;3.402127e-01;2.903225e-01;7.349062e-02;7.300622e-01;3.248903e+00;6.551724e-01;2.758621e-01;1.034483e-01;3.448276e-02;3.928571e-01;5.185185e-01;3.487068e-03;-1.113907e+00;1.290675e-01;2.712946e-01;1.163741e-01;-3.539118e-01;-8.930116e+01;8.730090e-01;7.627103e+00;9.418805e+01;1.125368e+02;4.760274e-01;0;-4.909264e-05;1.022127e-01;7.078618e-02;-1.562913e-05;4.498983e-03;-1.176110e-01;6.092104e-02;4.997500e-01;-100;-100;-100;0;0;0;-100;1.000073e+01;1.100007e+02;2.994479e+01;2.656623e+00;8.440463e+00;1.267123e-01;9.931507e-02;7.191781e-02;7.191781e-02;8.247422e-02;7.241379e-02;1.448686e+02;-1.354873e+00;3.256833e-01;2.440656e-01;-2.444731e-01;4.048164e-02;1.079419e-03;5.942385e-01;2.675244e-03;2.635424e-03;1.099531e-02;5.909091e-01;8.181818e-01;-8.410416e-03;3.921092e-01;4.496485e-02;-2.425482e-03;4.252470e-02;2.223255e-01;3.738760e-02;4.719312e-01;-4.703209e-04;4.245246e-04;2.377808e-03;8.948455e-04;1.953284e-03;2.848129e-03;-2.180642e-03;7.837937e-03;1.001858e-02;2.404228e-03;1.336654e+00;5.273535e+00;5.000000e-01;9.090909e-02;4.545455e-02;4.545455e-02;5.238096e-01;6.000000e-01;3.319767e-06;-7.913087e-01;1.086066e-01;5.732203e-02;9.331561e-02;2.908501e-02;1.696921e-05;3.419104e-01;1.246578e-04;3.111420e-04;4.605234e-03;0;1.712329e-02;-7.410577e-05;3.156954e-01;4.512122e-03;1.260968e-06;-4.410473e-04;3.334309e-01;4.447906e-03;2.139249e-01;-3.095304e-05;-2.439575e-06;4.325455e-05;2.851347e-05;4.569413e-05;7.420759e-05;-5.120545e-04;4.857127e-04;9.977672e-04;3.106790e-04;6.114426e+00;6.469170e+01;9.691781e-01;1.027397e-02;6.849315e-03;3.424658e-03;4.673539e-01;5.137931e-01;3.823308e-08;-8.607258e-01;1.036147e-01;3.915514e-01;-5.669417e-02;-7.211486e-02;-2.917621e-05;5.106588e-01;4.821184e-05;5.417539e-05;1.600996e-04;8.125000e-01;5.625000e-01;7.507720e-03;4.526043e-01;8.009634e-02;-2.933232e-03;5.150620e-02;3.499411e-01;7.702477e-02;5.216207e-01;-5.896202e-05;-2.137943e-05;-2.531599e-06;3.758259e-05;1.884783e-05;5.643042e-05;-1.085320e-04;4.907629e-05;1.576083e-04;4.564780e-05;-1.130561e-01;2.269495e+00;7.500000e-01;6.250000e-01;1.250000e-01;1.250000e-01;6.000000e-01;4.285714e-01;1.751724e-09;-6.769599e-01;4.333565e-01;-1.215476e-01;3.729094e-02;-2.203080e-01;-1.732819e-05;3.244450e-01;4.223010e-06;3.032599e-05;9.631053e-05;7.692308e-01;8.461539e-01;-2.301644e-02;8.760486e-01;5.935987e-02;-1.120479e-02;1.114355e-01;6.295432e-01;4.002558e-02;6.094555e-01;-2.622364e-05;-6.695155e-06;-4.194900e-07;1.952848e-05;6.275665e-06;2.580415e-05;-8.266062e-05;7.025109e-06;8.968573e-05;2.488774e-05;-1.686899e+00;5.346522e+00;9.230769e-01;8.461539e-01;6.153846e-01;3.076923e-01;5.833333e-01;3.636364e-01;7.294882e-10;-4.437495e-01;2.432074e-01;-3.226176e-01;1.088488e-01;-5.632131e-02;-6.990068e-05;7.314432e-01;8.878417e-05;1.868534e-04;6.441132e-04;2.727273e-01;6.818182e-01;-1.543771e-03;6.709962e-01;7.228149e-02;-8.530199e-04;1.636965e-02;6.112848e-01;7.134429e-02;4.578404e-01;-1.665022e-04;-4.416443e-05;5.392137e-05;1.223378e-04;9.808579e-05;2.204236e-04;-4.711605e-04;1.523662e-04;6.235266e-04;1.732861e-04;-7.792324e-01;2.883837e+00;9.090909e-01;7.272727e-01;4.090909e-01;1.818182e-01;4.761905e-01;4.000000e-01;1.348396e-08;-8.265259e-01;5.622866e-01;-1.480790e-01;1.969096e-01;-3.521385e-01;5.133402e-03;5.221555e-01;9.828592e-02;1.274617e-01;5.786272e-01;4.000000e-02;1.200000e-01;-3.585307e-03;5.831417e-01;4.576897e-02;5.388347e-05;-6.225597e-03;6.042641e-01;4.566836e-02;4.269922e-01;-9.092034e-02;3.223980e-03;9.583533e-02;9.414432e-02;9.261135e-02;1.867557e-01;-2.508015e-01;2.569681e-01;5.077696e-01;1.273583e-01;4.159831e-02;2.482142e+00;8.200000e-01;4.200000e-01;1.400000e-01;2.000000e-02;4.081633e-01;5.000000e-01;1.002261e-03;-1.850996e+00;1.526920e+00;-2.166497e-01;-4.500128e-01;3.703949e-01;9.863946e-02;6.250000e-02;1.100000e-01;2.000000e-02;3.191786e-02;2.027224e-01;8.239202e-01;2.474857e-01;2.625000e-01;1.602147e-01;5.005512e-01;7.530162e-01;4.791744e-01;2.764519e-01;2.363697e+00;2.297147e-01;1.837720e+00;1.186217e+00;3.006474e+00;1.924876e+00;-3.980907e-02;2.232035e-01;4.445935e-02;-1.856866e-01;5.061095e-01;-4.338672e-02;2.995322e-02;4.662158e-01;1.082654e+00;9.400153e-01;1.152171e+00;3.600000e-01;2.236515e-01;1.598850e+00;8.020847e-01;1.631030e+00;5.483757e-01;1.506510e+00;2.532313e-01;5.684704e+00;4.045904e+00;8.943636e+00;5.919437e+00;-6.325800e-02;4.261840e-01;3.619595e-02;-3.354663e-02;3.536911e-02;3.780211e-01;3.572249e-02;4.696733e-01;8.004892e-03;8.114642e-01;1.005286e-02;2.225000e-01;1.402453e-01;1.846882e-02;5.787956e-01;2.175047e-02;1.374557e-02;2.717147e+00;3.664316e-01;9.303706e-02;6.365914e-02;9.649421e-02;6.080571e-02;-2.922401e-02;2.148970e-01;3.570167e-02;-1.526210e-01;4.194818e-01;-4.220979e-03;2.590181e-02;4.696676e-01;8.181497e-02;8.436413e-01;1.006382e-01;6.400000e-01;5.800000e-01;1.541667e-01;4.244742e-01;3.170139e-01;2.351989e-01;3.874766e+00;3.537284e-02;2.192221e+00;2.364275e+00;2.819145e-01;5.632786e-02;-5.175120e-02;2.162531e-01;2.409332e-02;-8.565273e-02;2.000678e-01;9.328152e-02;2.100677e-02;4.418293e-01;1.326033e-01;9.874853e-01;1.342490e-01;1.166667e-01;7.273430e-02;7.048317e-02;7.108307e-01;1.537014e-01;2.109806e-02;1.159107e+00;5.182503e-01;7.518221e-01;4.714533e-01;8.569653e-01;4.112765e-01;-2.353820e-02;5.092214e-01;4.426400e-02;4.829755e-02;-1.655330e-01;5.785623e-01;4.328260e-02;4.939782e-01;2.769288e-01;9.861994e-01;2.807323e-01;1.145833e-01;6.624213e-02;1.543058e-01;6.264218e-01;3.229703e-01;4.604155e-02;1.166258e+00;5.191904e-01;1.486647e+00;6.975868e-01;1.581293e+00;6.073025e-01;-2.901018e-02;4.375974e-01;3.434600e-02;1.552028e-02;-7.463980e-02;4.598798e-01;3.424466e-02;4.919615e-01;4.307327e-01;9.725800e-01;4.427799e-01;1.290909e-01;7.651770e-02;3.296634e-01;6.523165e-01;5.075101e-01;7.677746e-02;1.178249e+00;8.283787e-01;2.736975e+00;9.222814e-01;2.251899e+00;1.153861e+00;-2.901638e-02;4.724155e-01;4.059272e-02;1.545711e-02;-7.446029e-02;4.946073e-01;4.049220e-02;4.899359e-01;5.794372e-01;9.574543e-01;6.086935e-01;2.400000e-01;1.448510e-01;7.884277e-01;7.134368e-01;7.481728e-01;1.687356e-01;1.291206e+00;6.238156e-01;3.049370e+00;2.504664e+00;2.788441e+00;2.256593e+00;-3.230411e-02;3.498132e-01;2.770558e-02;-1.005381e-02;-2.745896e-03;3.353789e-01;2.766306e-02;4.831593e-01;7.033479e-01;9.455184e-01;7.533004e-01;2.777778e-01;1.809372e-01;1.276630e+00;7.861164e-01;9.352188e-01;2.318709e-01;1.329668e+00;3.127913e-01;3.866747e+00;2.150239e+00;3.805844e+00;3.448240e+00;-3.194090e-02;3.047334e-01;2.685040e-02;-2.744039e-02;4.873386e-02;2.653372e-01;2.653361e-02;4.801754e-01;8.522757e-01;8.993357e-01;9.501730e-01;2.542857e-01;1.667456e-01;1.969034e+00;7.964347e-01;1.552170e+00;6.998939e-01;1.821206e+00;4.888421e-01;8.617362e+00;7.353564e+00;9.533854e+00;5.330800e+00;-4.212181e-02;3.373516e-01;2.758202e-02;-3.286967e-02;5.451501e-02;2.901606e-01;2.712747e-02;4.682675e-01;9.655731e-01;8.860905e-01;1.098411e+00;3.800000e-01;2.630589e-01;2.020418e+00;7.303530e-01;1.796927e+00;8.313543e-01;1.860996e+00;3.220008e-01;7.254467e+00;7.236252e+00;8.944592e+00;9.150318e+00;-3.384618e-02;2.978974e-01;3.499622e-02;-5.181552e-02;1.184915e-01;2.235059e-01;3.386666e-02;4.744671e-01;1.038999e+00;8.833438e-01;1.186327e+00;3.975000e-01;2.264536e-01;2.660467e+00;7.774798e-01;2.277982e+00;1.238983e+00;2.192478e+00;1.666580e-01;1.106056e+01;9.949254e+00;1.274064e+01;7.216826e+00;-2.732225e-02;2.701358e-01;2.745745e-02;-5.253422e-02;1.271284e-01;1.947125e-01;2.629633e-02;4.761840e-01;1.104367e+00;8.950655e-01;1.240861e+00;3.414285e-01;1.955160e-01;2.494799e+00;7.499420e-01;1.867945e+00;7.635778e-01;1.691417e+00;3.358221e-01;6.996865e+00;6.389440e+00;8.257765e+00;6.154936e+00;-3.476164e-02;2.954895e-01;2.804919e-02;-4.826257e-02;1.071303e-01;2.261989e-01;2.706922e-02;4.725638e-01;1.151523e+00;9.092270e-01;1.260979e+00;3.500000e-01;2.413849e-01;1.989654e+00;7.153820e-01;1.897875e+00;7.463514e-01;1.648143e+00;4.104080e-01;7.582560e+00;5.117302e+00;5.701188e+00;3.169408e+00;-4.647089e-02;3.612405e-01;3.257107e-02;-4.820804e-02;9.526075e-02;2.920282e-01;3.159331e-02;4.707130e-01;1.262303e+00;8.833738e-01;1.438010e+00;3.860000e-01;2.850824e-01;3.479111e+00;7.822938e-01;2.621491e+00;1.359188e+00;2.076753e+00;2.583593e-01;2.121411e+01;1.927383e+01;1.298978e+01;8.308210e+00;-3.634940e-02;2.702017e-01;2.303049e-02;-4.198970e-02;8.710032e-02;2.099171e-01;2.228871e-02;4.668227e-01;1.278303e+00;9.038575e-01;1.444307e+00;6.966666e-01;4.014695e-01;4.230500e+00;8.015512e-01;2.896724e+00;1.618421e+00;2.266071e+00;8.090167e-02;8.579282e+00;7.316734e+00;8.279617e+00;7.916144e+00;-2.438145e-02;2.170988e-01;1.579385e-02;-4.114556e-02;9.658647e-02;1.580261e-01;1.508160e-02;4.735581e-01;1.303676e+00;9.433987e-01;1.380835e+00;2.660000e-01;1.648029e-01;1.927621e+00;7.115179e-01;1.904494e+00;6.008179e-01;1.460864e+00;4.650191e-01;1.086330e+01;9.348504e+00;1.096306e+01;1.045697e+01;-4.837488e-02;3.839016e-01;2.652417e-02;-4.024053e-02;6.993229e-02;3.261282e-01;2.584290e-02;4.735923e-01;1.350819e+00;9.448459e-01;1.426105e+00;2.070000e-01;1.305718e-01;1.861361e+00;7.718486e-01;1.873222e+00;5.224028e-01;1.386730e+00;4.018878e-01;8.777225e+00;4.678695e+00;1.055160e+01;9.114750e+00;-5.656586e-02;4.360713e-01;3.362792e-02;-3.390193e-02;4.310580e-02;3.873983e-01;3.314438e-02;4.734800e-01;1.417892e+00;9.387611e-01;1.506227e+00;2.775000e-01;1.537652e-01;1.979398e+00;6.941212e-01;2.135484e+00;7.175922e-01;1.506098e+00;3.498602e-01;7.646617e+00;4.826509e+00;9.711515e+00;7.646240e+00;-5.381938e-02;3.793274e-01;2.966327e-02;-2.644227e-02;2.392088e-02;3.413642e-01;2.936911e-02;4.716961e-01;1.474358e+00;9.318208e-01;1.593473e+00;4.375000e-01;2.628569e-01;3.047395e+00;7.483100e-01;2.676021e+00;1.201663e+00;1.815042e+00;1.959844e-01;1.190472e+01;1.053227e+01;1.125426e+01;6.170652e+00;-2.834216e-02;2.773658e-01;2.145205e-02;-3.697511e-02;8.036466e-02;2.242807e-01;2.087686e-02;4.790603e-01;1.577816e+00;9.039516e-01;1.769322e+00;4.550000e-01;2.773536e-01;3.787919e+00;7.761961e-01;3.256286e+00;1.678470e+00;2.063793e+00;1.759560e-01;1.194499e+01;1.122095e+01;1.821036e+01;1.075268e+01;-4.367672e-02;2.980573e-01;2.553171e-02;-1.195536e-02;-8.527966e-03;2.808930e-01;2.547158e-02;4.650958e-01;1.614535e+00;8.994027e-01;1.841153e+00;4.050000e-01;2.158124e-01;3.927917e+00;7.709411e-01;2.924137e+00;1.309602e+00;1.811132e+00;1.452495e-01;8.339469e+00;5.726018e+00;1.439678e+01;5.507823e+00;-5.688917e-02;3.281774e-01;2.782097e-02;1.443270e-02;-9.932131e-02;3.488984e-01;2.773334e-02;4.541725e-01;1.604014e+00;9.196659e-01;1.776605e+00;5.100000e-01;3.371943e-01;3.216175e+00;7.533038e-01;3.084724e+00;1.480710e+00;1.923128e+00;1.860296e-01;1.387457e+01;1.204667e+01;1.349592e+01;7.767651e+00;-5.125554e-02;3.228984e-01;3.010422e-02;9.297148e-03;-7.858916e-02;3.362464e-01;3.006786e-02;4.647670e-01;1.622883e+00;8.913224e-01;1.843693e+00;4.675000e-01;2.721787e-01;4.220353e+00;7.973581e-01;3.343229e+00;1.720347e+00;2.060056e+00;1.185107e-01;1.214488e+01;1.251412e+01;1.995378e+01;1.291939e+01;-4.642784e-02;2.800760e-01;2.575980e-02;-1.786883e-02;6.106512e-03;2.544218e-01;2.562547e-02;4.610811e-01;1.538024e+00;8.886025e-01;1.740238e+00;4.850000e-01;3.067980e-01;3.349623e+00;7.714260e-01;3.133771e+00;1.595747e+00;2.037530e+00;8.795460e-02;1.387596e+01;1.179712e+01;1.603592e+01;8.621063e+00;-5.454303e-02;3.323168e-01;3.300278e-02;-3.010505e-02;3.396581e-02;2.890950e-01;3.262147e-02;4.604509e-01;1.310876e+00;9.424706e-01;1.392592e+00;2.700000e-01;2.360320e-01;2.038181e+00;7.923936e-01;1.916854e+00;6.059778e-01;1.462269e+00;5.300692e-01;1.092034e+01;9.596573e+00;1.014298e+01;6.515559e+00;-5.213661e-02;3.701093e-01;3.141946e-02;-2.483039e-02;2.086475e-02;3.344603e-01;3.116006e-02;4.731562e-01;1.146201e+00;9.379107e-01;1.227304e+00;4.240000e-01;2.947677e-01;1.713219e+00;6.725145e-01;1.854162e+00;7.079608e-01;1.617658e+00;2.725545e-01;6.970899e+00;4.872584e+00;8.973001e+00;4.139190e+00;-5.764828e-02;4.019786e-01;2.725217e-02;1.369138e-02;-9.790094e-02;4.216354e-01;2.717331e-02;4.668078e-01;9.644102e-01;9.304542e-01;1.047455e+00;3.400000e-01;2.034207e-01;1.552969e+00;6.991848e-01;1.551165e+00;5.867543e-01;1.608407e+00;2.204219e-01;5.862847e+00;4.215384e+00;8.650012e+00;5.303230e+00;-5.949271e-02;3.902598e-01;3.129979e-02;1.270051e-02;-9.683222e-02;4.084939e-01;3.123192e-02;4.646223e-01;8.030419e-01;9.127764e-01;8.968921e-01;4.950000e-01;3.018692e-01;1.712158e+00;7.479019e-01;1.607554e+00;8.045125e-01;2.001831e+00;1.224985e-01;6.154841e+00;5.240621e+00;8.672995e+00;6.976070e+00;-5.020449e-02;3.234767e-01;2.861382e-02;6.475381e-03;-6.924211e-02;3.327734e-01;2.859618e-02;4.631216e-01;6.440765e-01;9.206412e-01;7.266996e-01;4.366667e-01;2.939199e-01;2.292650e+00;8.158708e-01;1.577600e+00;9.335237e-01;2.449399e+00;6.294193e-02;5.705245e+00;5.546068e+00;7.044980e+00;5.260270e+00;-2.544672e-02;1.749822e-01;1.387325e-02;-8.313753e-03;-1.004289e-03;1.630462e-01;1.384417e-02;4.710123e-01;5.212757e-03;3.384346e-01;1.037462e-02;1.375000e-01;1.004365e-01;3.124128e-02;7.763339e-01;2.615528e-02;2.094252e-02;5.017552e+00;6.352417e-01;2.477390e-01;1.720456e-01;4.451944e-01;3.457449e-01;-5.319920e-02;2.015405e-01;4.763188e-02;-1.296069e-01;3.278452e-01;1.546380e-02;4.056469e-02;3.973441e-01;1.825433e-03;7.578773e-02;6.215034e-03;1.333333e-01;6.280481e-02;3.763661e-02;8.334170e-01;2.414952e-02;2.232409e-02;1.208224e+01;5.324036e-01;2.012206e-01;2.486023e-01;1.702736e-01;8.381656e-02;5.735723e-03;3.165624e-02;1.728267e-02;-5.912033e-02;1.795495e-01;-5.322282e-02;1.581217e-02;5.331874e-01;2.358757e+02;8.447728e-01;3.341577e+02;3.150000e-01;1.998124e-01;1.927083e+03;8.333334e-01;1.218750e+03;9.828743e+02;5.166916e+00;3.153153e-02;3.243044e+03;2.934901e+03;8.643831e+03;7.976432e+02;-4.530315e-03;6.361482e-02;1.046149e-02;-4.813825e-02;1.369961e-01;-5.497264e-03;9.486561e-03;4.873866e-01;3.490113e+02;7.751357e-01;6.427734e+02;3.150000e-01;2.107724e-01;5.156250e+03;8.669001e-01;2.687500e+03;2.338489e+03;7.700325e+00;1.926445e-02;6.446605e+03;5.438621e+03;1.696654e+04;2.678837e+03;-4.160895e-03;4.202734e-02;8.222820e-03;-3.472030e-02;9.791677e-02;-7.820584e-03;7.715645e-03;4.808730e-01;5.690678e+02;7.000773e-01;9.936271e+02;3.250000e-01;2.503497e-01;6000;8.520710e-01;2.793750e+03;2.224682e+03;4.909345e+00;5.029586e-02;3.143707e+04;4.773329e+04;1.222691e+04;9.558876e+03;-1.744912e-02;7.687877e-02;1.315937e-02;-4.688497e-02;1.203927e-01;9.566013e-03;1.223454e-02;4.452263e-01;9.104520e+02;6.744303e-01;1.435434e+03;2.057143e-01;1.282456e-01;7.104167e+03;9.701280e-01;3.246094e+03;2.335642e+03;3.565365e+00;4.466572e-01;3.685884e+04;3.705415e+04;3.712589e+04;3.286432e+04;-3.873710e-02;1.471333e-01;2.187769e-02;-7.214075e-02;1.733567e-01;4.356080e-02;1.968816e-02;4.217120e-01;4.912865e-02;8.411421e-01;5.898528e-02;2.540000e-01;1.691685e-01;1.443551e-01;7.899933e-01;8.684479e-02;3.771615e-02;1.767702e+00;3.489918e-01;7.258152e-01;7.733347e-01;5.929877e-01;4.974246e-01;-2.114292e-02;2.600039e-01;3.159066e-02;-1.456263e-01;4.069984e-01;5.092823e-02;2.266850e-02;4.789732e-01;5.008353e+02;7.896321e-01;7.222792e+02;4.333333e-01;3.215068e-01;3.678967e+03;7.988632e-01;2.162716e+03;1.661880e+03;4.318217e+00;5.976726e-02;1.039413e+04;8.999233e+03;5.638683e+03;4.769803e+03;-2.034786e-02;9.531569e-02;1.247071e-02;-5.862913e-02;1.520218e-01;1.114186e-02;1.102455e-02;4.523098e-01;3.761032e+00;9.869003e-01;3.813509e+00;1.121739e-01;7.183657e-02;2.616344e+00;8.189855e-01;4.235517e+00;4.744854e-01;1.126158e+00;5.545553e-01;2.250146e+01;1.199411e+01;1.559041e+01;8.577052e+00;-3.496118e-02;3.825057e-01;3.806255e-02;-1.374745e-01;3.692139e-01;1.851336e-01;3.011130e-02;4.910049e-01;6.485916e+05;4.696203e-01;1.401022e+06;4.333333e-01;3.219386e-01;8274247;8.690211e-01;4.497480e+06;3848889;6.934226e+00;1.715860e-01;46082364;57188320;21948282;19373258;-3.328885e-02;1.121358e-01;1.620785e-02;-4.476807e-02;9.832928e-02;4.786232e-02;1.536466e-02;3.781723e-01;9.205398e+00;8.106372e-01;1.053356e+01;1.583333e-01;1.404193e-01;1.645905e+01;7.246549e-01;1.586865e+01;6.663253e+00;1.723842e+00;6.605690e-01;1.494536e+02;8.976199e+01;1.225872e+02;8.281841e+01;5.500852e-02;3.565241e-01;4.862474e-02;2.086413e-01;-5.583968e-01;6.560704e-01;3.031042e-02;5.315546e-01;1.478378e+02;5.453641e-01;1.975312e+02;1.583333e-01;1.559529e-01;5.497148e+02;8.797838e-01;3.627013e+02;2.148635e+02;2.453374e+00;4.220942e-01;5.883722e+03;3.952411e+03;4.429769e+03;2.794737e+03;4.307229e-02;1.702625e-01;4.261477e-02;1.827249e-01;-4.941390e-01;4.326007e-01;2.856769e-02;5.430568e-01;-2.057909e-03;4.389195e-01;3.926705e-03;4.025000e-01;3.121798e-01;3.768059e-03;1.774295e-01;-1.274227e-03;7.836821e-04;6.191853e-01;7.107743e-01;5.469189e-02;3.964977e-02;8.292744e-02;5.039632e-02;1.307175e-02;8.740326e-01;2.467392e-02;1.029291e-01;-2.895398e-01;1.021808e+00;2.021667e-02;4.650832e-01;4.427362e-01;8.491054e-01;5.735374e-01;4.333333e-01;3.215068e-01;2.472754e+00;7.709177e-01;1.598532e+00;1.155796e+00;3.610575e+00;7.372174e-02;7.534451e+00;6.348794e+00;4.007391e+00;3.280148e+00;-1.850242e-02;1.026771e-01;1.267215e-02;-6.540289e-02;1.737821e-01;8.778154e-03;1.087252e-02;4.653523e-01;4.089697e-03;2.994296e-01;9.381579e-03;2.225000e-01;1.286711e-01;5.150075e-02;8.457587e-01;2.497774e-02;2.088805e-02;6.107481e+00;1.223327e-01;1.491480e-01;1.467324e-01;1.473556e-01;1.035594e-01;-7.435055e-03;7.528064e-02;1.918573e-02;-8.204868e-02;2.337881e-01;-4.251665e-02;1.635346e-02;4.710909e-01;2.197678e+01;9.325421e-01;2.289716e+01;2.409091e-01;1.904041e-01;9.453913e+00;2.581246e-01;2.893163e+01;6.954855e+00;1.316464e+00;8.581323e-01;1.238905e+02;8.122572e+01;1.202098e+02;1.119406e+02;6.493054e-02;5.808231e-01;2.773173e-02;2.135944e-02;2.133793e-03;6.114888e-01;2.753979e-02;5.247664e-01;1.356442e+01;8.820167e-01;1.762061e+01;4.066667e-01;2.492879e-01;2.764993e+01;4.756607e-01;1.851857e+01;4.954148e+00;1.365231e+00;7.653340e-01;1.435863e+02;1.074179e+02;1.413963e+02;1.010070e+02;-1.939779e-02;7.587386e-01;3.716152e-02;1.497337e-01;-4.596150e-01;9.737113e-01;2.772895e-02;4.930316e-01;9.138947e+00;7.765343e-01;1.248417e+01;1.706250e-01;9.558005e-02;3.264162e+01;7.468947e-01;1.472683e+01;5.587879e+00;1.611436e+00;7.171346e-01;1.277936e+02;8.413799e+01;1.678229e+02;6.129586e+01;-1.384869e-02;6.258633e-01;3.773297e-02;1.579682e-01;-4.782751e-01;8.526582e-01;2.723441e-02;4.987403e-01;3.425167e+00;7.847258e-01;1.349875e+01;2.610000e-01;1.547288e-01;2.717732e+01;3.841929e-01;1.597068e+01;1.254551e+01;4.662743e+00;7.102400e-01;1.933993e+02;1.135346e+02;2.119000e+02;1.562236e+02;3.205293e-02;6.258788e-01;3.332479e-02;1.151332e-01;-3.064386e-01;7.911755e-01;2.774790e-02;5.124592e-01;2.346707e+00;5.699281e-01;9.503422e+00;1.272727e-01;8.359683e-02;3.417652e+01;6.548148e-01;9.526081e+00;7.179374e+00;4.059340e+00;6.979097e-01;2.901241e+02;1.589314e+02;2.161293e+02;1.324599e+02;4.340718e-02;3.750757e-01;2.976638e-02;-7.275113e-02;2.572955e-01;2.706269e-01;2.753964e-02;4.727219e-01;-2.940373e+00;5.762617e-01;9.560605e+00;1.277273e-01;7.751966e-02;3.796896e+01;8.030375e-01;2.614574e+00;5.554947e+00;-8.891978e-01;5.620345e-01;2.761166e+02;1.308249e+02;2.696560e+02;1.686046e+02;-2.110440e-02;5.800000e-01;3.669656e-02;8.326576e-02;-2.659057e-01;6.995447e-01;3.377965e-02;4.520816e-01;-6.764732e+00;6.375001e-01;1.051074e+01;1.033333e-01;6.216267e-02;3.952746e+01;8.213057e-01;-2.322289e+00;4.442444e+00;3.432935e-01;6.481800e-01;2.884998e+02;1.482062e+02;2.421679e+02;1.065943e+02;5.751695e-02;3.602189e-01;2.553988e-02;1.963096e-02;-1.980806e-04;3.884031e-01;2.537775e-02;4.294867e-01;-5.620306e+00;7.331792e-01;1.158773e+01;1.588889e-01;1.069874e-01;4.786528e+01;7.359053e-01;4.544192e+00;1.016450e+01;-8.085310e-01;5.838062e-01;3.273501e+02;1.736156e+02;2.221729e+02;1.384133e+02;2.221346e-02;3.464440e-01;2.391503e-02;-6.128959e-02;2.024048e-01;2.584505e-01;2.233464e-02;4.763799e-01;-9.542238e+00;7.131499e-01;1.513233e+01;1.365000e-01;8.043786e-02;3.350643e+01;4.231540e-01;-1.228862e-01;9.419352e+00;1.287813e-02;6.951033e-01;2.801878e+02;1.273217e+02;3.058146e+02;1.481039e+02;-1.902462e-02;6.541193e-01;2.173681e-02;4.821073e-02;-1.607642e-01;7.233354e-01;2.075895e-02;5.018872e-01;-2.668078e-01;5.979834e-01;1.317317e+01;1.323809e-01;7.673318e-02;4.607042e+01;7.846953e-01;8.658770e+00;8.925577e+00;-1.646097e+01;6.995938e-01;3.123535e+02;1.624370e+02;3.159326e+02;1.399962e+02;2.527107e-02;2.793270e-01;4.985910e-02;-1.422392e-01;4.434543e-01;7.511424e-02;4.134715e-02;4.899747e-01;-6.479879e+00;6.253347e-01;1.138163e+01;1.286364e-01;7.628919e-02;2.199085e+01;3.798537e-01;2.775947e+00;9.255826e+00;-4.283949e-01;7.692066e-01;3.031527e+02;1.554674e+02;3.342029e+02;1.412818e+02;-3.704159e-02;7.154382e-01;2.512765e-02;6.235515e-02;-2.203657e-01;8.049614e-01;2.349183e-02;5.263530e-01;-7.711619e+00;6.918211e-01;1.110372e+01;1.304762e-01;7.138887e-02;2.243352e+01;4.438912e-01;1.553072e+00;9.264691e+00;-2.013938e-01;6.130539e-01;2.540652e+02;1.590779e+02;2.809570e+02;1.274607e+02;-6.616318e-05;5.576700e-01;2.498844e-02;6.867302e-02;-2.019649e-01;6.562639e-01;2.300434e-02;4.982611e-01;-2.004254e+00;6.237859e-01;7.307719e+00;1.014815e-01;6.248621e-02;3.024620e+01;7.527625e-01;3.549628e+00;5.553882e+00;-1.771047e+00;3.798239e-01;2.799248e+02;1.224950e+02;2.548078e+02;1.476434e+02;1.577443e-02;3.215480e-01;3.040927e-02;-7.900993e-02;2.480636e-01;2.081135e-01;2.778292e-02;4.668832e-01;-5.370836e+00;5.443886e-01;8.373358e+00;8.967742e-02;5.215642e-02;1.817329e+01;5.295793e-01;-4.143359e-01;4.956500e+00;7.714551e-02;6.763185e-01;2.594503e+02;1.123109e+02;2.478974e+02;1.279767e+02;6.744090e-02;5.101525e-01;3.174453e-02;1.273177e-01;-3.068731e-01;6.929425e-01;2.492479e-02;4.312504e-01;3.059593e-01;9.541172e-03;2.007320e-02;2.425000e-01;3.152479e-01;8.311531e-02;4.571551e-01;2.683765e-02;2.686744e-02;-1.999981e+01;5.653487e-01;1.044468e+00;7.432615e-01;1.526279e+00;7.389270e-01;4.119537e-01;3.576861e-02;6.724470e-02;2.200000e-01;1.392839e-01;4.285929e-01;7.581769e-01;1.012605e-01;1.013390e-01;-1.999998e+01;4.732780e-01;2.896970e+00;2.036865e+00;3.314490e+00;2.511212e+00;4.831647e-01;5.247431e-04;9.486479e-04;2.061538e-01;1.537500e-01;4.493630e-03;5.382741e-01;8.912296e-04;8.913550e-04;-20;4.846343e-01;3.244427e-02;2.739969e-02;4.420294e-02;3.613680e-02;4.566880e-01;6.386521e-03;1.170621e-02;4.325000e-01;1.997655e-01;6.916668e-02;5.076452e-01;2.441667e-02;2.436109e-02;1.999257e+01;3.685015e-01;1.664162e-01;1.226247e-01;5.619604e-01;6.579939e-01;6.446015e-01;5.465235e-03;7.217701e-03;9.689655e-02;5.161367e-02;2.658320e-02;5.854914e-01;8.755827e-03;8.734965e-03;1.999100e+01;5.040317e-01;3.673221e-01;2.139268e-01;4.140200e-01;2.346209e-01;6.597134e-01;1.072153e-02;1.397023e-02;1.010714e-01;5.786044e-02;4.050564e-02;5.366084e-01;1.708943e-02;1.712978e-02;-1.999134e+01;4.602373e-01;7.039580e-01;3.196783e-01;7.461582e-01;3.448965e-01;6.797039e-01;1.978963e-02;2.320003e-02;1.051852e-01;5.811983e-02;5.806722e-02;5.053648e-01;2.947113e-02;2.947775e-02;-20;5.240269e-01;1.240682e+00;5.858275e-01;1.150585e+00;6.088924e-01;6.071461e-01;2.526458e-02;3.484799e-02;1.259091e-01;7.103863e-02;1.277276e-01;4.990407e-01;3.865717e-02;3.868623e-02;-1.999998e+01;4.606181e-01;1.313711e+00;6.959378e-01;1.287532e+00;7.668967e-01;5.851386e-01;3.371237e-02;5.145738e-02;1.176190e-01;6.759389e-02;3.128126e-01;6.721486e-01;5.701692e-02;5.678410e-02;1.993614e+01;3.329639e-01;2.115152e+00;1.225315e+00;1.693567e+00;8.083063e-01;4.335625e-01;5.347738e-02;8.468604e-02;1.618750e-01;9.361866e-02;3.058721e-01;4.632204e-01;1.098217e-01;1.096250e-01;1.999747e+01;5.209456e-01;2.908903e+00;2.567537e+00;4.355906e+00;3.526471e+00;5.135167e-01;5.833544e-02;1.020802e-01;1.916667e-01;1.200116e-01;4.669739e-01;5.089406e-01;1.234177e-01;1.232686e-01;1.999968e+01;4.224985e-01;2.649635e+00;2.677685e+00;3.341276e+00;3.079679e+00;4.328853e-01;5.782541e-02;1.127621e-01;3.457143e-01;2.343249e-01;4.779117e-01;5.064703e-01;1.730987e-01;1.726775e-01;1.999019e+01;3.826693e-01;2.405558e+00;2.084302e+00;4.868090e+00;5.218127e+00;5.120302e-01;5.695949e-02;1.020585e-01;1.706250e-01;1.170253e-01;6.267658e-01;8.078139e-01;8.830357e-02;8.831989e-02;-20;4.063671e-01;2.361898e+00;1.462072e+00;3.862839e+00;2.945374e+00;5.526072e-01;5.562601e-02;9.121165e-02;1.657143e-01;1.022103e-01;6.268473e-01;7.096277e-01;1.166880e-01;1.171005e-01;-1.996028e+01;3.496484e-01;3.183464e+00;2.142148e+00;3.841046e+00;4.204020e+00;4.445962e-01;7.909054e-02;1.448867e-01;2.900000e-01;2.914741e-01;7.634805e-01;5.229648e-01;2.698682e-01;2.698976e-01;-20;4.162292e-01;7.231666e+00;6.922387e+00;9.502969e+00;7.879508e+00;4.263649e-01;6.787049e-02;1.506766e-01;2.600000e-01;1.795828e-01;8.075247e-01;4.549179e-01;3.209777e-01;3.211871e-01;-2.000000e+01;4.312863e-01;3.781791e+00;3.264918e+00;1.176385e+01;1.228089e+01;5.042118e-01;5.841137e-02;1.089080e-01;1.633333e-01;9.587029e-02;3.626748e-01;4.118242e-01;1.464880e-01;1.466847e-01;-1.999942e+01;5.287442e-01;4.476856e+00;3.975274e+00;5.311989e+00;5.653283e+00;5.381763e-01;6.090429e-02;1.029716e-01;1.204545e-01;7.146779e-02;2.908206e-01;3.800004e-01;1.035558e-01;1.038719e-01;-1.997638e+01;6.579790e-01;3.853346e+00;2.334550e+00;4.365638e+00;3.820481e+00;5.504637e-01;6.528751e-02;1.066089e-01;1.623529e-01;8.595283e-02;2.514498e-01;2.912145e-01;1.251551e-01;1.252658e-01;-1.999995e+01;7.144008e-01;3.086122e+00;2.579895e+00;5.090510e+00;4.321588e+00;4.648933e-01;6.802531e-02;1.244875e-01;2.120000e-01;1.254671e-01;6.562580e-01;5.855708e-01;1.661101e-01;1.663973e-01;-1.999786e+01;3.363635e-01;3.474701e+00;3.023922e+00;3.637472e+00;3.250636e+00;3.972251e-01;9.133912e-02;1.650941e-01;1.942857e-01;1.009344e-01;7.659258e-01;4.819000e-01;3.089455e-01;3.091781e-01;-1.999998e+01;4.388340e-01;5.095686e+00;3.119223e+00;9.574686e+00;8.210071e+00;4.721352e-01;8.393803e-02;1.344183e-01;2.300000e-01;1.333042e-01;5.967302e-01;5.772569e-01;2.098125e-01;2.102613e-01;-1.999431e+01;3.636382e-01;3.605633e+00;2.414429e+00;5.707283e+00;4.151747e+00;4.186948e-01;7.581768e-02;1.493623e-01;2.616667e-01;2.117454e-01;7.893640e-01;5.368359e-01;2.987170e-01;2.988869e-01;-2.000000e+01;4.589231e-01;4.490571e+00;3.765393e+00;8.680762e+00;7.443422e+00;3.959858e-01;8.381408e-02;1.778223e-01;3.960000e-01;3.040066e-01;9.394109e-01;5.187085e-01;3.506062e-01;3.506521e-01;-20;4.124991e-01;4.194695e+00;3.521365e+00;1.164143e+01;8.214313e+00;4.033393e-01;7.908537e-02;1.581412e-01;1.912500e-01;1.080292e-01;7.324636e-01;5.188038e-01;2.637108e-01;2.637877e-01;-20;4.430032e-01;4.933516e+00;3.337103e+00;8.412867e+00;5.782831e+00;4.730125e-01;6.544090e-02;1.081932e-01;1.690909e-01;8.260229e-02;6.002332e-01;7.369905e-01;1.472506e-01;1.476125e-01;-1.998978e+01;3.619741e-01;3.805753e+00;2.895818e+00;6.071239e+00;4.479490e+00;4.246052e-01;4.531755e-02;8.016833e-02;2.009091e-01;1.257934e-01;3.368892e-01;5.020516e-01;1.212605e-01;1.212599e-01;20;4.211964e-01;2.561877e+00;1.679619e+00;4.237513e+00;4.315461e+00;3.972216e-01;3.846904e-02;7.484727e-02;2.000000e-01;1.191638e-01;4.142613e-01;5.380208e-01;1.357323e-01;1.358876e-01;-1.999977e+01;3.597440e-01;2.343835e+00;1.253232e+00;4.852738e+00;4.446032e+00;3.686488e-01;4.219499e-02;8.292631e-02;5.100000e-01;1.868823e-01;4.767352e-01;5.096462e-01;2.048629e-01;2.047791e-01;20;3.091969e-01;9.789678e-01;5.491700e-01;7.272759e+00;5.589424e+00;3.211486e-01;3.508549e-02;8.992762e-02;3.600000e-01;1.705139e-01;6.144332e-01;5.129918e-01;1.949444e-01;1.949431e-01;20;4.319989e-01;1.679664e+00;9.815845e-01;7.038886e+00;8.324789e+00;2.433931e-01;7.505436e-04;1.588627e-03;2.220000e-01;3.082012e-01;4.592678e-03;3.344592e-01;2.724846e-03;2.726261e-03;-20;6.619205e-01;9.399807e-02;1.090050e-01;1.410357e-01;7.990871e-02;2.441329e-02;3.844148e-04;1.369441e-03;1.250000e-01;5.678908e-02;6.119729e-03;3.423268e-01;3.312329e-03;3.312343e-03;-20;5.727977e-01;9.431924e-02;7.883479e-02;2.042499e-01;1.670235e-01;2.753310e-01;2.529438e+01;8.334129e+01;3.150000e-01;2.035313e-01;5.875000e+02;4.372093e-01;2.965278e+02;2.966984e+02;-2.000000e+01;4.155039e-01;1.932421e+03;1.751891e+03;1.703342e+04;1.968260e+04;2.041584e-01;5.200730e+01;1.941749e+02;6.300000e-01;4.000000e-02;1.437500e+03;4.610758e-01;9.114584e+02;9.117179e+02;-20;4.129636e-01;1.458418e+03;8.050084e+02;4.388021e+04;3.406250e+04;2.014388e-01;8.854939e+01;2.603822e+02;3.250000e-01;1.757128e-01;1.726042e+03;4.710062e-01;6.197917e+02;6.199943e+02;-20;4.286526e-01;5.850697e+03;6.331854e+03;2.819896e+04;3.172172e+04;2.709424e-01;1.217273e+02;2.919113e+02;2.875000e-01;1.796698e-01;1.671875e+03;4.528781e-01;7.833334e+02;7.834578e+02;-20;4.226862e-01;7.529815e+03;8.507515e+03;3.057014e+04;3.217204e+04;5.615262e-01;3.874906e-03;5.731011e-03;1.177273e-01;7.124773e-02;2.424981e-02;4.409125e-01;7.028982e-03;6.968717e-03;1.954040e+01;5.657979e-01;2.970910e-01;1.899965e-01;3.190879e-01;2.234074e-01;2.701048e-01;5.704486e+01;1.593421e+02;4.900000e-01;2.354782e-01;1.126447e+03;4.926117e-01;3.560688e+02;3.561848e+02;-20;4.446256e-01;2.462346e+03;2.029683e+03;14645;2.049429e+04;6.291434e-01;1.214901e-01;1.496637e-01;1.022222e-01;5.582527e-02;5.559843e-01;5.089866e-01;1.897880e-01;1.902640e-01;-1.998890e+01;4.013756e-01;8.390717e+00;4.314880e+00;7.838744e+00;4.421424e+00;2.536225e-01;1.212591e+05;3.394374e+05;4.333333e-01;2.537059e-01;2.189486e+06;4.773652e-01;9.323971e+05;9.322106e+05;20;4.169264e-01;6222041;6460949;35770848;32730762;5.797208e-01;6.727607e-01;1.023242e+00;1.183333e-01;8.134290e-02;2.975530e+00;3.498978e-01;1.330492e+00;1.329930e+00;20;5.749344e-01;5.658345e+01;3.288813e+01;5.728740e+01;4.562114e+01;4.090758e-01;2.051362e+01;3.352296e+01;1.670588e-01;2.138015e-01;1.195354e+02;4.010550e-01;5.795824e+01;5.789324e+01;1.999979e+01;4.983568e-01;2.374629e+03;1.123266e+03;2.540849e+03;1.738706e+03;2.904774e-01;3.090001e-04;6.550123e-04;1.740000e-01;1.214249e-01;2.506683e-03;3.590886e-01;1.807269e-03;1.807255e-03;20;5.781310e-01;5.141498e-02;3.679885e-02;4.216836e-02;3.818291e-02;2.858987e-01;3.969736e-02;1.103422e-01;5.250000e-01;2.728094e-01;7.807440e-01;4.927224e-01;2.504703e-01;2.506212e-01;-2.000000e+01;4.434896e-01;1.835454e+00;1.644227e+00;1.026757e+01;1.416763e+01;1.801778e-01;7.022626e-04;1.817463e-03;1.860000e-01;1.359265e-01;1.373282e-02;6.509388e-01;2.421722e-03;2.422301e-03;-20;3.888250e-01;9.456971e-02;8.114190e-02;1.786850e-01;1.565310e-01;5.419249e-01;7.590485e-01;1.276163e+00;1.452632e-01;9.681492e-02;5.745022e+00;4.570054e-01;1.491917e+00;1.494040e+00;-1.999921e+01;4.807244e-01;5.399314e+01;4.880978e+01;5.330985e+01;3.524176e+01;5.647273e-01;1.003063e+00;1.586161e+00;1.112000e-01;6.195353e-02;7.078354e+00;5.464643e-01;1.504492e+00;1.501149e+00;1.999330e+01;4.614788e-01;6.527957e+01;4.203617e+01;6.578092e+01;4.360604e+01;6.539667e-01;9.615870e-01;1.363194e+00;1.092000e-01;6.686225e-02;5.358024e+00;5.422060e-01;1.554803e+00;1.551727e+00;1.999598e+01;5.049821e-01;7.771007e+01;4.905141e+01;6.638745e+01;3.289185e+01;5.451638e-01;1.466410e+00;2.307772e+00;1.558823e-01;8.907250e-02;5.521834e+00;3.215420e-01;2.563048e+00;2.566635e+00;-1.999928e+01;6.374183e-01;8.206833e+01;5.390976e+01;8.296488e+01;3.701213e+01;6.490917e-01;1.379786e+00;1.699343e+00;8.812500e-02;4.908140e-02;5.906912e+00;5.915416e-01;2.000025e+00;1.974373e+00;1.897833e+01;3.878504e-01;1.014684e+02;5.664984e+01;1.069071e+02;5.697075e+01;6.481669e-01;1.528040e+00;2.025953e+00;9.500000e-02;5.355238e-02;5.178081e+00;3.672237e-01;2.400877e+00;2.368923e+00;1.890944e+01;7.052934e-01;1.108297e+02;6.526880e+01;1.114187e+02;5.687923e+01;6.313937e-01;1.465041e+00;1.852759e+00;8.393939e-02;4.850094e-02;6.458515e+00;5.700122e-01;2.154082e+00;2.151449e+00;1.999966e+01;4.574113e-01;1.148298e+02;5.328045e+01;1.067121e+02;5.495432e+01;6.395926e-01;1.791290e+00;2.304433e+00;8.906250e-02;4.915994e-02;9.326977e+00;5.465761e-01;2.679889e+00;2.653203e+00;1.936929e+01;4.399633e-01;1.261241e+02;6.007894e+01;1.126623e+02;5.765984e+01;6.223080e-01;1.983639e+00;2.536047e+00;1.003571e-01;5.891775e-02;9.680492e+00;5.770217e-01;2.931823e+00;2.897561e+00;1.913798e+01;4.924696e-01;1.366304e+02;6.382599e+01;1.240459e+02;5.073748e+01;6.602474e-01;1.899485e+00;2.411649e+00;1.057692e-01;5.887632e-02;9.927053e+00;6.382946e-01;3.155257e+00;3.133793e+00;1.973199e+01;3.817920e-01;1.313163e+02;6.857678e+01;1.267412e+02;6.634650e+01;6.051663e-01;1.922965e+00;2.526176e+00;9.433333e-02;5.444365e-02;7.448643e+00;5.015854e-01;2.839136e+00;2.848300e+00;-1.997109e+01;4.143595e-01;1.312988e+02;6.053904e+01;1.274495e+02;6.073010e+01;6.816955e-01;1.705230e+00;2.197052e+00;9.133333e-02;4.681405e-02;6.689225e+00;5.761847e-01;2.547401e+00;2.574807e+00;-1.926415e+01;5.701640e-01;1.083172e+02;5.841748e+01;1.224352e+02;5.219099e+01;6.174069e-01;1.486471e+00;1.804394e+00;8.545455e-02;4.738041e-02;6.452366e+00;6.002467e-01;2.175975e+00;2.194978e+00;-1.952154e+01;4.068103e-01;1.090835e+02;5.130742e+01;9.800117e+01;4.737405e+01;6.714034e-01;1.513597e+00;1.748325e+00;8.085714e-02;4.618773e-02;5.974040e+00;5.931244e-01;1.991991e+00;1.984897e+00;1.995928e+01;4.464526e-01;1.152692e+02;4.509835e+01;9.927032e+01;4.873285e+01
